"MK1 1AA",10,52.0109170620988,-0.725813298903422,064,"Y52","Q38","00","MG","NB"
"MK1 1AD",10,52.0109170620988,-0.725813298903422,064,"Y52","Q38","00","MG","NB"
"MK1 1AH",10,52.0109381869932,-0.722782030540712,064,"Y52","Q38","00","MG","NB"
"MK1 1AS",10,52.0109170620988,-0.725813298903422,064,"Y52","Q38","00","MG","NB"
"MK1 1AX",10,52.0062694637453,-0.737585906432717,064,"Y52","Q38","00","MG","NB"
"MK1 1BA",10,52.0016967864338,-0.715484508749093,064,"Y52","Q38","00","MG","NB"
"MK1 1BB",10,52.0012704219893,-0.71596286872958,064,"Y52","Q38","00","MG","NB"
"MK1 1BE",10,52.0017017080614,-0.715935961390509,064,"Y52","Q38","00","MG","NB"
"MK1 1BG",10,52.0026595606296,-0.716374725201867,064,"Y52","Q38","00","MG","NB"
"MK1 1BH",10,52.0010171540474,-0.718300884332089,064,"Y52","Q38","00","MG","NB"
"MK1 1BJ",10,52.0007171272951,-0.719649635863484,064,"Y52","Q38","00","MG","NB"
"MK1 1BL",10,52.0018567923314,-0.720272662787611,064,"Y52","Q38","00","MG","NB"
"MK1 1BN",10,52.0028407051711,-0.724775219680812,064,"Y52","Q38","00","MG","NB"
"MK1 1BP",10,52.0004442261943,-0.717705427165219,064,"Y52","Q38","00","MG","NB"
"MK1 1BQ",10,52.0017282309376,-0.719198331166324,064,"Y52","Q38","00","MG","NB"
"MK1 1BU",10,52.0105940316155,-0.720067161005384,064,"Y52","Q38","00","MG","NB"
"MK1 1BW",10,52.0006092960792,-0.720483040916284,064,"Y52","Q38","00","MG","NB"
"MK1 1BX",10,52.002454989933,-0.724028656414447,064,"Y52","Q38","00","MG","NB"
"MK1 1BY",10,52.0006068963549,-0.714481433381098,064,"Y52","Q38","00","MG","NB"
"MK1 1BZ",10,52.0096970016835,-0.723575011011231,064,"Y52","Q38","00","MG","NB"
"MK1 1DB",10,52.0078048364101,-0.740747994105522,064,"Y52","Q38","00","MG","NB"
"MK1 1DD",10,52.0006014684531,-0.725567204765197,064,"Y52","Q38","00","MG","NB"
"MK1 1DF",10,52.0034061430174,-0.731343918978831,064,"Y52","Q38","00","MG","NB"
"MK1 1DG",10,52.0031914480066,-0.729776644912039,064,"Y52","Q38","00","MG","NB"
"MK1 1DH",10,52.0019380322392,-0.736964806240899,064,"Y52","Q38","00","MG","NB"
"MK1 1DL",10,52.0040733742035,-0.733189795478036,064,"Y52","Q38","00","MG","NB"
"MK1 1DN",10,52.0024641245828,-0.730700432711606,064,"Y52","Q38","00","MG","NB"
"MK1 1DQ",10,52.0031914480066,-0.729776644912039,064,"Y52","Q38","00","MG","NB"
"MK1 1DR",10,52.0037864600625,-0.734101122499767,064,"Y52","Q38","00","MG","NB"
"MK1 1DS",10,52.0010028730296,-0.731936278223211,064,"Y52","Q38","00","MG","NB"
"MK1 1DT",10,52.0045918873246,-0.732912925530463,064,"Y52","Q38","00","MG","NB"
"MK1 1DX",10,52.0022639780686,-0.731317936771491,064,"Y52","Q38","00","MG","NB"
"MK1 1DY",10,52.0023913322594,-0.732290374673778,064,"Y52","Q38","00","MG","NB"
"MK1 1EA",10,52.0034061430174,-0.731343918978831,064,"Y52","Q38","00","MG","NB"
"MK1 1ED",10,52.0031428608418,-0.732779023926776,064,"Y52","Q38","00","MG","NB"
"MK1 1EP",10,52.0049162801445,-0.734651991862318,064,"Y52","Q38","00","MG","NB"
"MK1 1EQ",10,52.0068682739572,-0.739769005111695,064,"Y52","Q38","00","MG","NB"
"MK1 1ER",10,52.0090309041628,-0.725997994892866,064,"Y52","Q38","00","MG","NB"
"MK1 1EW",10,52.0036440583637,-0.735911588554425,064,"Y52","Q38","00","MG","NB"
"MK1 1EX",10,52.0056375212108,-0.738186436589168,064,"Y52","Q38","00","MG","NB"
"MK1 1HP",10,52.0037046976702,-0.718224125004897,064,"Y52","Q38","00","MG","NB"
"MK1 1HS",10,52.0004497690309,-0.723182505750884,064,"Y52","Q38","00","MG","NB"
"MK1 1HW",10,52.002632804338,-0.72052732241699,064,"Y52","Q38","00","MG","NB"
"MK1 1HX",10,52.0017827342934,-0.722561880126417,064,"Y52","Q38","00","MG","NB"
"MK1 1JA",10,52.006854808736,-0.719343382660149,064,"Y52","Q38","00","MG","NB"
"MK1 1JD",10,52.0078465446662,-0.719591896976016,064,"Y52","Q38","00","MG","NB"
"MK1 1JE",10,52.0086006499241,-0.717006096987362,064,"Y52","Q38","00","MG","NB"
"MK1 1JG",10,52.0086974717354,-0.720121265701898,064,"Y52","Q38","00","MG","NB"
"MK1 1JJ",10,52.0098883440516,-0.719664758030138,064,"Y52","Q38","00","MG","NB"
"MK1 1JN",10,52.0098586376187,-0.725216841640313,064,"Y52","Q38","00","MG","NB"
"MK1 1JP",10,52.0092980434805,-0.724926800252416,064,"Y52","Q38","00","MG","NB"
"MK1 1JQ",10,52.0046482430406,-0.719828843729461,064,"Y52","Q38","00","MG","NB"
"MK1 1JW",10,52.0097372114679,-0.725628255426063,064,"Y52","Q38","00","MG","NB"
"MK1 1LG",10,52.0119868455009,-0.725797485285692,064,"Y52","Q38","00","MG","NB"
"MK1 1LH",10,52.010157514975,-0.729579428287497,064,"Y52","Q38","00","MG","NB"
"MK1 1LJ",10,52.010365252954,-0.727999950267221,064,"Y52","Q38","00","MG","NB"
"MK1 1LS",10,52.0078070229803,-0.717611571232997,064,"Y52","Q38","00","MG","NB"
"MK1 1LZ",10,52.0073136026584,-0.727663952856407,064,"Y52","Q38","00","MG","NB"
"MK1 1NE",10,52.0095751055471,-0.740654598153306,064,"Y52","Q38","00","MG","NB"
"MK1 1NF",10,52.0095751055471,-0.740654598153306,064,"Y52","Q38","00","MG","NB"
"MK1 1NG",10,52.0099439843965,-0.741518454414654,064,"Y52","Q38","00","MG","NB"
"MK1 1NL",10,52.0078585552491,-0.737366362350696,064,"Y52","Q38","00","MG","NB"
"MK1 1NN",10,52.0080241537647,-0.738556405825314,064,"Y52","Q38","00","MG","NB"
"MK1 1NQ",10,52.0099439843965,-0.741518454414654,064,"Y52","Q38","00","MG","NB"
"MK1 1NW",10,52.0091583642618,-0.740360327278257,064,"Y52","Q38","00","MG","NB"
"MK1 1PA",10,52.0074042708906,-0.721090594643669,064,"Y52","Q38","00","MG","NB"
"MK1 1PB",10,52.0050319612104,-0.735377159227713,064,"Y52","Q38","00","MG","NB"
"MK1 1PT",10,52.0083824751408,-0.725899849514343,064,"Y52","Q38","00","MG","NB"
"MK1 1QA",10,52.0006014684531,-0.725567204765197,064,"Y52","Q38","00","MG","NB"
"MK1 1QB",10,52.0070895379809,-0.731064944998975,064,"Y52","Q38","00","MG","NB"
"MK1 1QT",10,52.0094954162518,-0.728214022071139,064,"Y52","Q38","00","MG","NB"
"MK1 1QU",10,52.0040534963469,-0.722191305254567,064,"Y52","Q38","00","MG","NB"
"MK1 1QY",10,52.0093823392733,-0.728566907645289,064,"Y52","Q38","00","MG","NB"
"MK1 1RB",10,52.0082375674653,-0.741697444171525,064,"Y52","Q38","00","MG","NB"
"MK1 1RD",10,52.0024692723221,-0.720371739316067,064,"Y52","Q38","00","MG","NB"
"MK1 1RE",10,52.0098883440516,-0.719664758030138,064,"Y52","Q38","00","MG","NB"
"MK1 1RH",10,52.0021607558676,-0.730082603651867,064,"Y52","Q38","00","MG","NB"
"MK1 1SF",10,52.0097097137963,-0.720602343857142,064,"Y52","Q38","00","MG","NB"
"MK1 1ST",10,52.0093381478009,-0.734483576462995,064,"Y52","Q38","00","MG","NB"
"MK1 1SU",10,52.0010939043736,-0.735386158774943,064,"Y52","Q38","00","MG","NB"
"MK1 1SW",10,52.0091150221338,-0.719657686440653,064,"Y52","Q38","00","MG","NB"
"MK1 1TE",10,52.0032354994491,-0.7372196492985,064,"Y52","Q38","00","MG","NB"
"MK1 1TG",10,52.0032354994491,-0.7372196492985,064,"Y52","Q38","00","MG","NB"
"MK1 1TJ",10,52.0086974717354,-0.720121265701898,064,"Y52","Q38","00","MG","NB"
"MK1 1UA",10,52.0126980358913,-0.725879282547214,064,"Y52","Q38","00","MG","NB"
"MK1 1WU",10,52.0109170620988,-0.725813298903422,064,"Y52","Q38","00","MG","NB"
"MK1 1WY",10,52.0109170620988,-0.725813298903422,064,"Y52","Q38","00","MG","NB"
"MK1 1WZ",10,52.0109170620988,-0.725813298903422,064,"Y52","Q38","00","MG","NB"
"MK1 1XL",10,52.009579678437,-0.723534638631688,064,"Y52","Q38","00","MG","NB"
"MK1 1XT",10,52.0038296910974,-0.73561499551793,064,"Y52","Q38","00","MG","NB"
"MK1 1YL",10,52.0109170620988,-0.725813298903422,064,"Y52","Q38","00","MG","NB"
"MK1 1YY",10,52.0035813434757,-0.727580389891296,064,"Y52","Q38","00","MG","NB"
"MK1 1ZQ",10,52.0109170620988,-0.725813298903422,064,"Y52","Q38","00","MG","NB"
"MK1 1ZR",10,52.0125963166915,-0.726450442793871,064,"Y52","Q38","00","MG","NB"
"MK1 1ZU",10,52.0109170620988,-0.725813298903422,064,"Y52","Q38","00","MG","NB"
"MK1 9AA",90,49.7668057243776,-7.55715980363992,064,"","","","",""
"MK1 9AE",90,49.7668057243776,-7.55715980363992,064,"","","","",""
"MK1 9AG",90,49.7668057243776,-7.55715980363992,064,"","","","",""
"MK1 9AJ",90,49.7668057243776,-7.55715980363992,064,"","","","",""
"MK1 9AL",90,49.7668057243776,-7.55715980363992,064,"","","","",""
"MK1 9AN",90,49.7668057243776,-7.55715980363992,064,"","","","",""
"MK1 9AP",90,49.7668057243776,-7.55715980363992,064,"","","","",""
"MK1 9AQ",90,49.7668057243776,-7.55715980363992,064,"","","","",""
"MK1 9AR",90,49.7668057243776,-7.55715980363992,064,"","","","",""
"MK1 9AT",90,49.7668057243776,-7.55715980363992,064,"","","","",""
"MK1 9AW",90,49.7668057243776,-7.55715980363992,064,"","","","",""
"MK1 9AX",90,49.7668057243776,-7.55715980363992,064,"","","","",""
"MK1 9AY",90,49.7668057243776,-7.55715980363992,064,"","","","",""
"MK1 9AZ",90,49.7668057243776,-7.55715980363992,064,"","","","",""
"MK1 9BA",90,49.7668057243776,-7.55715980363992,064,"","","","",""
"MK1 9BB",90,49.7668057243776,-7.55715980363992,064,"","","","",""
"MK1 9BD",90,49.7668057243776,-7.55715980363992,064,"","","","",""
"MK1 9BE",90,49.7668057243776,-7.55715980363992,064,"","","","",""
"MK1 9BG",90,49.7668057243776,-7.55715980363992,064,"","","","",""
"MK1 9BH",90,49.7668057243776,-7.55715980363992,064,"","","","",""
"MK1 9BJ",90,49.7668057243776,-7.55715980363992,064,"","","","",""
"MK1 9BP",90,49.7668057243776,-7.55715980363992,064,"","","","",""
"MK1 9BQ",90,49.7668057243776,-7.55715980363992,064,"","","","",""
"MK1 9BR",90,49.7668057243776,-7.55715980363992,064,"","","","",""
"MK1 9BS",90,49.7668057243776,-7.55715980363992,064,"","","","",""
"MK1 9BT",90,49.7668057243776,-7.55715980363992,064,"","","","",""
"MK1 9BW",90,49.7668057243776,-7.55715980363992,064,"","","","",""
"MK1 9BY",90,49.7668057243776,-7.55715980363992,064,"","","","",""
"MK1 9BZ",90,49.7668057243776,-7.55715980363992,064,"","","","",""
"MK1 9DA",90,49.7668057243776,-7.55715980363992,064,"","","","",""
"MK1 9DB",90,49.7668057243776,-7.55715980363992,064,"","","","",""
"MK1 9DD",90,49.7668057243776,-7.55715980363992,064,"","","","",""
"MK1 9DF",90,49.7668057243776,-7.55715980363992,064,"","","","",""
"MK1 9DG",90,49.7668057243776,-7.55715980363992,064,"","","","",""
"MK1 9DH",90,49.7668057243776,-7.55715980363992,064,"","","","",""
"MK1 9DL",90,49.7668057243776,-7.55715980363992,064,"","","","",""
"MK1 9DN",90,49.7668057243776,-7.55715980363992,064,"","","","",""
"MK1 9DP",90,49.7668057243776,-7.55715980363992,064,"","","","",""
"MK1 9DQ",90,49.7668057243776,-7.55715980363992,064,"","","","",""
"MK1 9DR",90,49.7668057243776,-7.55715980363992,064,"","","","",""
"MK100AA",10,52.0317371779837,-0.686999913079007,064,"Y52","Q38","00","MG","NX"
"MK100AB",10,52.0349696464666,-0.684995458871965,064,"Y52","Q38","00","MG","NP"
"MK100AE",10,52.0364134952428,-0.678232242017811,064,"Y52","Q38","00","MG","NP"
"MK100AF",10,52.0380545744783,-0.685079899777892,064,"Y52","Q38","00","MG","NP"
"MK100AG",10,52.0386392011572,-0.686710240072683,064,"Y52","Q38","00","MG","NP"
"MK100AH",10,52.0365002584141,-0.687603909940169,064,"Y52","Q38","00","MG","NP"
"MK100AJ",10,52.0401006307574,-0.679902265415061,064,"Y52","Q38","00","MG","NP"
"MK100AL",10,52.0345125167001,-0.681903703937754,064,"Y52","Q38","00","MG","NP"
"MK100AN",10,52.0383652986807,-0.683919003319724,064,"Y52","Q38","00","MG","NP"
"MK100AQ",10,52.0381129531255,-0.687090145705555,064,"Y52","Q38","00","MG","NP"
"MK100AT",10,52.0381127318688,-0.681433339832898,064,"Y52","Q38","00","MG","NP"
"MK100AU",10,52.0386142385482,-0.686084049891449,064,"Y52","Q38","00","MG","NP"
"MK100AW",10,52.0402801564779,-0.683090024038919,064,"Y52","Q38","00","MG","NP"
"MK100AX",10,52.0356697504344,-0.680061924046727,064,"Y52","Q38","00","MG","NP"
"MK100BA",10,52.0355059674268,-0.687939172447314,064,"Y52","Q38","00","MG","NP"
"MK100BB",10,52.0325113552975,-0.690315504377146,064,"Y52","Q38","00","MG","NX"
"MK100BD",10,52.0401571184495,-0.682539596497443,064,"Y52","Q38","00","MG","NP"
"MK100BE",10,52.0404824982169,-0.685912633821595,064,"Y52","Q38","00","MG","NP"
"MK100BG",10,52.0324891234191,-0.683479269013794,064,"Y52","Q38","00","MG","NX"
"MK100BL",10,52.0400121884861,-0.681639894943432,064,"Y52","Q38","00","MG","NP"
"MK100BN",10,52.0392914327291,-0.691998170839153,064,"Y52","Q38","00","MG","NP"
"MK100BP",10,52.0314130015446,-0.690187243396139,064,"Y52","Q38","00","MG","NX"
"MK100BS",10,52.0303889836085,-0.69027546953929,064,"Y52","Q38","00","MG","NX"
"MK100BT",10,52.0339997393612,-0.679469664951691,064,"Y52","Q38","00","MG","NP"
"MK100BU",10,52.0339997393612,-0.679469664951691,064,"Y52","Q38","00","MG","NP"
"MK100BX",10,52.0393510612661,-0.686849757964464,064,"Y52","Q38","00","MG","NP"
"MK100BY",10,52.0384629782232,-0.67818637894643,064,"Y52","Q38","00","MG","NP"
"MK100BZ",10,52.0355628776997,-0.677747075261708,064,"Y52","Q38","00","MG","NP"
"MK100DA",10,52.0289239503758,-0.685478897208259,064,"Y52","Q38","00","MG","NX"
"MK100DB",10,52.039572261594,-0.689759253133654,064,"Y52","Q38","00","MG","NP"
"MK100DE",10,52.0286284891603,-0.689627235825176,064,"Y52","Q38","00","MG","NX"
"MK100DF",10,52.0324298695261,-0.681396417167879,064,"Y52","Q38","00","MG","NX"
"MK100DG",10,52.0317371779837,-0.686999913079007,064,"Y52","Q38","00","MG","NX"
"MK101AA",10,52.0303889836085,-0.69027546953929,064,"Y52","Q38","00","MG","NX"
"MK101AB",10,52.0303889836085,-0.69027546953929,064,"Y52","Q38","00","MG","NX"
"MK101AE",10,52.0303889836085,-0.69027546953929,064,"Y52","Q38","00","MG","NX"
"MK101AN",10,52.0303889836085,-0.69027546953929,064,"Y52","Q38","00","MG","NX"
"MK101AP",10,52.0303889836085,-0.69027546953929,064,"Y52","Q38","00","MG","NX"
"MK101AS",10,52.0303889836085,-0.69027546953929,064,"Y52","Q38","00","MG","NX"
"MK101AX",10,52.0303889836085,-0.69027546953929,064,"Y52","Q38","00","MG","NX"
"MK101AZ",10,52.0303889836085,-0.69027546953929,064,"Y52","Q38","00","MG","NX"
"MK101BA",10,52.0303889836085,-0.69027546953929,064,"Y52","Q38","00","MG","NX"
"MK101BE",10,52.0303889836085,-0.69027546953929,064,"Y52","Q38","00","MG","NX"
"MK101BF",10,52.0303889836085,-0.69027546953929,064,"Y52","Q38","00","MG","NX"
"MK101BP",10,52.0303889836085,-0.69027546953929,064,"Y52","Q38","00","MG","NX"
"MK101BQ",10,52.0303889836085,-0.69027546953929,064,"Y52","Q38","00","MG","NX"
"MK101BW",10,52.0303889836085,-0.69027546953929,064,"Y52","Q38","00","MG","NX"
"MK101BX",10,52.0303889836085,-0.69027546953929,064,"Y52","Q38","00","MG","NX"
"MK101BZ",10,52.0303889836085,-0.69027546953929,064,"Y52","Q38","00","MG","NX"
"MK101DB",10,52.0303889836085,-0.69027546953929,064,"Y52","Q38","00","MG","NX"
"MK101DJ",10,52.0303889836085,-0.69027546953929,064,"Y52","Q38","00","MG","NX"
"MK101DP",10,52.0303889836085,-0.69027546953929,064,"Y52","Q38","00","MG","NX"
"MK101DQ",10,52.0303889836085,-0.69027546953929,064,"Y52","Q38","00","MG","NX"
"MK101EA",10,52.0303889836085,-0.69027546953929,064,"Y52","Q38","00","MG","NX"
"MK101EB",10,52.0303889836085,-0.69027546953929,064,"Y52","Q38","00","MG","NX"
"MK101ED",10,52.0303889836085,-0.69027546953929,064,"Y52","Q38","00","MG","NX"
"MK101EE",10,52.0303889836085,-0.69027546953929,064,"Y52","Q38","00","MG","NX"
"MK101EH",10,52.0303889836085,-0.69027546953929,064,"Y52","Q38","00","MG","NX"
"MK101EQ",10,52.0303889836085,-0.69027546953929,064,"Y52","Q38","00","MG","NX"
"MK101ER",10,52.0303889836085,-0.69027546953929,064,"Y52","Q38","00","MG","NX"
"MK101ES",10,52.0303889836085,-0.69027546953929,064,"Y52","Q38","00","MG","NX"
"MK101EU",10,52.0303889836085,-0.69027546953929,064,"Y52","Q38","00","MG","NX"
"MK101EW",10,52.0303889836085,-0.69027546953929,064,"Y52","Q38","00","MG","NX"
"MK101EX",10,52.0303889836085,-0.69027546953929,064,"Y52","Q38","00","MG","NX"
"MK101FA",10,52.0303889836085,-0.69027546953929,064,"Y52","Q38","00","MG","NX"
"MK101FB",10,52.0303889836085,-0.69027546953929,064,"Y52","Q38","00","MG","NX"
"MK101FJ",10,52.0303889836085,-0.69027546953929,064,"Y52","Q38","00","MG","NX"
"MK101FL",10,52.0303889836085,-0.69027546953929,064,"Y52","Q38","00","MG","NX"
"MK101FQ",10,52.0303889836085,-0.69027546953929,064,"Y52","Q38","00","MG","NX"
"MK101FR",10,52.0303889836085,-0.69027546953929,064,"Y52","Q38","00","MG","NX"
"MK101FS",10,52.0303889836085,-0.69027546953929,064,"Y52","Q38","00","MG","NX"
"MK101FT",10,52.0303889836085,-0.69027546953929,064,"Y52","Q38","00","MG","NX"
"MK101FU",10,52.0303889836085,-0.69027546953929,064,"Y52","Q38","00","MG","NX"
"MK101GA",10,52.0303889836085,-0.69027546953929,064,"Y52","Q38","00","MG","NX"
"MK101GB",10,52.0303889836085,-0.69027546953929,064,"Y52","Q38","00","MG","NX"
"MK101GN",10,52.0303889836085,-0.69027546953929,064,"Y52","Q38","00","MG","NX"
"MK101GU",10,52.0303889836085,-0.69027546953929,064,"Y52","Q38","00","MG","NX"
"MK101GW",10,52.0303889836085,-0.69027546953929,064,"Y52","Q38","00","MG","NX"
"MK101GX",10,52.0303889836085,-0.69027546953929,064,"Y52","Q38","00","MG","NX"
"MK101GY",10,52.0303889836085,-0.69027546953929,064,"Y52","Q38","00","MG","NX"
"MK101GZ",10,52.0303889836085,-0.69027546953929,064,"Y52","Q38","00","MG","NX"
"MK101HF",10,52.0303889836085,-0.69027546953929,064,"Y52","Q38","00","MG","NX"
"MK101HN",10,52.0303889836085,-0.69027546953929,064,"Y52","Q38","00","MG","NX"
"MK101HP",10,52.0303889836085,-0.69027546953929,064,"Y52","Q38","00","MG","NX"
"MK101HQ",10,52.0303889836085,-0.69027546953929,064,"Y52","Q38","00","MG","NX"
"MK101HT",10,52.0303889836085,-0.69027546953929,064,"Y52","Q38","00","MG","NX"
"MK101HX",10,52.0303889836085,-0.69027546953929,064,"Y52","Q38","00","MG","NX"
"MK101HZ",10,52.0303889836085,-0.69027546953929,064,"Y52","Q38","00","MG","NX"
"MK101JA",10,52.0303889836085,-0.69027546953929,064,"Y52","Q38","00","MG","NX"
"MK101JD",10,52.0303889836085,-0.69027546953929,064,"Y52","Q38","00","MG","NX"
"MK101JE",10,52.0303889836085,-0.69027546953929,064,"Y52","Q38","00","MG","NX"
"MK101JF",10,52.0303889836085,-0.69027546953929,064,"Y52","Q38","00","MG","NX"
"MK101JG",10,52.0303889836085,-0.69027546953929,064,"Y52","Q38","00","MG","NX"
"MK101JH",10,52.0303889836085,-0.69027546953929,064,"Y52","Q38","00","MG","NX"
"MK101JL",10,52.0303889836085,-0.69027546953929,064,"Y52","Q38","00","MG","NX"
"MK101JN",10,52.0303889836085,-0.69027546953929,064,"Y52","Q38","00","MG","NX"
"MK101JP",10,52.0303889836085,-0.69027546953929,064,"Y52","Q38","00","MG","NX"
"MK101JQ",10,52.0303889836085,-0.69027546953929,064,"Y52","Q38","00","MG","NX"
"MK101JR",10,52.0303889836085,-0.69027546953929,064,"Y52","Q38","00","MG","NX"
"MK101JS",10,52.0303889836085,-0.69027546953929,064,"Y52","Q38","00","MG","NX"
"MK101JY",10,52.0303889836085,-0.69027546953929,064,"Y52","Q38","00","MG","NX"
"MK101JZ",10,52.0303889836085,-0.69027546953929,064,"Y52","Q38","00","MG","NX"
"MK101LA",10,52.0303889836085,-0.69027546953929,064,"Y52","Q38","00","MG","NX"
"MK101LB",10,52.0303889836085,-0.69027546953929,064,"Y52","Q38","00","MG","NX"
"MK101LD",10,52.0303889836085,-0.69027546953929,064,"Y52","Q38","00","MG","NX"
"MK101LE",10,52.0303889836085,-0.69027546953929,064,"Y52","Q38","00","MG","NX"
"MK101LF",10,52.0303889836085,-0.69027546953929,064,"Y52","Q38","00","MG","NX"
"MK101LG",10,52.0303889836085,-0.69027546953929,064,"Y52","Q38","00","MG","NX"
"MK101LH",10,52.0303889836085,-0.69027546953929,064,"Y52","Q38","00","MG","NX"
"MK101LJ",10,52.0364945472513,-0.679848109043926,064,"Y52","Q38","00","MG","NP"
"MK101LL",10,52.0303889836085,-0.69027546953929,064,"Y52","Q38","00","MG","NX"
"MK101LN",10,52.0303889836085,-0.69027546953929,064,"Y52","Q38","00","MG","NX"
"MK101LS",10,52.0303889836085,-0.69027546953929,064,"Y52","Q38","00","MG","NX"
"MK101LU",10,52.0303889836085,-0.69027546953929,064,"Y52","Q38","00","MG","NX"
"MK101LX",10,52.0303889836085,-0.69027546953929,064,"Y52","Q38","00","MG","NX"
"MK101LZ",10,52.0303889836085,-0.69027546953929,064,"Y52","Q38","00","MG","NX"
"MK101NA",10,52.0303889836085,-0.69027546953929,064,"Y52","Q38","00","MG","NX"
"MK101ND",10,52.0303889836085,-0.69027546953929,064,"Y52","Q38","00","MG","NX"
"MK101NE",10,52.0303889836085,-0.69027546953929,064,"Y52","Q38","00","MG","NX"
"MK101NF",10,52.0303889836085,-0.69027546953929,064,"Y52","Q38","00","MG","NX"
"MK101NG",10,52.0303889836085,-0.69027546953929,064,"Y52","Q38","00","MG","NX"
"MK101NH",10,52.0303889836085,-0.69027546953929,064,"Y52","Q38","00","MG","NX"
"MK101NJ",10,52.0303889836085,-0.69027546953929,064,"Y52","Q38","00","MG","NX"
"MK101NL",10,52.0303889836085,-0.69027546953929,064,"Y52","Q38","00","MG","NX"
"MK101NN",10,52.0303889836085,-0.69027546953929,064,"Y52","Q38","00","MG","NX"
"MK101NP",10,52.0303889836085,-0.69027546953929,064,"Y52","Q38","00","MG","NX"
"MK101NQ",10,52.0303889836085,-0.69027546953929,064,"Y52","Q38","00","MG","NX"
"MK101NS",10,52.0303889836085,-0.69027546953929,064,"Y52","Q38","00","MG","NX"
"MK101NW",10,52.0303889836085,-0.69027546953929,064,"Y52","Q38","00","MG","NX"
"MK101NX",10,52.0303889836085,-0.69027546953929,064,"Y52","Q38","00","MG","NX"
"MK101NY",10,52.0303889836085,-0.69027546953929,064,"Y52","Q38","00","MG","NX"
"MK101NZ",10,52.0303889836085,-0.69027546953929,064,"Y52","Q38","00","MG","NX"
"MK101PA",10,52.0303889836085,-0.69027546953929,064,"Y52","Q38","00","MG","NX"
"MK101PB",10,52.0303889836085,-0.69027546953929,064,"Y52","Q38","00","MG","NX"
"MK101PD",10,52.0303889836085,-0.69027546953929,064,"Y52","Q38","00","MG","NX"
"MK101PE",10,52.0303889836085,-0.69027546953929,064,"Y52","Q38","00","MG","NX"
"MK101PF",10,52.0303889836085,-0.69027546953929,064,"Y52","Q38","00","MG","NX"
"MK101PG",10,52.0303889836085,-0.69027546953929,064,"Y52","Q38","00","MG","NX"
"MK101PH",10,52.0303889836085,-0.69027546953929,064,"Y52","Q38","00","MG","NX"
"MK101PJ",10,52.0303889836085,-0.69027546953929,064,"Y52","Q38","00","MG","NX"
"MK101PL",10,52.0303889836085,-0.69027546953929,064,"Y52","Q38","00","MG","NX"
"MK101PN",10,52.0303889836085,-0.69027546953929,064,"Y52","Q38","00","MG","NX"
"MK101PP",10,52.0303889836085,-0.69027546953929,064,"Y52","Q38","00","MG","NX"
"MK101PQ",10,52.0303889836085,-0.69027546953929,064,"Y52","Q38","00","MG","NX"
"MK101PR",10,52.0303889836085,-0.69027546953929,064,"Y52","Q38","00","MG","NX"
"MK101PS",10,52.0303889836085,-0.69027546953929,064,"Y52","Q38","00","MG","NX"
"MK101PT",10,52.0303889836085,-0.69027546953929,064,"Y52","Q38","00","MG","NX"
"MK101PU",10,52.0303889836085,-0.69027546953929,064,"Y52","Q38","00","MG","NX"
"MK101PW",10,52.0303889836085,-0.69027546953929,064,"Y52","Q38","00","MG","NX"
"MK101PX",10,52.0303889836085,-0.69027546953929,064,"Y52","Q38","00","MG","NX"
"MK101PY",10,52.0303889836085,-0.69027546953929,064,"Y52","Q38","00","MG","NX"
"MK101QB",10,52.0303889836085,-0.69027546953929,064,"Y52","Q38","00","MG","NX"
"MK101QD",50,52.0303889836085,-0.69027546953929,064,"Y52","Q38","00","MG","NX"
"MK101QE",50,52.0303889836085,-0.69027546953929,064,"Y52","Q38","00","MG","NX"
"MK101QF",50,52.0303889836085,-0.69027546953929,064,"Y52","Q38","00","MG","NX"
"MK101QG",50,52.0303889836085,-0.69027546953929,064,"Y52","Q38","00","MG","NX"
"MK101QH",50,52.0303889836085,-0.69027546953929,064,"Y52","Q38","00","MG","NX"
"MK101QJ",50,52.0303889836085,-0.69027546953929,064,"Y52","Q38","00","MG","NX"
"MK101QL",50,52.0303889836085,-0.69027546953929,064,"Y52","Q38","00","MG","NX"
"MK101QN",50,52.0303889836085,-0.69027546953929,064,"Y52","Q38","00","MG","NX"
"MK101QP",50,52.0303889836085,-0.69027546953929,064,"Y52","Q38","00","MG","NX"
"MK101QQ",50,52.0303889836085,-0.69027546953929,064,"Y52","Q38","00","MG","NX"
"MK101QR",50,52.0303889836085,-0.69027546953929,064,"Y52","Q38","00","MG","NX"
"MK101QS",50,52.0303889836085,-0.69027546953929,064,"Y52","Q38","00","MG","NX"
"MK101QT",50,52.0303889836085,-0.69027546953929,064,"Y52","Q38","00","MG","NX"
"MK101QU",50,52.0303889836085,-0.69027546953929,064,"Y52","Q38","00","MG","NX"
"MK101SA",10,52.0435512879967,-0.760871712162347,064,"Y52","Q38","00","MG","ND"
"MK101SB",10,52.0435512879967,-0.760871712162347,064,"Y52","Q38","00","MG","ND"
"MK101SD",10,52.0435512879967,-0.760871712162347,064,"Y52","Q38","00","MG","ND"
"MK101SE",10,52.0435512879967,-0.760871712162347,064,"Y52","Q38","00","MG","ND"
"MK101SF",10,52.0435512879967,-0.760871712162347,064,"Y52","Q38","00","MG","ND"
"MK101SG",10,52.0435512879967,-0.760871712162347,064,"Y52","Q38","00","MG","ND"
"MK101SH",10,52.0435512879967,-0.760871712162347,064,"Y52","Q38","00","MG","ND"
"MK101SJ",10,52.0435512879967,-0.760871712162347,064,"Y52","Q38","00","MG","ND"
"MK101SL",10,52.0435512879967,-0.760871712162347,064,"Y52","Q38","00","MG","ND"
"MK101SN",10,52.0435512879967,-0.760871712162347,064,"Y52","Q38","00","MG","ND"
"MK101SP",10,52.0435512879967,-0.760871712162347,064,"Y52","Q38","00","MG","ND"
"MK101SQ",10,52.0435512879967,-0.760871712162347,064,"Y52","Q38","00","MG","ND"
"MK101SR",10,52.0435512879967,-0.760871712162347,064,"Y52","Q38","00","MG","ND"
"MK101SS",10,52.0435512879967,-0.760871712162347,064,"Y52","Q38","00","MG","ND"
"MK101ST",10,52.0435512879967,-0.760871712162347,064,"Y52","Q38","00","MG","ND"
"MK101SU",10,52.0435512879967,-0.760871712162347,064,"Y52","Q38","00","MG","ND"
"MK101SW",10,52.0435512879967,-0.760871712162347,064,"Y52","Q38","00","MG","ND"
"MK101SX",10,52.0435512879967,-0.760871712162347,064,"Y52","Q38","00","MG","ND"
"MK101SY",10,52.0435512879967,-0.760871712162347,064,"Y52","Q38","00","MG","ND"
"MK101SZ",10,52.0435512879967,-0.760871712162347,064,"Y52","Q38","00","MG","ND"
"MK101TA",10,52.0435512879967,-0.760871712162347,064,"Y52","Q38","00","MG","ND"
"MK101TB",10,52.0435512879967,-0.760871712162347,064,"Y52","Q38","00","MG","ND"
"MK101TD",10,52.0435512879967,-0.760871712162347,064,"Y52","Q38","00","MG","ND"
"MK101TE",10,52.0435512879967,-0.760871712162347,064,"Y52","Q38","00","MG","ND"
"MK101TF",10,52.0435512879967,-0.760871712162347,064,"Y52","Q38","00","MG","ND"
"MK107AB",10,52.0536234910148,-0.697690589864633,064,"Y52","Q38","00","MG","NP"
"MK107AD",10,52.0531599658576,-0.698054089043538,064,"Y52","Q38","00","MG","NP"
"MK107AE",10,52.0512009685159,-0.697338090218962,064,"Y52","Q38","00","MG","NP"
"MK107AG",10,52.0476945783665,-0.692481985808958,064,"Y52","Q38","00","MG","NP"
"MK107AJ",10,52.0465077326155,-0.690052240108886,064,"Y52","Q38","00","MG","NP"
"MK107AL",10,52.045389421115,-0.682487827862945,064,"Y52","Q38","00","MG","NP"
"MK107AN",10,52.0449195876296,-0.68228291837114,064,"Y52","Q38","00","MG","NP"
"MK107AP",10,52.0458211828712,-0.682504295857481,064,"Y52","Q38","00","MG","NP"
"MK107AQ",10,52.0464102400885,-0.684528470778447,064,"Y52","Q38","00","MG","NP"
"MK107AR",10,52.0460015375777,-0.68416133859777,064,"Y52","Q38","00","MG","NP"
"MK107AS",10,52.0473810498346,-0.691776597091485,064,"Y52","Q38","00","MG","NP"
"MK107AT",10,52.0473497887526,-0.692200399753737,064,"Y52","Q38","00","MG","NP"
"MK107AU",10,52.0459089199996,-0.683114158015477,064,"Y52","Q38","00","MG","NP"
"MK107AX",10,52.0459817324811,-0.684803527102033,064,"Y52","Q38","00","MG","NP"
"MK107AY",10,52.045852926559,-0.685346839439866,064,"Y52","Q38","00","MG","NP"
"MK107AZ",10,52.0456479368109,-0.686315257030965,064,"Y52","Q38","00","MG","NP"
"MK107BA",50,52.0467849834874,-0.689110871512576,064,"Y52","Q38","00","MG","NP"
"MK107BB",10,52.0467413392759,-0.689228806173286,064,"Y52","Q38","00","MG","NP"
"MK107BD",10,52.0466526603627,-0.688531455535388,064,"Y52","Q38","00","MG","NP"
"MK107BE",10,52.0474909374637,-0.691146342857557,064,"Y52","Q38","00","MG","NP"
"MK107BF",10,52.0460809796088,-0.688868992812969,064,"Y52","Q38","00","MG","NP"
"MK107BG",10,52.0449244116096,-0.689165305125334,064,"Y52","Q38","00","MG","NP"
"MK107BN",10,52.0451317903919,-0.689217565028459,064,"Y52","Q38","00","MG","NP"
"MK107BP",10,52.044342854678,-0.690232181376024,064,"Y52","Q38","00","MG","NP"
"MK107BQ",10,52.0449031205163,-0.689676284560997,064,"Y52","Q38","00","MG","NP"
"MK107BR",10,52.0455237728976,-0.688083297803477,064,"Y52","Q38","00","MG","NP"
"MK107BS",50,52.0455237728976,-0.688083297803477,064,"Y52","Q38","00","MG","NP"
"MK107BU",10,52.0453264163428,-0.687316243194577,064,"Y52","Q38","00","MG","NP"
"MK107BW",10,52.0452190999121,-0.686561137604061,064,"Y52","Q38","00","MG","NP"
"MK107BX",10,52.0452042515072,-0.688457196070415,064,"Y52","Q38","00","MG","NP"
"MK107BY",10,52.0455642275888,-0.686871821061976,064,"Y52","Q38","00","MG","NP"
"MK107DE",50,52.0466798460765,-0.685322576168635,064,"Y52","Q38","00","MG","NP"
"MK107DG",50,52.0442453557237,-0.689549705428764,064,"Y52","Q38","00","MG","NP"
"MK107DH",10,52.046206404715,-0.692875383130052,064,"Y52","Q38","00","MG","NP"
"MK107DJ",10,52.0458333573675,-0.692477972427517,064,"Y52","Q38","00","MG","NP"
"MK107DL",50,52.0466798460765,-0.685322576168635,064,"Y52","Q38","00","MG","NP"
"MK107DN",50,52.0466798460765,-0.685322576168635,064,"Y52","Q38","00","MG","NP"
"MK107DP",10,52.0435920687065,-0.683371803476761,064,"Y52","Q38","00","MG","NP"
"MK107DQ",10,52.0434018496689,-0.683246162379174,064,"Y52","Q38","00","MG","NP"
"MK107DR",10,52.0437444087651,-0.682521614890064,064,"Y52","Q38","00","MG","NP"
"MK107DS",10,52.0437859275071,-0.682214187645187,064,"Y52","Q38","00","MG","NP"
"MK107DT",30,52.0456751557306,-0.684725034820666,064,"Y52","Q38","00","MG","NP"
"MK107DU",10,52.0441825513519,-0.682304593018503,064,"Y52","Q38","00","MG","NP"
"MK107DW",30,52.0444840765383,-0.681931188671038,064,"Y52","Q38","00","MG","NP"
"MK107DX",10,52.0431609872727,-0.682611673591463,064,"Y52","Q38","00","MG","NP"
"MK107DY",10,52.0466996112675,-0.685482400484359,064,"Y52","Q38","00","MG","NP"
"MK107DZ",10,52.0471244980551,-0.685688669785592,064,"Y52","Q38","00","MG","NP"
"MK107EA",10,52.0468954429833,-0.68449964278965,064,"Y52","Q38","00","MG","NP"
"MK107ED",50,52.0468954429833,-0.68449964278965,064,"Y52","Q38","00","MG","NP"
"MK107EF",50,52.0468954429833,-0.68449964278965,064,"Y52","Q38","00","MG","NP"
"MK109AA",10,52.0515591266023,-0.695577622421456,064,"Y52","Q38","00","MG","NP"
"MK109AB",10,52.0486261955319,-0.70601681474243,064,"Y52","Q38","00","MG","NP"
"MK109AD",10,52.043408027516,-0.69999969512653,064,"Y52","Q38","00","MG","NP"
"MK109AE",10,52.0457524607176,-0.70714970257668,064,"Y52","Q38","00","MG","NP"
"MK109AF",10,52.0447106444487,-0.706436104312936,064,"Y52","Q38","00","MG","NP"
"MK109AG",10,52.0413525951223,-0.704404294121105,064,"Y52","Q38","00","MG","NP"
"MK109AH",10,52.0422710197394,-0.703707027043857,064,"Y52","Q38","00","MG","NP"
"MK109AJ",10,52.0420337925138,-0.700943563170861,064,"Y52","Q38","00","MG","NP"
"MK109AL",10,52.0446474313606,-0.70559220163841,064,"Y52","Q38","00","MG","NP"
"MK109AN",10,52.0453045400738,-0.705660709260952,064,"Y52","Q38","00","MG","NP"
"MK109AP",10,52.0474301675271,-0.708457455967531,064,"Y52","Q38","00","MG","NP"
"MK109AQ",10,52.0410158691567,-0.703218441923952,064,"Y52","Q38","00","MG","NP"
"MK109AR",10,52.040566135502,-0.70238580488567,064,"Y52","Q38","00","MG","NP"
"MK109AS",10,52.0415233911727,-0.702766340677707,064,"Y52","Q38","00","MG","NP"
"MK109AT",10,52.0422636446605,-0.702220005109939,064,"Y52","Q38","00","MG","NP"
"MK109AU",10,52.039413034616,-0.699736506276026,064,"Y52","Q38","00","MG","NP"
"MK109AW",10,52.0422733908977,-0.705558712284372,064,"Y52","Q38","00","MG","NP"
"MK109AX",10,52.0399587810679,-0.701936830894311,064,"Y52","Q38","00","MG","NP"
"MK109AY",10,52.0448948170868,-0.708472209777485,064,"Y52","Q38","00","MG","NP"
"MK109AZ",10,52.0434719232102,-0.700901871786836,064,"Y52","Q38","00","MG","NP"
"MK109BA",10,52.0350964060708,-0.7037395849803,064,"Y52","Q38","00","MG","NP"
"MK109BB",10,52.0401561976757,-0.701085469668429,064,"Y52","Q38","00","MG","NP"
"MK109BD",10,52.0407667491646,-0.700192958112515,064,"Y52","Q38","00","MG","NP"
"MK109BE",10,52.0398619207639,-0.698046786959601,064,"Y52","Q38","00","MG","NP"
"MK109BF",10,52.040493611724,-0.696628738967927,064,"Y52","Q38","00","MG","NP"
"MK109BG",10,52.0420323142823,-0.699179345346222,064,"Y52","Q38","00","MG","NP"
"MK109BH",10,52.0417224297437,-0.696359710237949,064,"Y52","Q38","00","MG","NP"
"MK109BJ",10,52.0413984386163,-0.69795840593321,064,"Y52","Q38","00","MG","NP"
"MK109BL",10,52.0427379853505,-0.697132115614929,064,"Y52","Q38","00","MG","NP"
"MK109BN",10,52.0424903963672,-0.699136886256842,064,"Y52","Q38","00","MG","NP"
"MK109BP",10,52.0402012722691,-0.699465775419971,064,"Y52","Q38","00","MG","NP"
"MK109BQ",10,52.0437878785388,-0.697757745336377,064,"Y52","Q38","00","MG","NP"
"MK109BR",50,52.0434390211603,-0.703629495391159,064,"Y52","Q38","00","MG","NP"
"MK109BS",10,52.0466767850171,-0.707808393252953,064,"Y52","Q38","00","MG","NP"
"MK109BT",10,52.0462860924436,-0.708257122037808,064,"Y52","Q38","00","MG","NP"
"MK109BU",10,52.0342533635948,-0.706388027480716,064,"Y52","Q38","00","MG","NP"
"MK109BW",10,52.0354064814046,-0.704955212173145,064,"Y52","Q38","00","MG","NP"
"MK109BX",10,52.0350614003704,-0.704644457637942,064,"Y52","Q38","00","MG","NP"
"MK109BY",10,52.0400391941751,-0.702707242557035,064,"Y52","Q38","00","MG","NP"
"MK109BZ",10,52.0429288437512,-0.707114521112064,064,"Y52","Q38","00","MG","NP"
"MK109DA",10,52.0374549190244,-0.696658790174472,064,"Y52","Q38","00","MG","NP"
"MK109DB",10,52.0375354024333,-0.694994419904821,064,"Y52","Q38","00","MG","NP"
"MK109DD",10,52.0382802313748,-0.696488995317479,064,"Y52","Q38","00","MG","NP"
"MK109DE",10,52.0386587788734,-0.694947130055311,064,"Y52","Q38","00","MG","NP"
"MK109DF",10,52.0390028016801,-0.695972270108127,064,"Y52","Q38","00","MG","NP"
"MK109DG",10,52.0368689733808,-0.698148306952579,064,"Y52","Q38","00","MG","NP"
"MK109DH",10,52.0374589815872,-0.697839585797104,064,"Y52","Q38","00","MG","NP"
"MK109DJ",10,52.0383323243561,-0.698761876910789,064,"Y52","Q38","00","MG","NP"
"MK109DL",10,52.0385715996153,-0.697632305031085,064,"Y52","Q38","00","MG","NP"
"MK109DN",10,52.038028466022,-0.698114627467936,064,"Y52","Q38","00","MG","NP"
"MK109DP",10,52.0378087205446,-0.697756528156683,064,"Y52","Q38","00","MG","NP"
"MK109DQ",10,52.0363466534793,-0.697259591082972,064,"Y52","Q38","00","MG","NP"
"MK109DR",10,52.0345066971905,-0.699995459037059,064,"Y52","Q38","00","MG","NP"
"MK109DS",10,52.0344321731993,-0.698131611449066,064,"Y52","Q38","00","MG","NP"
"MK109DT",10,52.0342893506301,-0.699039604746642,064,"Y52","Q38","00","MG","NP"
"MK109DU",10,52.0341319042568,-0.699437782931384,064,"Y52","Q38","00","MG","NP"
"MK109DW",10,52.034160331968,-0.700384534960775,064,"Y52","Q38","00","MG","NP"
"MK109DX",10,52.0342651551143,-0.701737262614954,064,"Y52","Q38","00","MG","NP"
"MK109DZ",10,52.0345614934642,-0.707428767317171,064,"Y52","Q38","00","MG","NP"
"MK109EA",10,52.0356448988338,-0.693970646316725,064,"Y52","Q38","00","MG","NP"
"MK109EB",10,52.036466923907,-0.69512758171587,064,"Y52","Q38","00","MG","NP"
"MK109ED",10,52.0355714026835,-0.697078023322484,064,"Y52","Q38","00","MG","NP"
"MK109EE",10,52.0356532265962,-0.696346715066631,064,"Y52","Q38","00","MG","NP"
"MK109EF",10,52.0358770842466,-0.69545090536018,064,"Y52","Q38","00","MG","NP"
"MK109EG",10,52.0365669704972,-0.696043139414406,064,"Y52","Q38","00","MG","NP"
"MK109EH",10,52.0360211024111,-0.696277700531331,064,"Y52","Q38","00","MG","NP"
"MK109EJ",10,52.0363082446135,-0.696225612035664,064,"Y52","Q38","00","MG","NP"
"MK109EN",10,52.0426488784446,-0.712750808099795,064,"Y52","Q38","00","MG","NP"
"MK109EP",10,52.0360791863709,-0.693403999949749,064,"Y52","Q38","00","MG","NP"
"MK109EQ",10,52.0367599328677,-0.693981892574941,064,"Y52","Q38","00","MG","NP"
"MK109ER",10,52.0354780383963,-0.692707174977155,064,"Y52","Q38","00","MG","NP"
"MK109ES",10,52.03527518728,-0.69306297471463,064,"Y52","Q38","00","MG","NP"
"MK109ET",10,52.0341614928002,-0.707848488328913,064,"Y52","Q38","00","MG","NP"
"MK109EU",10,52.0339957067773,-0.707488816301077,064,"Y52","Q38","00","MG","NP"
"MK109EW",10,52.0336931755529,-0.706958155597835,064,"Y52","Q38","00","MG","NP"
"MK109EX",10,52.0333223794128,-0.707581119922942,064,"Y52","Q38","00","MG","NP"
"MK109EY",10,52.0328171471029,-0.706604405558882,064,"Y52","Q38","00","MG","NP"
"MK109EZ",10,52.0348891283312,-0.697987134556701,064,"Y52","Q38","00","MG","NP"
"MK109FA",10,52.0352584229602,-0.697232905687403,064,"Y52","Q38","00","MG","NP"
"MK109FB",10,52.0353671193771,-0.698119035026923,064,"Y52","Q38","00","MG","NP"
"MK109FD",10,52.034927884965,-0.702315780082089,064,"Y52","Q38","00","MG","NP"
"MK109FE",10,52.035258045728,-0.702087544718506,064,"Y52","Q38","00","MG","NP"
"MK109FF",10,52.0353981666195,-0.701748181724673,064,"Y52","Q38","00","MG","NP"
"MK109FG",10,52.0332483178435,-0.704930095701996,064,"Y52","Q38","00","MG","NP"
"MK109FH",10,52.0338147600741,-0.704111941334719,064,"Y52","Q38","00","MG","NP"
"MK109FJ",10,52.0350302708135,-0.700184371527389,064,"Y52","Q38","00","MG","NP"
"MK109FL",10,52.0347787584287,-0.700206243232029,064,"Y52","Q38","00","MG","NP"
"MK109FN",10,52.0373579123944,-0.704986302498009,064,"Y52","Q38","00","MG","NP"
"MK109FP",10,52.0465181488794,-0.708921209128942,064,"Y52","Q38","00","MG","NP"
"MK109FQ",10,52.0454927376022,-0.71052558800076,064,"Y52","Q38","00","MG","NP"
"MK109FR",10,52.0459574198549,-0.710264322187177,064,"Y52","Q38","00","MG","NP"
"MK109FS",10,52.0468077473821,-0.710735640160588,064,"Y52","Q38","00","MG","NP"
"MK109FT",10,52.0467291918969,-0.709308846767813,064,"Y52","Q38","00","MG","NP"
"MK109FU",10,52.0336136506044,-0.703811618909252,064,"Y52","Q38","00","MG","NP"
"MK109FW",10,52.0366717697487,-0.703912708549061,064,"Y52","Q38","00","MG","NP"
"MK109FX",10,52.0375165130433,-0.703873701420274,064,"Y52","Q38","00","MG","NP"
"MK109FY",10,52.0371463958483,-0.702922185839856,064,"Y52","Q38","00","MG","NP"
"MK109FZ",10,52.0366102784635,-0.704862114925751,064,"Y52","Q38","00","MG","NP"
"MK109GB",10,52.0407273748602,-0.698254927789812,064,"Y52","Q38","00","MG","NP"
"MK109GD",10,52.0413332943363,-0.698572677233082,064,"Y52","Q38","00","MG","NP"
"MK109GE",10,52.0376341729901,-0.701493884087911,064,"Y52","Q38","00","MG","NP"
"MK109GF",10,52.0411249773761,-0.699249424080893,064,"Y52","Q38","00","MG","NP"
"MK109GG",10,52.0377283864874,-0.701068355875332,064,"Y52","Q38","00","MG","NP"
"MK109GH",10,52.0376596957309,-0.702178368978544,064,"Y52","Q38","00","MG","NP"
"MK109GJ",10,52.0380598181713,-0.700140249900869,064,"Y52","Q38","00","MG","NP"
"MK109GL",10,52.0358600541399,-0.698789914642196,064,"Y52","Q38","00","MG","NP"
"MK109GN",10,52.0372033682468,-0.700748252283978,064,"Y52","Q38","00","MG","NP"
"MK109GP",10,52.0370173166184,-0.699368637248713,064,"Y52","Q38","00","MG","NP"
"MK109GQ",10,52.0376940297062,-0.700398705907928,064,"Y52","Q38","00","MG","NP"
"MK109GR",10,52.0375369072722,-0.701642494065503,064,"Y52","Q38","00","MG","NP"
"MK109GS",10,52.0357228152312,-0.698575219494859,064,"Y52","Q38","00","MG","NP"
"MK109GT",10,52.0364748411247,-0.70235846572641,064,"Y52","Q38","00","MG","NP"
"MK109GU",10,52.0363382479091,-0.703018466716461,064,"Y52","Q38","00","MG","NP"
"MK109GW",10,52.0437521383882,-0.699406462845693,064,"Y52","Q38","00","MG","NP"
"MK109GY",10,52.0370078804763,-0.701774451151399,064,"Y52","Q38","00","MG","NP"
"MK109GZ",10,52.0444495691651,-0.701500530285914,064,"Y52","Q38","00","MG","NP"
"MK109HA",10,52.0445095960788,-0.701236324287128,064,"Y52","Q38","00","MG","NP"
"MK109HB",10,52.0449249861925,-0.701399263413824,064,"Y52","Q38","00","MG","NP"
"MK109HD",10,52.0449809819882,-0.699954059609399,064,"Y52","Q38","00","MG","NP"
"MK109HE",10,52.0442224043763,-0.69883872076342,064,"Y52","Q38","00","MG","NP"
"MK109HG",10,52.0339526117397,-0.705201308424525,064,"Y52","Q38","00","MG","NP"
"MK109HH",10,52.0341964179462,-0.705296312732039,064,"Y52","Q38","00","MG","NP"
"MK109HJ",10,52.0349131581684,-0.707520674920867,064,"Y52","Q38","00","MG","NP"
"MK109HL",10,52.0380615702116,-0.699484127224124,064,"Y52","Q38","00","MG","NP"
"MK109HN",10,52.0461865946575,-0.710666021537575,064,"Y52","Q38","00","MG","NP"
"MK109HP",10,52.04639396453,-0.710718382512977,064,"Y52","Q38","00","MG","NP"
"MK109HQ",10,52.0369311838303,-0.707885273608853,064,"Y52","Q38","00","MG","NP"
"MK109HR",10,52.0359404528423,-0.70609149972585,064,"Y52","Q38","00","MG","NP"
"MK109HS",10,52.0361752699653,-0.706186772366898,064,"Y52","Q38","00","MG","NP"
"MK109HT",10,52.0372615794646,-0.706038781560899,064,"Y52","Q38","00","MG","NP"
"MK109HU",10,52.0364985002653,-0.706964700304244,064,"Y52","Q38","00","MG","NP"
"MK109HW",10,52.0355186103412,-0.706978389373471,064,"Y52","Q38","00","MG","NP"
"MK109HX",10,52.0365692525468,-0.70767702425137,064,"Y52","Q38","00","MG","NP"
"MK109HY",10,52.0369622156801,-0.706616005433168,064,"Y52","Q38","00","MG","NP"
"MK109HZ",10,52.0437578719566,-0.713856284748581,064,"Y52","Q38","00","MG","NP"
"MK109JB",10,52.0336375772563,-0.701901218092183,064,"Y52","Q38","00","MG","NP"
"MK109JD",10,52.0343343339241,-0.702303807184463,064,"Y52","Q38","00","MG","NP"
"MK109JE",10,52.0344765396119,-0.702970287657953,064,"Y52","Q38","00","MG","NP"
"MK109JJ",10,52.0449969094511,-0.712872915438431,064,"Y52","Q38","00","MG","NP"
"MK109JL",10,52.0447037088139,-0.712370984537083,064,"Y52","Q38","00","MG","NP"
"MK109JN",10,52.0458379932566,-0.712498788988966,064,"Y52","Q38","00","MG","NP"
"MK109JP",10,52.045179941775,-0.713990446522763,064,"Y52","Q38","00","MG","NP"
"MK109JQ",10,52.0389436873498,-0.709387275315866,064,"Y52","Q38","00","MG","NP"
"MK109JR",10,52.0458091831342,-0.711508049023808,064,"Y52","Q38","00","MG","NP"
"MK109JS",10,52.0440679122908,-0.715903350349961,064,"Y52","Q38","00","MG","NP"
"MK109JT",10,52.0443785338281,-0.715529913614043,064,"Y52","Q38","00","MG","NP"
"MK109JU",10,52.0434750799569,-0.711837625964345,064,"Y52","Q38","00","MG","NP"
"MK109JW",10,52.0456944248857,-0.713348661145163,064,"Y52","Q38","00","MG","NP"
"MK109JX",10,52.0436838832643,-0.712021178895696,064,"Y52","Q38","00","MG","NP"
"MK109JZ",10,52.0440481499619,-0.717391209263224,064,"Y52","Q38","00","MG","NP"
"MK109LA",10,52.0353728153175,-0.696194507125488,064,"Y52","Q38","00","MG","NP"
"MK109LB",10,52.043465580861,-0.694632166951839,064,"Y52","Q38","00","MG","NP"
"MK109LD",10,52.0422856650805,-0.692012840040372,064,"Y52","Q38","00","MG","NP"
"MK109LE",10,52.0435254833676,-0.695169924839595,064,"Y52","Q38","00","MG","NP"
"MK109LF",10,52.0419514523127,-0.693495240810511,064,"Y52","Q38","00","MG","NP"
"MK109LG",10,52.0439407730301,-0.693699702180691,064,"Y52","Q38","00","MG","NP"
"MK109LH",10,52.0437144499673,-0.693560487788724,064,"Y52","Q38","00","MG","NP"
"MK109LJ",10,52.0433480306148,-0.69376072512197,064,"Y52","Q38","00","MG","NP"
"MK109LL",10,52.0439585353745,-0.695303127538705,064,"Y52","Q38","00","MG","NP"
"MK109LN",10,52.0423991486897,-0.694138323832632,064,"Y52","Q38","00","MG","NP"
"MK109LP",10,52.043510727518,-0.693026924530944,064,"Y52","Q38","00","MG","NP"
"MK109LQ",10,52.0439335003297,-0.693043755921677,064,"Y52","Q38","00","MG","NP"
"MK109LR",10,52.045193320307,-0.695573389096588,064,"Y52","Q38","00","MG","NP"
"MK109LS",10,52.047515908123,-0.694207930481076,064,"Y52","Q38","00","MG","NP"
"MK109LT",10,52.0506622917758,-0.694159971395635,064,"Y52","Q38","00","MG","NP"
"MK109LU",10,52.0345089802925,-0.693697600538431,064,"Y52","Q38","00","MG","NP"
"MK109LW",10,52.0455104919224,-0.695797464397793,064,"Y52","Q38","00","MG","NP"
"MK109LX",10,52.0450821591415,-0.696903556719203,064,"Y52","Q38","00","MG","NP"
"MK109LY",10,52.048779313251,-0.698691796507838,064,"Y52","Q38","00","MG","NP"
"MK109LZ",10,52.0491097875668,-0.698492618770413,064,"Y52","Q38","00","MG","NP"
"MK109NA",10,52.047018610094,-0.700463645766109,064,"Y52","Q38","00","MG","NP"
"MK109NB",10,52.0472648388452,-0.701593928697389,064,"Y52","Q38","00","MG","NP"
"MK109ND",10,52.0471659590028,-0.700780183356675,064,"Y52","Q38","00","MG","NP"
"MK109NE",10,52.0477489133598,-0.700646618467743,064,"Y52","Q38","00","MG","NP"
"MK109NF",10,52.0479548251613,-0.69975110842751,064,"Y52","Q38","00","MG","NP"
"MK109NG",10,52.0486422782738,-0.700124893154193,064,"Y52","Q38","00","MG","NP"
"MK109NH",10,52.0475298012699,-0.699530123831055,064,"Y52","Q38","00","MG","NP"
"MK109NJ",10,52.0483292543741,-0.698646537922407,064,"Y52","Q38","00","MG","NP"
"MK109NL",10,52.0459885265088,-0.696745959259414,064,"Y52","Q38","00","MG","NP"
"MK109NN",50,52.0464506709277,-0.697884503461687,064,"Y52","Q38","00","MG","NP"
"MK109NP",10,52.0454691743647,-0.697752626926477,064,"Y52","Q38","00","MG","NP"
"MK109NQ",10,52.0470705702704,-0.698653932520437,064,"Y52","Q38","00","MG","NP"
"MK109NR",10,52.0460839493164,-0.698872154103751,064,"Y52","Q38","00","MG","NP"
"MK109NS",10,52.0431631535565,-0.69411605939863,064,"Y52","Q38","00","MG","NP"
"MK109NT",10,52.0482791608345,-0.698181346479231,064,"Y52","Q38","00","MG","NP"
"MK109NU",10,52.0475161215221,-0.698291012337814,064,"Y52","Q38","00","MG","NP"
"MK109NW",10,52.0469128044672,-0.699023071266823,064,"Y52","Q38","00","MG","NP"
"MK109NX",10,52.0465597077015,-0.699616609614112,064,"Y52","Q38","00","MG","NP"
"MK109NY",10,52.0489016590241,-0.695932073385296,064,"Y52","Q38","00","MG","NP"
"MK109NZ",10,52.0476309222964,-0.695662828055182,064,"Y52","Q38","00","MG","NP"
"MK109PA",10,52.0321298536147,-0.711988730260993,064,"Y52","Q38","00","MG","NP"
"MK109PB",10,52.0352362565488,-0.712395136264067,064,"Y52","Q38","00","MG","NP"
"MK109PD",10,52.0359535741899,-0.712214164758591,064,"Y52","Q38","00","MG","NP"
"MK109PE",10,52.0368184360052,-0.711547841997097,064,"Y52","Q38","00","MG","NP"
"MK109PF",10,52.0315307353367,-0.709003033364477,064,"Y52","Q38","00","MG","NP"
"MK109PG",10,52.0352248072902,-0.712993180937482,064,"Y52","Q38","00","MG","NP"
"MK109PH",10,52.033262991407,-0.710367192073366,064,"Y52","Q38","00","MG","NP"
"MK109PJ",10,52.0342902567444,-0.713865545104033,064,"Y52","Q38","00","MG","NP"
"MK109PL",10,52.0319319697935,-0.709516263738859,064,"Y52","Q38","00","MG","NP"
"MK109PN",10,52.0344413640807,-0.711237137259613,064,"Y52","Q38","00","MG","NP"
"MK109PP",10,52.035606561392,-0.710081086289779,064,"Y52","Q38","00","MG","NP"
"MK109PQ",10,52.0357513699325,-0.711811773249902,064,"Y52","Q38","00","MG","NP"
"MK109PS",10,52.0356610718164,-0.710954232302888,064,"Y52","Q38","00","MG","NP"
"MK109PT",10,52.0358069579849,-0.711139558928242,064,"Y52","Q38","00","MG","NP"
"MK109PU",10,52.0363659898392,-0.711283850778615,064,"Y52","Q38","00","MG","NP"
"MK109PW",10,52.0359983522023,-0.715493082102475,064,"Y52","Q38","00","MG","NP"
"MK109PX",10,52.0347145391268,-0.713197349352516,064,"Y52","Q38","00","MG","NP"
"MK109PY",10,52.035762918473,-0.713692081873603,064,"Y52","Q38","00","MG","NP"
"MK109PZ",10,52.0357608411649,-0.715150002060118,064,"Y52","Q38","00","MG","NP"
"MK109QA",10,52.0333105828827,-0.711430003277367,064,"Y52","Q38","00","MG","NP"
"MK109QB",10,52.0339928450244,-0.713801188278505,064,"Y52","Q38","00","MG","NP"
"MK109QD",10,52.0323220215991,-0.711472996710814,064,"Y52","Q38","00","MG","NP"
"MK109QE",10,52.0348842006426,-0.714737780794865,064,"Y52","Q38","00","MG","NP"
"MK109QF",10,52.0333304035077,-0.712420725173423,064,"Y52","Q38","00","MG","NP"
"MK109QG",10,52.0413072359849,-0.692158041569674,064,"Y52","Q38","00","MG","NP"
"MK109QH",10,52.0422548200683,-0.690045338854594,064,"Y52","Q38","00","MG","NP"
"MK109QJ",10,52.0419623336798,-0.689616469089364,064,"Y52","Q38","00","MG","NP"
"MK109QL",10,52.0426436651331,-0.69105463341788,064,"Y52","Q38","00","MG","NP"
"MK109QN",10,52.042064769976,-0.689934248898758,064,"Y52","Q38","00","MG","NP"
"MK109QP",10,52.0426774311771,-0.690047565686051,064,"Y52","Q38","00","MG","NP"
"MK109QQ",10,52.0417943106371,-0.691487699464949,064,"Y52","Q38","00","MG","NP"
"MK109QR",10,52.0417030441531,-0.692175651249242,064,"Y52","Q38","00","MG","NP"
"MK109QS",10,52.0424364489463,-0.691016943775263,064,"Y52","Q38","00","MG","NP"
"MK109QT",10,52.041076032525,-0.693199994977173,064,"Y52","Q38","00","MG","NP"
"MK109QU",10,52.0452667597728,-0.697335639818175,064,"Y52","Q38","00","MG","NP"
"MK109QW",10,52.045937941836,-0.696237062582704,064,"Y52","Q38","00","MG","NP"
"MK109QX",10,52.048983847091,-0.700931626832861,064,"Y52","Q38","00","MG","NP"
"MK109QY",10,52.0490303954534,-0.701076106538772,064,"Y52","Q38","00","MG","NP"
"MK109QZ",10,52.0494355189369,-0.702755997243309,064,"Y52","Q38","00","MG","NP"
"MK109RA",10,52.0467027623566,-0.69385249190087,064,"Y52","Q38","00","MG","NP"
"MK109RB",10,52.0468536819475,-0.694489711037261,064,"Y52","Q38","00","MG","NP"
"MK109RD",10,52.0313237367738,-0.710627060156647,064,"Y52","Q38","00","MG","NP"
"MK109RE",10,52.0347126697183,-0.710558736474897,064,"Y52","Q38","00","MG","NP"
"MK109RF",10,52.0344082376148,-0.709853163435085,064,"Y52","Q38","00","MG","NP"
"MK109RG",10,52.0516320373279,-0.702181958079237,064,"Y52","Q38","00","MG","NP"
"MK109RH",10,52.0341335867149,-0.710225520407835,064,"Y52","Q38","00","MG","NP"
"MK109RJ",10,52.0473702580097,-0.693235153721619,064,"Y52","Q38","00","MG","NP"
"MK109RP",10,52.0386874130618,-0.70160916456927,064,"Y52","Q38","00","MG","NP"
"MK109RR",10,52.0393299193834,-0.701984204741046,064,"Y52","Q38","00","MG","NP"
"MK109RT",10,52.0395382561998,-0.702123969229019,064,"Y52","Q38","00","MG","NP"
"MK109WG",10,52.0303889836085,-0.69027546953929,064,"Y52","Q38","00","MG","NX"
"MK109WN",10,52.0303889836085,-0.69027546953929,064,"Y52","Q38","00","MG","NX"
"MK109WS",10,52.0303889836085,-0.69027546953929,064,"Y52","Q38","00","MG","NX"
"MK109WY",10,52.0303889836085,-0.69027546953929,064,"Y52","Q38","00","MG","NX"
"MK109XD",10,52.0303889836085,-0.69027546953929,064,"Y52","Q38","00","MG","NX"
"MK109XJ",10,52.0303889836085,-0.69027546953929,064,"Y52","Q38","00","MG","NX"
"MK109XN",10,52.0303889836085,-0.69027546953929,064,"Y52","Q38","00","MG","NX"
"MK109XQ",10,52.0303889836085,-0.69027546953929,064,"Y52","Q38","00","MG","NX"
"MK109XR",10,52.0303889836085,-0.69027546953929,064,"Y52","Q38","00","MG","NX"
"MK109XZ",10,52.0303889836085,-0.69027546953929,064,"Y52","Q38","00","MG","NX"
"MK109YQ",10,52.0303889836085,-0.69027546953929,064,"Y52","Q38","00","MG","NX"
"MK109ZG",10,52.0303889836085,-0.69027546953929,064,"Y52","Q38","00","MG","NX"
"MK109ZJ",10,52.0303889836085,-0.69027546953929,064,"Y52","Q38","00","MG","NX"
"MK109ZQ",10,52.0303889836085,-0.69027546953929,064,"Y52","Q38","00","MG","NX"
"MK111AA",10,52.0564543239324,-0.852416253022498,064,"Y52","Q38","00","MG","NW"
"MK111AB",10,52.0575184422016,-0.854591400745383,064,"Y52","Q38","00","MG","NW"
"MK111AE",10,52.056082129797,-0.851127719950185,064,"Y52","Q38","00","MG","NW"
"MK111AF",10,52.0564303821569,-0.851804289927743,064,"Y52","Q38","00","MG","NW"
"MK111AG",10,52.0565154396928,-0.851306213343247,064,"Y52","Q38","00","MG","NW"
"MK111AH",10,52.0580596126837,-0.854767175207041,064,"Y52","Q38","00","MG","NW"
"MK111AJ",10,52.0577571717206,-0.854176899396177,064,"Y52","Q38","00","MG","NW"
"MK111AP",10,52.0596591716155,-0.858387410170969,064,"Y52","Q38","00","MG","NW"
"MK111AQ",10,52.0571798150028,-0.853054008237532,064,"Y52","Q38","00","MG","NW"
"MK111AR",10,52.0594329739201,-0.853608925936965,064,"Y52","Q38","00","MG","NW"
"MK111AS",10,52.0592278495868,-0.858412990433198,064,"Y52","Q38","00","MG","NW"
"MK111AT",10,52.0587160799849,-0.856631969914213,064,"Y52","Q38","00","MG","NW"
"MK111AU",10,52.0578096260312,-0.854948594340702,064,"Y52","Q38","00","MG","NW"
"MK111AW",10,52.0593603664825,-0.857242724552003,064,"Y52","Q38","00","MG","NW"
"MK111AY",10,52.0574703803444,-0.85427174902527,064,"Y52","Q38","00","MG","NW"
"MK111BA",10,52.0574703803444,-0.85427174902527,064,"Y52","Q38","00","MG","NW"
"MK111BD",10,52.0568143390551,-0.854303115378141,064,"Y52","Q38","00","MG","NW"
"MK111BE",10,52.0561761335711,-0.854319439401394,064,"Y52","Q38","00","MG","NW"
"MK111BJ",10,52.0569631940302,-0.855743255000821,064,"Y52","Q38","00","MG","NW"
"MK111BL",10,52.0572019980478,-0.85626222880133,064,"Y52","Q38","00","MG","NW"
"MK111BN",10,52.0584227296264,-0.852351233181994,064,"Y52","Q38","00","MG","NW"
"MK111BP",10,52.0571664694965,-0.851683322937709,064,"Y52","Q38","00","MG","NW"
"MK111BQ",10,52.0566628106297,-0.856290582003017,064,"Y52","Q38","00","MG","NW"
"MK111BS",10,52.0582480341308,-0.850109504329731,064,"Y52","Q38","00","MG","NW"
"MK111BT",10,52.0572312747132,-0.850952390682213,064,"Y52","Q38","00","MG","NW"
"MK111BW",10,52.0573115687579,-0.851810871943048,064,"Y52","Q38","00","MG","NW"
"MK111BY",10,52.0559736575882,-0.851991017494921,064,"Y52","Q38","00","MG","NW"
"MK111DA",10,52.059091723876,-0.844443050684174,064,"Y52","Q38","00","MG","NW"
"MK111DB",10,52.0598318169626,-0.845649202043559,064,"Y52","Q38","00","MG","NW"
"MK111DD",10,52.0582342158325,-0.844100530766792,064,"Y52","Q38","00","MG","NW"
"MK111DE",10,52.0578099702756,-0.842098664543559,064,"Y52","Q38","00","MG","NW"
"MK111DF",10,52.0574697171292,-0.84315761703948,064,"Y52","Q38","00","MG","NW"
"MK111DG",10,52.0563910336514,-0.842266611789022,064,"Y52","Q38","00","MG","NW"
"MK111DH",10,52.0569332525834,-0.843463179240481,064,"Y52","Q38","00","MG","NW"
"MK111DJ",10,52.0566336417194,-0.844083495048002,064,"Y52","Q38","00","MG","NW"
"MK111DL",10,52.0574640406787,-0.844412116788386,064,"Y52","Q38","00","MG","NW"
"MK111DN",10,52.0579490202405,-0.845274743624435,064,"Y52","Q38","00","MG","NW"
"MK111DP",10,52.0571742708859,-0.845119692278617,064,"Y52","Q38","00","MG","NW"
"MK111DQ",10,52.0561512291262,-0.843483371190775,064,"Y52","Q38","00","MG","NW"
"MK111DR",10,52.0564020929511,-0.845227112547455,064,"Y52","Q38","00","MG","NW"
"MK111DS",10,52.0557985672016,-0.846030259331254,064,"Y52","Q38","00","MG","NW"
"MK111DT",10,52.0573035465795,-0.847304175971665,064,"Y52","Q38","00","MG","NW"
"MK111DU",10,52.0567533694181,-0.848047597963972,064,"Y52","Q38","00","MG","NW"
"MK111DW",10,52.0577137490382,-0.846039259349208,064,"Y52","Q38","00","MG","NW"
"MK111DX",10,52.056379527284,-0.849355290042241,064,"Y52","Q38","00","MG","NW"
"MK111DZ",10,52.0561052581638,-0.850733330384561,064,"Y52","Q38","00","MG","NW"
"MK111EA",10,52.0569719335515,-0.84925255968586,064,"Y52","Q38","00","MG","NW"
"MK111EB",10,52.0576873349147,-0.848854954846374,064,"Y52","Q38","00","MG","NW"
"MK111ED",10,52.0573290794399,-0.848076547872561,064,"Y52","Q38","00","MG","NW"
"MK111EE",10,52.0579109277834,-0.847813627703632,064,"Y52","Q38","00","MG","NW"
"MK111EF",10,52.0583722063563,-0.848093477248826,064,"Y52","Q38","00","MG","NW"
"MK111EG",10,52.058254361199,-0.847075505251725,064,"Y52","Q38","00","MG","NW"
"MK111EH",10,52.0579665769332,-0.846149430765954,064,"Y52","Q38","00","MG","NW"
"MK111EJ",10,52.0577539109736,-0.853841514396756,064,"Y52","Q38","00","MG","NW"
"MK111EL",10,52.0552925731657,-0.843024242508305,064,"Y52","Q38","00","MG","NW"
"MK111EN",10,52.0546164369935,-0.843756350233063,064,"Y52","Q38","00","MG","NW"
"MK111EP",10,52.0545074469763,-0.844561313068188,064,"Y52","Q38","00","MG","NW"
"MK111EQ",10,52.0576345629323,-0.847135216011986,064,"Y52","Q38","00","MG","NW"
"MK111ER",10,52.0536078668121,-0.845430402321696,064,"Y52","Q38","00","MG","NW"
"MK111ES",10,52.0529058811952,-0.848117369112794,064,"Y52","Q38","00","MG","NW"
"MK111ET",10,52.0530221506206,-0.848974838344423,064,"Y52","Q38","00","MG","NW"
"MK111EU",10,52.0522312940094,-0.848090963071616,064,"Y52","Q38","00","MG","NW"
"MK111EW",10,52.0546312389064,-0.842516278896622,064,"Y52","Q38","00","MG","NW"
"MK111EX",10,52.0520158575775,-0.846288120927113,064,"Y52","Q38","00","MG","NW"
"MK111EY",10,52.0513956124039,-0.844466569940567,064,"Y52","Q38","00","MG","NW"
"MK111EZ",10,52.0493728650195,-0.847245735407724,064,"Y52","Q38","00","MG","NW"
"MK111FA",50,52.0566169250222,-0.853418466900459,064,"Y52","Q38","00","MG","NW"
"MK111FB",10,52.0566169250222,-0.853418466900459,064,"Y52","Q38","00","MG","NW"
"MK111FD",10,52.0566632873926,-0.853563132398882,064,"Y52","Q38","00","MG","NW"
"MK111FE",10,52.0556944221138,-0.854710967923142,064,"Y52","Q38","00","MG","NW"
"MK111FF",50,52.0557970542476,-0.856020988759077,064,"Y52","Q38","00","MG","NW"
"MK111FG",10,52.0558908243877,-0.857345826493363,064,"Y52","Q38","00","MG","NW"
"MK111FH",10,52.0560670320826,-0.858829004405462,064,"Y52","Q38","00","MG","NW"
"MK111GA",10,52.0575671292115,-0.851279241782127,064,"Y52","Q38","00","MG","NW"
"MK111HA",10,52.0513314182246,-0.845255734857736,064,"Y52","Q38","00","MG","NW"
"MK111HB",10,52.0495708545944,-0.850025979896705,064,"Y52","Q38","00","MG","NW"
"MK111HD",10,52.0499649100293,-0.850788767136616,064,"Y52","Q38","00","MG","NW"
"MK111HE",10,52.0501174866444,-0.84891821646954,064,"Y52","Q38","00","MG","NW"
"MK111HF",10,52.0506512735194,-0.846498261079449,064,"Y52","Q38","00","MG","NW"
"MK111HG",10,52.0514217402323,-0.84713468219821,064,"Y52","Q38","00","MG","NW"
"MK111HH",10,52.0512813416164,-0.847488298746065,064,"Y52","Q38","00","MG","NW"
"MK111HJ",10,52.0520736085381,-0.849436721662837,064,"Y52","Q38","00","MG","NW"
"MK111HL",10,52.0517083121209,-0.850700294629487,064,"Y52","Q38","00","MG","NW"
"MK111HN",10,52.0515575227972,-0.84998956808604,064,"Y52","Q38","00","MG","NW"
"MK111HP",10,52.0496442948202,-0.841915973563218,064,"Y52","Q38","00","MG","NW"
"MK111HQ",10,52.0502967074609,-0.847936539991887,064,"Y52","Q38","00","MG","NW"
"MK111HR",10,52.0559313097518,-0.851335778178594,064,"Y52","Q38","00","MG","NW"
"MK111HT",10,52.058441174092,-0.851475611979753,064,"Y52","Q38","00","MG","NW"
"MK111HU",10,52.0582549576602,-0.8545142226726,064,"Y52","Q38","00","MG","NW"
"MK111HW",10,52.0509373185385,-0.849086736193512,064,"Y52","Q38","00","MG","NW"
"MK111HX",10,52.0486576044568,-0.844901751955829,064,"Y52","Q38","00","MG","NW"
"MK111HY",10,52.0500719235007,-0.842429911329471,064,"Y52","Q38","00","MG","NW"
"MK111HZ",10,52.0548564136975,-0.85544704114963,064,"Y52","Q38","00","MG","NW"
"MK111JA",10,52.055359074024,-0.849819047533866,064,"Y52","Q38","00","MG","NW"
"MK111JB",10,52.0557027824137,-0.85002899574754,064,"Y52","Q38","00","MG","NW"
"MK111JD",10,52.0564797190062,-0.846727384634474,064,"Y52","Q38","00","MG","NW"
"MK111JE",10,52.0568666647888,-0.846761177587986,064,"Y52","Q38","00","MG","NW"
"MK111JF",10,52.0559600756016,-0.847834639440219,064,"Y52","Q38","00","MG","NW"
"MK111JG",10,52.0553760892715,-0.847878830214829,064,"Y52","Q38","00","MG","NW"
"MK111JH",10,52.0528191384865,-0.845684074072505,064,"Y52","Q38","00","MG","NW"
"MK111JJ",10,52.0531612828019,-0.847571190401084,064,"Y52","Q38","00","MG","NW"
"MK111JL",10,52.0545428235197,-0.849096194446601,064,"Y52","Q38","00","MG","NW"
"MK111JN",10,52.0554851731692,-0.850763824814469,064,"Y52","Q38","00","MG","NW"
"MK111JP",10,52.0545755635161,-0.851530973546712,064,"Y52","Q38","00","MG","NW"
"MK111JQ",10,52.0547632713752,-0.848652992048684,064,"Y52","Q38","00","MG","NW"
"MK111JR",10,52.0548173194164,-0.853274930732552,064,"Y52","Q38","00","MG","NW"
"MK111JS",10,52.0549401833353,-0.852965507428761,064,"Y52","Q38","00","MG","NW"
"MK111JT",10,52.0553640221876,-0.854019345009123,064,"Y52","Q38","00","MG","NW"
"MK111JU",10,52.0551044807365,-0.854142662693976,064,"Y52","Q38","00","MG","NW"
"MK111JW",10,52.0550645102041,-0.851883055343517,064,"Y52","Q38","00","MG","NW"
"MK111JX",10,52.0533897085984,-0.84794450241065,064,"Y52","Q38","00","MG","NW"
"MK111JY",10,52.0544169360295,-0.853708130680047,064,"Y52","Q38","00","MG","NW"
"MK111JZ",10,52.0537379529578,-0.853229639833022,064,"Y52","Q38","00","MG","NW"
"MK111LA",10,52.0533100359301,-0.853605197621121,064,"Y52","Q38","00","MG","NW"
"MK111LB",10,52.0532164048262,-0.85414720561509,064,"Y52","Q38","00","MG","NW"
"MK111LD",10,52.0528086039252,-0.851970040433877,064,"Y52","Q38","00","MG","NW"
"MK111LE",10,52.0532720447399,-0.851549808192522,064,"Y52","Q38","00","MG","NW"
"MK111LF",10,52.0534961160364,-0.849633533420885,064,"Y52","Q38","00","MG","NW"
"MK111LG",10,52.0564629616764,-0.850534545317608,064,"Y52","Q38","00","MG","NW"
"MK111LH",10,52.0559014129321,-0.849192552129351,064,"Y52","Q38","00","MG","NW"
"MK111LJ",10,52.0590678499932,-0.855820759285243,064,"Y52","Q38","00","MG","NW"
"MK111LL",10,52.0475813338625,-0.828772319088846,064,"Y52","Q38","00","MG","NW"
"MK111LS",10,52.0599022520942,-0.855638993484787,064,"Y52","Q38","00","MG","NW"
"MK111LT",10,52.0548184379986,-0.850620499500595,064,"Y52","Q38","00","MG","NW"
"MK111NH",10,52.0521046446335,-0.837025147677352,064,"Y52","Q38","00","MG","NW"
"MK111NJ",10,52.0527657145782,-0.837503841266479,064,"Y52","Q38","00","MG","NW"
"MK111NL",10,52.0539634475085,-0.836787293715975,064,"Y52","Q38","00","MG","NW"
"MK111NN",10,52.0550029779971,-0.838262524245299,064,"Y52","Q38","00","MG","NW"
"MK111NP",10,52.0532738298757,-0.837971932274094,064,"Y52","Q38","00","MG","NW"
"MK111NR",10,52.0546325945574,-0.840824432365554,064,"Y52","Q38","00","MG","NW"
"MK111NS",10,52.0541893691619,-0.839639977763754,064,"Y52","Q38","00","MG","NW"
"MK111NT",10,52.0538704552755,-0.839210708596408,064,"Y52","Q38","00","MG","NW"
"MK111NU",10,52.0530305856678,-0.840661709577877,064,"Y52","Q38","00","MG","NW"
"MK111NW",10,52.0556651056655,-0.839762183419103,064,"Y52","Q38","00","MG","NW"
"MK111NX",10,52.0534977580479,-0.841539256146814,064,"Y52","Q38","00","MG","NW"
"MK111NY",10,52.0525682264013,-0.842102898283915,064,"Y52","Q38","00","MG","NW"
"MK111NZ",10,52.0522848466233,-0.841628956788858,064,"Y52","Q38","00","MG","NW"
"MK111PA",10,52.052628138633,-0.839053308268651,064,"Y52","Q38","00","MG","NW"
"MK111PB",10,52.052796327184,-0.835140440404124,064,"Y52","Q38","00","MG","NW"
"MK111PD",10,52.0532449868426,-0.835960069713335,064,"Y52","Q38","00","MG","NW"
"MK111PE",10,52.0516109084885,-0.838015066283523,064,"Y52","Q38","00","MG","NW"
"MK111PN",10,52.059234844784,-0.852651316887878,064,"Y52","Q38","00","MG","NW"
"MK111PW",10,52.0596130213323,-0.850862113398714,064,"Y52","Q38","00","MG","NW"
"MK111RB",10,52.0537141257713,-0.84342961736235,064,"Y52","Q38","00","MG","NW"
"MK111SY",10,52.0557593856855,-0.851223507472082,064,"Y52","Q38","00","MG","NW"
"MK111XB",10,52.0475813338625,-0.828772319088846,064,"Y52","Q38","00","MG","NW"
"MK111XN",10,52.0475813338625,-0.828772319088846,064,"Y52","Q38","00","MG","NW"
"MK111XR",10,52.0475813338625,-0.828772319088846,064,"Y52","Q38","00","MG","NW"
"MK111YA",10,52.0562640918692,-0.853194137069809,064,"Y52","Q38","00","MG","NW"
"MK111YT",10,52.0500035271269,-0.851983587687464,064,"Y52","Q38","00","MG","NW"
"MK111ZE",10,52.0475813338625,-0.828772319088846,064,"Y52","Q38","00","MG","NW"
"MK112AA",10,52.0504748010965,-0.836775791732833,064,"Y52","Q38","00","MG","NW"
"MK112AB",10,52.0497456334461,-0.837596788249388,064,"Y52","Q38","00","MG","NW"
"MK112AD",10,52.0497822115918,-0.83492714857187,064,"Y52","Q38","00","MG","NW"
"MK112AE",10,52.0496677152216,-0.834259309205868,064,"Y52","Q38","00","MG","NW"
"MK112AF",10,52.0495494548024,-0.835939423762325,064,"Y52","Q38","00","MG","NW"
"MK112AG",10,52.0490627656523,-0.835820823692163,064,"Y52","Q38","00","MG","NW"
"MK112AH",10,52.0511183112129,-0.835475740193196,064,"Y52","Q38","00","MG","NW"
"MK112BA",10,52.051521319119,-0.833496481432833,064,"Y52","Q38","00","MG","NW"
"MK112BB",10,52.0502034769252,-0.832976634732812,064,"Y52","Q38","00","MG","NW"
"MK112BD",10,52.0515079201017,-0.831236376053953,064,"Y52","Q38","00","MG","NW"
"MK112BE",10,52.0506511170742,-0.830062897871685,064,"Y52","Q38","00","MG","NW"
"MK112BG",10,52.0501600880277,-0.828602823259706,064,"Y52","Q38","00","MG","NW"
"MK112BH",10,52.0494697876464,-0.831522871779097,064,"Y52","Q38","00","MG","NW"
"MK112BJ",10,52.0486780550625,-0.831470606732184,064,"Y52","Q38","00","MG","NW"
"MK112BL",10,52.0472988102027,-0.832921051067897,064,"Y52","Q38","00","MG","NW"
"MK112BN",10,52.0479133212037,-0.834144548861221,064,"Y52","Q38","00","MG","NW"
"MK112BQ",10,52.049619460215,-0.827581567826449,064,"Y52","Q38","00","MG","NW"
"MK112WD",10,52.0475813338625,-0.828772319088846,064,"Y52","Q38","00","MG","NW"
"MK112XN",10,52.0475813338625,-0.828772319088846,064,"Y52","Q38","00","MG","NW"
"MK113AA",10,52.0475813338625,-0.828772319088846,064,"Y52","Q38","00","MG","NW"
"MK113DP",10,52.0427487713093,-0.820223087953057,064,"Y52","Q38","00","MG","NW"
"MK113DR",10,52.0431849156709,-0.817091296657318,064,"Y52","Q38","00","MG","NW"
"MK113EA",10,52.0421270493323,-0.821887055904153,064,"Y52","Q38","00","MG","NW"
"MK113EH",10,52.0430507970782,-0.820754627630504,064,"Y52","Q38","00","MG","NW"
"MK113EJ",10,52.0420878589393,-0.818869917662657,064,"Y52","Q38","00","MG","NW"
"MK113ER",10,52.0467115866676,-0.82991786912633,064,"Y52","Q38","00","MG","NW"
"MK113ES",10,52.0455195710669,-0.829394893998261,064,"Y52","Q38","00","MG","NW"
"MK113ET",10,52.0474235985055,-0.828280645752363,064,"Y52","Q38","00","MG","NW"
"MK113EU",10,52.0446230223822,-0.826939487288541,064,"Y52","Q38","00","MG","NW"
"MK113EW",10,52.0443780922811,-0.824015065168077,064,"Y52","Q38","00","MG","NW"
"MK113HA",10,52.0479934781478,-0.825013858812679,064,"Y52","Q38","00","MG","NW"
"MK113HB",10,52.0470681631867,-0.823288267080769,064,"Y52","Q38","00","MG","NW"
"MK113HD",10,52.0483118740299,-0.821782766225063,064,"Y52","Q38","00","MG","NW"
"MK113HE",10,52.0486317097491,-0.819601540024943,064,"Y52","Q38","00","MG","NW"
"MK113HF",10,52.0491095049996,-0.818830645736361,064,"Y52","Q38","00","MG","NW"
"MK113HG",10,52.0480118597815,-0.818757505394246,064,"Y52","Q38","00","MG","NW"
"MK113HL",10,52.0448099030066,-0.828553130565427,064,"Y52","Q38","00","MG","NW"
"MK113HQ",10,52.0473679508821,-0.819999389664336,064,"Y52","Q38","00","MG","NW"
"MK113HR",10,52.0449948521756,-0.824552974785732,064,"Y52","Q38","00","MG","NW"
"MK113JB",10,52.0416840156234,-0.819842867211763,064,"Y52","Q38","00","MG","NW"
"MK113LA",10,52.0486998859547,-0.820124720247021,064,"Y52","Q38","00","MG","NW"
"MK113LF",10,52.0475813338625,-0.828772319088846,064,"Y52","Q38","00","MG","NW"
"MK113LH",10,52.0432176730164,-0.823958031974646,064,"Y52","Q38","00","MG","NW"
"MK113LJ",10,52.0430672568533,-0.819704373788947,064,"Y52","Q38","00","MG","NW"
"MK113LL",10,52.0426526596934,-0.823200082300907,064,"Y52","Q38","00","MG","NW"
"MK113LT",10,52.0488505046613,-0.819902012911778,064,"Y52","Q38","00","MG","NW"
"MK113LW",10,52.0457745254602,-0.820697529345253,064,"Y52","Q38","00","MG","NW"
"MK113WG",10,52.0475813338625,-0.828772319088846,064,"Y52","Q38","00","MG","NW"
"MK113WQ",10,52.0475813338625,-0.828772319088846,064,"Y52","Q38","00","MG","NW"
"MK113ZN",10,52.0475813338625,-0.828772319088846,064,"Y52","Q38","00","MG","NW"
"MK119AA",90,49.7668057243776,-7.55715980363992,064,"","","","",""
"MK119AE",90,49.7668057243776,-7.55715980363992,064,"","","","",""
"MK119AG",90,49.7668057243776,-7.55715980363992,064,"","","","",""
"MK119AH",90,49.7668057243776,-7.55715980363992,064,"","","","",""
"MK119AL",90,49.7668057243776,-7.55715980363992,064,"","","","",""
"MK119AN",90,49.7668057243776,-7.55715980363992,064,"","","","",""
"MK119AS",90,49.7668057243776,-7.55715980363992,064,"","","","",""
"MK119AU",90,49.7668057243776,-7.55715980363992,064,"","","","",""
"MK119AW",90,49.7668057243776,-7.55715980363992,064,"","","","",""
"MK119AX",90,49.7668057243776,-7.55715980363992,064,"","","","",""
"MK119AY",90,49.7668057243776,-7.55715980363992,064,"","","","",""
"MK119AZ",90,49.7668057243776,-7.55715980363992,064,"","","","",""
"MK119BA",90,49.7668057243776,-7.55715980363992,064,"","","","",""
"MK119BD",90,49.7668057243776,-7.55715980363992,064,"","","","",""
"MK119BE",90,49.7668057243776,-7.55715980363992,064,"","","","",""
"MK119BG",90,49.7668057243776,-7.55715980363992,064,"","","","",""
"MK119BH",90,49.7668057243776,-7.55715980363992,064,"","","","",""
"MK119BJ",90,49.7668057243776,-7.55715980363992,064,"","","","",""
"MK119BN",90,49.7668057243776,-7.55715980363992,064,"","","","",""
"MK119BQ",90,49.7668057243776,-7.55715980363992,064,"","","","",""
"MK119BR",90,49.7668057243776,-7.55715980363992,064,"","","","",""
"MK119BS",90,49.7668057243776,-7.55715980363992,064,"","","","",""
"MK119BT",90,49.7668057243776,-7.55715980363992,064,"","","","",""
"MK119BW",90,49.7668057243776,-7.55715980363992,064,"","","","",""
"MK119BX",90,49.7668057243776,-7.55715980363992,064,"","","","",""
"MK119BY",90,49.7668057243776,-7.55715980363992,064,"","","","",""
"MK119BZ",90,49.7668057243776,-7.55715980363992,064,"","","","",""
"MK119DA",90,49.7668057243776,-7.55715980363992,064,"","","","",""
"MK119DB",90,49.7668057243776,-7.55715980363992,064,"","","","",""
"MK119DD",90,49.7668057243776,-7.55715980363992,064,"","","","",""
"MK119DF",90,49.7668057243776,-7.55715980363992,064,"","","","",""
"MK119DG",90,49.7668057243776,-7.55715980363992,064,"","","","",""
"MK119DH",90,49.7668057243776,-7.55715980363992,064,"","","","",""
"MK119DJ",90,49.7668057243776,-7.55715980363992,064,"","","","",""
"MK119DN",90,49.7668057243776,-7.55715980363992,064,"","","","",""
"MK119DP",90,49.7668057243776,-7.55715980363992,064,"","","","",""
"MK119DQ",90,49.7668057243776,-7.55715980363992,064,"","","","",""
"MK119DR",90,49.7668057243776,-7.55715980363992,064,"","","","",""
"MK119DS",90,49.7668057243776,-7.55715980363992,064,"","","","",""
"MK119DT",90,49.7668057243776,-7.55715980363992,064,"","","","",""
"MK119DU",90,49.7668057243776,-7.55715980363992,064,"","","","",""
"MK119DW",90,49.7668057243776,-7.55715980363992,064,"","","","",""
"MK119DX",90,49.7668057243776,-7.55715980363992,064,"","","","",""
"MK125AB",10,52.0614757691563,-0.81291774859574,064,"Y52","Q38","00","MG","NZ"
"MK125AD",10,52.0609893529068,-0.812828535205435,064,"Y52","Q38","00","MG","NZ"
"MK125AE",10,52.0599904354341,-0.812738323727071,064,"Y52","Q38","00","MG","NZ"
"MK125AF",10,52.0591145678919,-0.812367718219377,064,"Y52","Q38","00","MG","NZ"
"MK125AH",10,52.0597957687661,-0.813049796610886,064,"Y52","Q38","00","MG","NZ"
"MK125AJ",10,52.0611375770263,-0.813262208050668,064,"Y52","Q38","00","MG","NZ"
"MK125AL",10,52.0610815548395,-0.813949268364414,064,"Y52","Q38","00","MG","NZ"
"MK125AN",10,52.0597400411932,-0.813766001341252,064,"Y52","Q38","00","MG","NZ"
"MK125AP",10,52.0576876040065,-0.81530809285887,064,"Y52","Q38","00","MG","NZ"
"MK125AQ",10,52.0584906489089,-0.812909354144409,064,"Y52","Q38","00","MG","NZ"
"MK125AR",10,52.0581001529078,-0.816099396600547,064,"Y52","Q38","00","MG","NZ"
"MK125AS",10,52.0584562746228,-0.813960447376803,064,"Y52","Q38","00","MG","NZ"
"MK125AT",10,52.0597257321394,-0.814131037246083,064,"Y52","Q38","00","MG","NZ"
"MK125AU",10,52.0610494146265,-0.814329373951567,064,"Y52","Q38","00","MG","NZ"
"MK125AW",10,52.0584433236353,-0.813566972152183,064,"Y52","Q38","00","MG","NZ"
"MK125AX",10,52.0597731246978,-0.81526751302743,064,"Y52","Q38","00","MG","NZ"
"MK125AY",10,52.0586151440221,-0.816348330004887,064,"Y52","Q38","00","MG","NZ"
"MK125AZ",10,52.0581119437155,-0.818170260911054,064,"Y52","Q38","00","MG","NZ"
"MK125BA",10,52.059379056696,-0.818107652272207,064,"Y52","Q38","00","MG","NZ"
"MK125BB",10,52.0587547423882,-0.817715720536469,064,"Y52","Q38","00","MG","NZ"
"MK125BD",10,52.0588332151745,-0.816575942498183,064,"Y52","Q38","00","MG","NZ"
"MK125BE",10,52.0588950183898,-0.815567875267581,064,"Y52","Q38","00","MG","NZ"
"MK125BG",10,52.0590198803699,-0.814572722148408,064,"Y52","Q38","00","MG","NZ"
"MK125BH",10,52.0597211914992,-0.816362857250516,064,"Y52","Q38","00","MG","NZ"
"MK125BJ",10,52.0608829279416,-0.81655095273692,064,"Y52","Q38","00","MG","NZ"
"MK125BN",10,52.0609871312466,-0.816183531987358,064,"Y52","Q38","00","MG","NZ"
"MK125BP",10,52.059651270729,-0.817458673773579,064,"Y52","Q38","00","MG","NZ"
"MK125BQ",10,52.0597263723094,-0.8159834772162,064,"Y52","Q38","00","MG","NZ"
"MK125BS",10,52.0601086750197,-0.819138618090292,064,"Y52","Q38","00","MG","NZ"
"MK125BT",10,52.059668885592,-0.822811362327092,064,"Y52","Q38","00","MG","NZ"
"MK125BU",10,52.0604290534556,-0.818809267587346,064,"Y52","Q38","00","MG","NZ"
"MK125BW",10,52.0596744324435,-0.817078819571305,064,"Y52","Q38","00","MG","NZ"
"MK125BX",10,52.0608219942938,-0.817646560145389,064,"Y52","Q38","00","MG","NZ"
"MK125BY",10,52.0608451565492,-0.81726669608855,064,"Y52","Q38","00","MG","NZ"
"MK125DA",10,52.0561167282241,-0.816458108612379,064,"Y52","Q38","00","MG","NZ"
"MK125DB",10,52.0548106840973,-0.814436178215747,064,"Y52","Q38","00","MG","NZ"
"MK125DD",10,52.0539880554448,-0.813101600396644,064,"Y52","Q38","00","MG","NZ"
"MK125DE",10,52.0550343011537,-0.817901428993439,064,"Y52","Q38","00","MG","NZ"
"MK125DF",10,52.0545994521224,-0.815783552506542,064,"Y52","Q38","00","MG","NZ"
"MK125DG",10,52.0612444786753,-0.810487888213771,064,"Y52","Q38","00","MG","NZ"
"MK125DH",10,52.0602575015164,-0.80979936673038,064,"Y52","Q38","00","MG","NZ"
"MK125DJ",10,52.0603717033764,-0.809533774847235,064,"Y52","Q38","00","MG","NZ"
"MK125DL",10,52.058508104281,-0.808401853434795,064,"Y52","Q38","00","MG","NZ"
"MK125DN",10,52.0578542853783,-0.807762892896486,064,"Y52","Q38","00","MG","NZ"
"MK125DP",10,52.0571058054888,-0.812887715829998,064,"Y52","Q38","00","MG","NZ"
"MK125DQ",10,52.0612002800774,-0.809672203540923,064,"Y52","Q38","00","MG","NZ"
"MK125DR",10,52.0566660945895,-0.812972296121174,064,"Y52","Q38","00","MG","NZ"
"MK125DS",10,52.0558696803868,-0.811564069679687,064,"Y52","Q38","00","MG","NZ"
"MK125DT",10,52.0567644440878,-0.810242235903469,064,"Y52","Q38","00","MG","NZ"
"MK125DU",10,52.057459374345,-0.807831747118346,064,"Y52","Q38","00","MG","NZ"
"MK125DW",10,52.057079783374,-0.810306786679807,064,"Y52","Q38","00","MG","NZ"
"MK125DX",10,52.0563427202925,-0.809436667817995,064,"Y52","Q38","00","MG","NZ"
"MK125DY",10,52.0550810031694,-0.812708021506999,064,"Y52","Q38","00","MG","NZ"
"MK125DZ",10,52.0546407047637,-0.81273427650081,064,"Y52","Q38","00","MG","NZ"
"MK125EA",10,52.0558865073094,-0.809667569363334,064,"Y52","Q38","00","MG","NZ"
"MK125EB",10,52.0566219420183,-0.806818482210978,064,"Y52","Q38","00","MG","NZ"
"MK125ED",10,52.0557024625419,-0.808359812795931,064,"Y52","Q38","00","MG","NZ"
"MK125EE",10,52.0548709250456,-0.810598808647014,064,"Y52","Q38","00","MG","NZ"
"MK125EF",10,52.0540726986178,-0.810795016603889,064,"Y52","Q38","00","MG","NZ"
"MK125EG",10,52.0544851304112,-0.811571634270358,064,"Y52","Q38","00","MG","NZ"
"MK125EH",10,52.0548737377299,-0.809096509781818,064,"Y52","Q38","00","MG","NZ"
"MK125EJ",10,52.0560725812456,-0.805841329866704,064,"Y52","Q38","00","MG","NZ"
"MK125EL",10,52.0563129551637,-0.802947056417095,064,"Y52","Q38","00","MG","NZ"
"MK125EQ",10,52.0537750249605,-0.81159047351021,064,"Y52","Q38","00","MG","NZ"
"MK125ER",10,52.0550062754692,-0.831320115693365,064,"Y52","Q38","00","MG","NZ"
"MK125ES",10,52.0616143348224,-0.807050143114957,064,"Y52","Q38","00","MG","NZ"
"MK125EU",10,52.0545378209562,-0.832134488567926,064,"Y52","Q38","00","MG","NZ"
"MK125EW",10,52.0549117629471,-0.834487457925401,064,"Y52","Q38","00","MG","NZ"
"MK125EX",10,52.0617506237949,-0.806302578342038,064,"Y52","Q38","00","MG","NZ"
"MK125EY",10,52.0605865093096,-0.805881423691286,064,"Y52","Q38","00","MG","NZ"
"MK125EZ",10,52.060818314607,-0.806575401678986,064,"Y52","Q38","00","MG","NZ"
"MK125FA",10,52.0475813338625,-0.828772319088846,064,"Y52","Q38","00","MG","NW"
"MK125FD",10,52.0619583359147,-0.821584221504296,064,"Y52","Q38","00","MG","NZ"
"MK125FE",10,52.061002617857,-0.821317636119079,064,"Y52","Q38","00","MG","NZ"
"MK125FF",10,52.0615891177021,-0.822425388850352,064,"Y52","Q38","00","MG","NZ"
"MK125FG",10,52.0609575774792,-0.822208608269019,064,"Y52","Q38","00","MG","NZ"
"MK125FH",10,52.0665716541385,-0.807370311935941,064,"Y52","Q38","00","MG","NZ"
"MK125FJ",10,52.0645552288507,-0.806242402117009,064,"Y52","Q38","00","MG","NZ"
"MK125FL",10,52.0652963831567,-0.804851361284858,064,"Y52","Q38","00","MG","NZ"
"MK125FN",10,52.065400161243,-0.80621987610641,064,"Y52","Q38","00","MG","NZ"
"MK125FP",10,52.065400161243,-0.80621987610641,064,"Y52","Q38","00","MG","NZ"
"MK125FR",10,52.0652963831567,-0.804851361284858,064,"Y52","Q38","00","MG","NZ"
"MK125FY",10,52.0620562231925,-0.817891127547032,064,"Y52","Q38","00","MG","NZ"
"MK125GL",10,52.0620545446838,-0.818620523329124,064,"Y52","Q38","00","MG","NZ"
"MK125GN",10,52.0610156562283,-0.81902718286013,064,"Y52","Q38","00","MG","NZ"
"MK125GP",10,52.0616911228653,-0.819140652343052,064,"Y52","Q38","00","MG","NZ"
"MK125GQ",10,52.0609907660013,-0.830055365421592,064,"Y52","Q38","00","MG","NZ"
"MK125GR",10,52.0606676736697,-0.832835252378901,064,"Y52","Q38","00","MG","NZ"
"MK125GS",10,52.0608306260248,-0.832947698450639,064,"Y52","Q38","00","MG","NZ"
"MK125GT",10,52.0601684117698,-0.831447969632157,064,"Y52","Q38","00","MG","NZ"
"MK125GU",10,52.0603507883385,-0.831705767242247,064,"Y52","Q38","00","MG","NZ"
"MK125GW",10,52.0600777731179,-0.832281757565722,064,"Y52","Q38","00","MG","NZ"
"MK125GX",10,52.0596025258167,-0.83241083842948,064,"Y52","Q38","00","MG","NZ"
"MK125GY",10,52.0604074335226,-0.832885794034048,064,"Y52","Q38","00","MG","NZ"
"MK125GZ",10,52.0605334492093,-0.815772514869514,064,"Y52","Q38","00","MG","NZ"
"MK125HA",10,52.0613511547046,-0.806809177958564,064,"Y52","Q38","00","MG","NZ"
"MK125HB",10,52.0608951059694,-0.807944501889074,064,"Y52","Q38","00","MG","NZ"
"MK125HD",10,52.0604512694932,-0.80762082577082,064,"Y52","Q38","00","MG","NZ"
"MK125HE",10,52.0603734581843,-0.807039437642129,064,"Y52","Q38","00","MG","NZ"
"MK125HF",10,52.0600242289403,-0.807180017631306,064,"Y52","Q38","00","MG","NZ"
"MK125HG",10,52.0597022689942,-0.808238804596677,064,"Y52","Q38","00","MG","NZ"
"MK125HH",10,52.0586392204384,-0.811592683090281,064,"Y52","Q38","00","MG","NZ"
"MK125HJ",10,52.0591558708921,-0.810222467164615,064,"Y52","Q38","00","MG","NZ"
"MK125HL",10,52.0598841061063,-0.808438174538071,064,"Y52","Q38","00","MG","NZ"
"MK125HN",10,52.0602295072813,-0.808808232353787,064,"Y52","Q38","00","MG","NZ"
"MK125HP",10,52.0597932981762,-0.811912130682672,064,"Y52","Q38","00","MG","NZ"
"MK125HQ",10,52.058964900871,-0.810008749826646,064,"Y52","Q38","00","MG","NZ"
"MK125HR",10,52.0600793366101,-0.810854322108453,064,"Y52","Q38","00","MG","NZ"
"MK125HS",10,52.0606686007962,-0.811334619576625,064,"Y52","Q38","00","MG","NZ"
"MK125HT",10,52.0606146472457,-0.812225832292079,064,"Y52","Q38","00","MG","NZ"
"MK125HU",10,52.0608003229848,-0.811914588568584,064,"Y52","Q38","00","MG","NZ"
"MK125HW",10,52.0595193910296,-0.810606637780918,064,"Y52","Q38","00","MG","NZ"
"MK125HX",10,52.0607321249116,-0.810501496863392,064,"Y52","Q38","00","MG","NZ"
"MK125HY",10,52.0608420622798,-0.808923219148556,064,"Y52","Q38","00","MG","NZ"
"MK125HZ",10,52.061012846772,-0.808918676939949,064,"Y52","Q38","00","MG","NZ"
"MK125JA",10,52.0614908664334,-0.809066418654751,064,"Y52","Q38","00","MG","NZ"
"MK125JB",10,52.0613199016809,-0.811725762803159,064,"Y52","Q38","00","MG","NZ"
"MK125JD",10,52.0615068994018,-0.811545758691185,064,"Y52","Q38","00","MG","NZ"
"MK125JE",10,52.0616700501964,-0.809003305854274,064,"Y52","Q38","00","MG","NZ"
"MK125JG",10,52.059570811282,-0.806798265537839,064,"Y52","Q38","00","MG","NZ"
"MK125JN",10,52.062515867933,-0.809068333912576,064,"Y52","Q38","00","MG","NZ"
"MK125JQ",10,52.0631709945701,-0.807169135478926,064,"Y52","Q38","00","MG","NZ"
"MK125JR",10,52.0620054803817,-0.813735167254228,064,"Y52","Q38","00","MG","NZ"
"MK125JS",10,52.061887222904,-0.815386628544574,064,"Y52","Q38","00","MG","NZ"
"MK125JT",10,52.0617872122964,-0.817066772750492,064,"Y52","Q38","00","MG","NZ"
"MK125JU",10,52.0617210862717,-0.818541798527068,064,"Y52","Q38","00","MG","NZ"
"MK125JW",10,52.0621920962422,-0.81173179369361,064,"Y52","Q38","00","MG","NZ"
"MK125JY",10,52.0614727643601,-0.818883847003038,064,"Y52","Q38","00","MG","NZ"
"MK125JZ",10,52.0615688493339,-0.816809977054177,064,"Y52","Q38","00","MG","NZ"
"MK125LA",10,52.061622397978,-0.815875001237811,064,"Y52","Q38","00","MG","NZ"
"MK125LB",10,52.061806849002,-0.813652907165681,064,"Y52","Q38","00","MG","NZ"
"MK125LD",10,52.0619773973102,-0.81183959968739,064,"Y52","Q38","00","MG","NZ"
"MK125LG",10,52.0618512918647,-0.810034160890731,064,"Y52","Q38","00","MG","NZ"
"MK125LJ",10,52.0630326407797,-0.809492211246683,064,"Y52","Q38","00","MG","NZ"
"MK125LS",10,52.062574261415,-0.813968082687072,064,"Y52","Q38","00","MG","NZ"
"MK125LT",10,52.0624470121322,-0.815619802151626,064,"Y52","Q38","00","MG","NZ"
"MK125LU",10,52.0623288746464,-0.817285858449466,064,"Y52","Q38","00","MG","NZ"
"MK125LW",10,52.0627446674068,-0.812140161837861,064,"Y52","Q38","00","MG","NZ"
"MK125LX",10,52.0621369729389,-0.819668616799795,064,"Y52","Q38","00","MG","NZ"
"MK125LY",10,52.0630895170458,-0.808002786512,064,"Y52","Q38","00","MG","NZ"
"MK125LZ",10,52.0626451772711,-0.812974272969535,064,"Y52","Q38","00","MG","NZ"
"MK125NA",10,52.0659013924442,-0.816695494573863,064,"Y52","Q38","00","MG","NZ"
"MK125NE",10,52.0587074650034,-0.834636646007243,064,"Y52","Q38","00","MG","NZ"
"MK125NF",10,52.0601034591838,-0.834877462468432,064,"Y52","Q38","00","MG","NZ"
"MK125NH",10,52.0637893112162,-0.829384159330465,064,"Y52","Q38","00","MG","NZ"
"MK125NJ",10,52.0628997156525,-0.826723352440448,064,"Y52","Q38","00","MG","NZ"
"MK125NL",10,52.0658980409682,-0.819948770032295,064,"Y52","Q38","00","MG","NZ"
"MK125NN",10,52.0682055677563,-0.823228840090201,064,"Y52","Q38","00","MG","NZ"
"MK125NP",10,52.0655520900947,-0.819520242279786,064,"Y52","Q38","00","MG","NZ"
"MK125NQ",10,52.0624046549363,-0.823060364934467,064,"Y52","Q38","00","MG","NZ"
"MK125NT",10,52.0629696740967,-0.81573726458972,064,"Y52","Q38","00","MG","NZ"
"MK125NW",10,52.0596546475737,-0.834043137201966,064,"Y52","Q38","00","MG","NZ"
"MK125NX",10,52.0591879542371,-0.834128217167053,064,"Y52","Q38","00","MG","NZ"
"MK125NY",10,52.0475813338625,-0.828772319088846,064,"Y52","Q38","00","MG","NW"
"MK125NZ",10,52.0611903218167,-0.839327310593177,064,"Y52","Q38","00","MG","NZ"
"MK125PA",10,52.0618039481283,-0.830457142356459,064,"Y52","Q38","00","MG","NZ"
"MK125PB",10,52.0629774031374,-0.825495982101412,064,"Y52","Q38","00","MG","NZ"
"MK125PD",10,52.063258210177,-0.824803008684772,064,"Y52","Q38","00","MG","NZ"
"MK125PE",10,52.0634632055048,-0.824622579086801,064,"Y52","Q38","00","MG","NZ"
"MK125PF",10,52.0638179538172,-0.82413187696185,064,"Y52","Q38","00","MG","NZ"
"MK125PG",10,52.0630843394797,-0.823596820970201,064,"Y52","Q38","00","MG","NZ"
"MK125PH",10,52.0641150174242,-0.824167839363633,064,"Y52","Q38","00","MG","NZ"
"MK125PJ",10,52.0638826466288,-0.825209661849522,064,"Y52","Q38","00","MG","NZ"
"MK125PL",10,52.063921960712,-0.826448578856859,064,"Y52","Q38","00","MG","NZ"
"MK125PN",10,52.0635232749747,-0.827042527142583,064,"Y52","Q38","00","MG","NZ"
"MK125PQ",10,52.0638147158341,-0.822906603891049,064,"Y52","Q38","00","MG","NZ"
"MK125PR",10,52.0629165916147,-0.842068739316989,064,"Y52","Q38","00","MG","NZ"
"MK125PT",10,52.0660486731446,-0.811673214617058,064,"Y52","Q38","00","MG","NZ"
"MK125PW",10,52.0641795837966,-0.826135485228306,064,"Y52","Q38","00","MG","NZ"
"MK125PY",10,52.0669849085798,-0.813574067612487,064,"Y52","Q38","00","MG","NZ"
"MK125PZ",10,52.0674299853706,-0.811344777913738,064,"Y52","Q38","00","MG","NZ"
"MK125QB",10,52.0671715320056,-0.807120913799737,064,"Y52","Q38","00","MG","NZ"
"MK125QD",10,52.0688169447879,-0.81425498170554,064,"Y52","Q38","00","MG","NZ"
"MK125QF",10,52.0679903846749,-0.815210566215082,064,"Y52","Q38","00","MG","NZ"
"MK125QL",10,52.0660349984128,-0.809426973700076,064,"Y52","Q38","00","MG","NZ"
"MK125QQ",10,52.0671597619827,-0.814867828494554,064,"Y52","Q38","00","MG","NZ"
"MK125QS",10,52.0545378209562,-0.832134488567926,064,"Y52","Q38","00","MG","NZ"
"MK125RB",10,52.0555153067035,-0.834603017757699,064,"Y52","Q38","00","MG","NZ"
"MK125RD",10,52.0540074851334,-0.832148315014476,064,"Y52","Q38","00","MG","NZ"
"MK125RE",10,52.0540253181497,-0.832133265698737,064,"Y52","Q38","00","MG","NZ"
"MK125RH",10,52.0653719416956,-0.820385690040461,064,"Y52","Q38","00","MG","NZ"
"MK125RJ",10,52.0639540488937,-0.809919932027359,064,"Y52","Q38","00","MG","NZ"
"MK125RL",10,52.063450245982,-0.808999721545543,064,"Y52","Q38","00","MG","NZ"
"MK125RR",10,52.0566477317793,-0.817406705392622,064,"Y52","Q38","00","MG","NZ"
"MK125RS",10,52.0625667536733,-0.818592423591608,064,"Y52","Q38","00","MG","NZ"
"MK125TH",10,52.0557671561033,-0.830075126679714,064,"Y52","Q38","00","MG","NZ"
"MK125TL",10,52.0654366990016,-0.817874825589907,064,"Y52","Q38","00","MG","NZ"
"MK125TS",10,52.0586044506413,-0.833312010813284,064,"Y52","Q38","00","MG","NZ"
"MK125TT",10,52.0579158972888,-0.830062757879654,064,"Y52","Q38","00","MG","NZ"
"MK125TW",10,52.0594223693149,-0.830563093415898,064,"Y52","Q38","00","MG","NZ"
"MK125WD",10,52.0475813338625,-0.828772319088846,064,"Y52","Q38","00","MG","NW"
"MK125WL",10,52.0475813338625,-0.828772319088846,064,"Y52","Q38","00","MG","NW"
"MK125WS",10,52.0475813338625,-0.828772319088846,064,"Y52","Q38","00","MG","NW"
"MK125YU",10,52.0549209420201,-0.833597553282971,064,"Y52","Q38","00","MG","NZ"
"MK125ZD",10,52.0549117629471,-0.834487457925401,064,"Y52","Q38","00","MG","NZ"
"MK125ZR",10,52.066017248576,-0.8130161748344,064,"Y52","Q38","00","MG","NZ"
"MK125ZT",10,52.0475813338625,-0.828772319088846,064,"Y52","Q38","00","MG","NW"
"MK125ZY",10,52.0549914089821,-0.833449871285715,064,"Y52","Q38","00","MG","NZ"
"MK126AA",10,52.0558596009443,-0.824005352140143,064,"Y52","Q38","00","MG","NZ"
"MK126AB",10,52.0554382212141,-0.822324570405111,064,"Y52","Q38","00","MG","NZ"
"MK126AD",10,52.054902590306,-0.820909352593111,064,"Y52","Q38","00","MG","NZ"
"MK126AE",10,52.0542907628994,-0.823565250788343,064,"Y52","Q38","00","MG","NZ"
"MK126AF",10,52.0538131128597,-0.821652662235843,064,"Y52","Q38","00","MG","NZ"
"MK126AG",10,52.0533708632373,-0.820585064870907,064,"Y52","Q38","00","MG","NZ"
"MK126AH",10,52.0541227706464,-0.824751002164091,064,"Y52","Q38","00","MG","NZ"
"MK126AJ",10,52.053199959125,-0.82417726281626,064,"Y52","Q38","00","MG","NZ"
"MK126AL",10,52.0514546928629,-0.824077234503497,064,"Y52","Q38","00","MG","NZ"
"MK126AN",10,52.0517190790811,-0.822641096397897,064,"Y52","Q38","00","MG","NZ"
"MK126AP",10,52.0524305740482,-0.819166015146936,064,"Y52","Q38","00","MG","NZ"
"MK126AQ",10,52.0533892182097,-0.819724113573845,064,"Y52","Q38","00","MG","NZ"
"MK126AR",10,52.0523276794974,-0.817870763776135,064,"Y52","Q38","00","MG","NZ"
"MK126AS",10,52.0527653196906,-0.815788286452021,064,"Y52","Q38","00","MG","NZ"
"MK126AT",10,52.0542969312451,-0.819685612362831,064,"Y52","Q38","00","MG","NZ"
"MK126AU",10,52.0538390969433,-0.817962137911736,064,"Y52","Q38","00","MG","NZ"
"MK126AW",10,52.051863823562,-0.820930998860279,064,"Y52","Q38","00","MG","NZ"
"MK126AX",10,52.0537370039197,-0.817643976825609,064,"Y52","Q38","00","MG","NZ"
"MK126AY",10,52.0548939594782,-0.827253919578927,064,"Y52","Q38","00","MG","NZ"
"MK126AZ",10,52.0530183414303,-0.825800862450469,064,"Y52","Q38","00","MG","NZ"
"MK126BA",10,52.0566742944568,-0.82997850649115,064,"Y52","Q38","00","MG","NZ"
"MK126BB",10,52.0565774574321,-0.829280944964094,064,"Y52","Q38","00","MG","NZ"
"MK126DA",10,52.0503091534998,-0.816524037846078,064,"Y52","Q38","00","MG","NZ"
"MK126DB",10,52.0507983559953,-0.814206942920882,064,"Y52","Q38","00","MG","NZ"
"MK126EX",10,52.0529103740542,-0.809659147738846,064,"Y52","Q38","00","MG","NZ"
"MK126EY",10,52.0528100173166,-0.810405599852659,064,"Y52","Q38","00","MG","NZ"
"MK126EZ",10,52.0524388394672,-0.809263327732912,064,"Y52","Q38","00","MG","NZ"
"MK126HA",10,52.0522105755721,-0.807140155043958,064,"Y52","Q38","00","MG","NZ"
"MK126HB",10,52.0513219897942,-0.805515874305622,064,"Y52","Q38","00","MG","NZ"
"MK126HD",10,52.0521836899029,-0.80448661391726,064,"Y52","Q38","00","MG","NZ"
"MK126HE",10,52.0525222176606,-0.802406659688302,064,"Y52","Q38","00","MG","NZ"
"MK126HF",10,52.0523095515072,-0.80182898995416,064,"Y52","Q38","00","MG","NZ"
"MK126HG",10,52.053875106723,-0.802822606644972,064,"Y52","Q38","00","MG","NZ"
"MK126HH",10,52.0536541894054,-0.805862047361883,064,"Y52","Q38","00","MG","NZ"
"MK126HJ",10,52.0544413915401,-0.802807472105608,064,"Y52","Q38","00","MG","NZ"
"MK126HL",10,52.0537923816923,-0.80176015935828,064,"Y52","Q38","00","MG","NZ"
"MK126HN",10,52.0526439138655,-0.805538962449449,064,"Y52","Q38","00","MG","NZ"
"MK126HP",10,52.0496022819751,-0.803505522806092,064,"Y52","Q38","00","MG","NZ"
"MK126HQ",10,52.0533523924007,-0.805359645063549,064,"Y52","Q38","00","MG","NZ"
"MK126HR",10,52.049299485262,-0.801136597390007,064,"Y52","Q38","00","MG","NZ"
"MK126HS",10,52.0506363604279,-0.7982133226964,064,"Y52","Q38","00","MG","NZ"
"MK126HT",10,52.0514866332496,-0.800480140182417,064,"Y52","Q38","00","MG","NZ"
"MK126HU",10,52.0498404577014,-0.799517983261044,064,"Y52","Q38","00","MG","NZ"
"MK126HX",10,52.0526081501874,-0.808223365909339,064,"Y52","Q38","00","MG","NZ"
"MK126HY",10,52.053061858236,-0.80863423468266,064,"Y52","Q38","00","MG","NZ"
"MK126JA",10,52.0500723648454,-0.813540751114191,064,"Y52","Q38","00","MG","NZ"
"MK126JB",10,52.0512895415634,-0.812983508978645,064,"Y52","Q38","00","MG","NZ"
"MK126JD",10,52.0498444488294,-0.812336392985022,064,"Y52","Q38","00","MG","NZ"
"MK126JE",10,52.0510256649865,-0.811780074768552,064,"Y52","Q38","00","MG","NZ"
"MK126JF",10,52.0498120458053,-0.811797679134164,064,"Y52","Q38","00","MG","NZ"
"MK126JG",10,52.050936385912,-0.810951187953084,064,"Y52","Q38","00","MG","NZ"
"MK126JH",10,52.0507875651203,-0.810459303278536,064,"Y52","Q38","00","MG","NZ"
"MK126JJ",10,52.0495257653673,-0.810157397369353,064,"Y52","Q38","00","MG","NZ"
"MK126JL",10,52.0507071182211,-0.809615605379991,064,"Y52","Q38","00","MG","NZ"
"MK126JN",10,52.0504255248903,-0.808441843981437,064,"Y52","Q38","00","MG","NZ"
"MK126JP",10,52.0493482082816,-0.809491299373371,064,"Y52","Q38","00","MG","NZ"
"MK126JQ",10,52.049606355348,-0.811015653166336,064,"Y52","Q38","00","MG","NZ"
"MK126JR",10,52.0496787280839,-0.808388790868299,064,"Y52","Q38","00","MG","NZ"
"MK126JS",10,52.0501268441115,-0.814487213076666,064,"Y52","Q38","00","MG","NZ"
"MK126JT",10,52.0499278968135,-0.807244682398738,064,"Y52","Q38","00","MG","NZ"
"MK126JU",10,52.0498138528581,-0.814655908723015,064,"Y52","Q38","00","MG","NZ"
"MK126JW",10,52.0503054290446,-0.808124207401341,064,"Y52","Q38","00","MG","NZ"
"MK126JX",10,52.0501707384106,-0.807252800349833,064,"Y52","Q38","00","MG","NZ"
"MK126JZ",10,52.0493543790734,-0.806545388469363,064,"Y52","Q38","00","MG","NZ"
"MK126LA",10,52.0550062754692,-0.831320115693365,064,"Y52","Q38","00","MG","NZ"
"MK126LB",10,52.0566742944568,-0.82997850649115,064,"Y52","Q38","00","MG","NZ"
"MK126LE",10,52.0564766746644,-0.825476841784859,064,"Y52","Q38","00","MG","NZ"
"MK126LF",10,52.0531173819535,-0.828525494380028,064,"Y52","Q38","00","MG","NZ"
"MK126LG",10,52.0532575736103,-0.829061441801852,064,"Y52","Q38","00","MG","NZ"
"MK126LH",10,52.0541612261858,-0.829519107299947,064,"Y52","Q38","00","MG","NZ"
"MK126LJ",10,52.053580447698,-0.828075857001858,064,"Y52","Q38","00","MG","NZ"
"MK126LL",10,52.0557883399342,-0.827682637576031,064,"Y52","Q38","00","MG","NZ"
"MK126LN",10,52.055333391447,-0.827140320923117,064,"Y52","Q38","00","MG","NZ"
"MK126LP",10,52.0548046275762,-0.825506099497599,064,"Y52","Q38","00","MG","NZ"
"MK126LQ",10,52.0535108387314,-0.830119470584674,064,"Y52","Q38","00","MG","NZ"
"MK126LR",10,52.0548719065881,-0.825941875848432,064,"Y52","Q38","00","MG","NZ"
"MK126LS",10,52.0557433900267,-0.82677954637233,064,"Y52","Q38","00","MG","NZ"
"MK126LT",10,52.0552120255182,-0.825787113286152,064,"Y52","Q38","00","MG","NZ"
"MK126LU",10,52.0538593395259,-0.819084599426139,064,"Y52","Q38","00","MG","NZ"
"MK126LW",10,52.0535999935445,-0.807613606872375,064,"Y52","Q38","00","MG","NZ"
"MK126XN",10,52.0475813338625,-0.828772319088846,064,"Y52","Q38","00","MG","NW"
"MK126YZ",10,52.0475813338625,-0.828772319088846,064,"Y52","Q38","00","MG","NW"
"MK126ZS",10,52.0475813338625,-0.828772319088846,064,"Y52","Q38","00","MG","NW"
"MK130AA",10,52.0659035401601,-0.791209673695027,064,"Y52","Q38","00","MG","NZ"
"MK130AB",10,52.0613335763398,-0.799764215247372,064,"Y52","Q38","00","MG","NZ"
"MK130AD",10,52.0670700755215,-0.785736593939624,064,"Y52","Q38","00","MG","NZ"
"MK130AE",10,52.0664494614329,-0.788335589658381,064,"Y52","Q38","00","MG","NZ"
"MK130AF",10,52.0668586630923,-0.781803394657753,064,"Y52","Q38","00","MG","NZ"
"MK130AG",10,52.066010971119,-0.789412405737736,064,"Y52","Q38","00","MG","NZ"
"MK130AH",10,52.0656221849868,-0.791829974810645,064,"Y52","Q38","00","MG","NZ"
"MK130AJ",10,52.0652857023359,-0.79585078523606,064,"Y52","Q38","00","MG","NZ"
"MK130AL",10,52.0647552617444,-0.797615602305853,064,"Y52","Q38","00","MG","NZ"
"MK130AN",10,52.0646011998581,-0.798378309269583,064,"Y52","Q38","00","MG","NZ"
"MK130AP",10,52.0640874396142,-0.799136069510469,064,"Y52","Q38","00","MG","NZ"
"MK130AQ",10,52.065597790353,-0.790328046446176,064,"Y52","Q38","00","MG","NZ"
"MK130AR",10,52.0640064643472,-0.798248391946316,064,"Y52","Q38","00","MG","NZ"
"MK130AT",10,52.0627215088303,-0.801856756932642,064,"Y52","Q38","00","MG","NZ"
"MK130AU",10,52.0641994551232,-0.797776404369117,064,"Y52","Q38","00","MG","NZ"
"MK130AW",10,52.0650559724771,-0.800656426166307,064,"Y52","Q38","00","MG","NZ"
"MK130AX",10,52.0663384319415,-0.791533467500203,064,"Y52","Q38","00","MG","NZ"
"MK130AY",10,52.0604670289384,-0.79854758346178,064,"Y52","Q38","00","MG","NZ"
"MK130AZ",10,52.0640574842367,-0.797080005994736,064,"Y52","Q38","00","MG","NZ"
"MK130BA",10,52.0639859289238,-0.796235842401558,064,"Y52","Q38","00","MG","NZ"
"MK130BB",10,52.0640532200448,-0.795781814448905,064,"Y52","Q38","00","MG","NZ"
"MK130BD",10,52.064856680887,-0.795220451729527,064,"Y52","Q38","00","MG","NZ"
"MK130BE",10,52.0646560991093,-0.794948678322812,064,"Y52","Q38","00","MG","NZ"
"MK130BF",10,52.0475813338625,-0.828772319088846,064,"Y52","Q38","00","MG","NW"
"MK130BG",10,52.0642910372757,-0.794418754549309,064,"Y52","Q38","00","MG","NZ"
"MK130BH",10,52.0643304921255,-0.7930026754104,064,"Y52","Q38","00","MG","NZ"
"MK130BJ",10,52.0648485450819,-0.792667775634765,064,"Y52","Q38","00","MG","NZ"
"MK130BL",10,52.0651833327908,-0.79375285475321,064,"Y52","Q38","00","MG","NZ"
"MK130BN",10,52.0654465390859,-0.793993762973247,064,"Y52","Q38","00","MG","NZ"
"MK130BP",10,52.06459178458,-0.792178710384575,064,"Y52","Q38","00","MG","NZ"
"MK130BQ",10,52.0639509988586,-0.79369852551377,064,"Y52","Q38","00","MG","NZ"
"MK130BT",10,52.0648978646315,-0.791338938734561,064,"Y52","Q38","00","MG","NZ"
"MK130BU",10,52.0653076109344,-0.790087887750319,064,"Y52","Q38","00","MG","NZ"
"MK130BW",10,52.0475813338625,-0.828772319088846,064,"Y52","Q38","00","MG","NW"
"MK130BX",10,52.0654171253234,-0.789370108584897,064,"Y52","Q38","00","MG","NZ"
"MK130DA",10,52.0653029297112,-0.792261644587683,064,"Y52","Q38","00","MG","NZ"
"MK130DB",10,52.0650966604271,-0.791435689035237,064,"Y52","Q38","00","MG","NZ"
"MK130DD",10,52.0654439254705,-0.79110537624652,064,"Y52","Q38","00","MG","NZ"
"MK130DF",10,52.0654302993545,-0.790653511016231,064,"Y52","Q38","00","MG","NZ"
"MK130DG",10,52.0647446226038,-0.790424034832461,064,"Y52","Q38","00","MG","NZ"
"MK130DH",10,52.0640237393814,-0.790268455229107,064,"Y52","Q38","00","MG","NZ"
"MK130DJ",10,52.0640127947069,-0.790954372967794,064,"Y52","Q38","00","MG","NZ"
"MK130DN",10,52.0615170907248,-0.795718730855303,064,"Y52","Q38","00","MG","NZ"
"MK130DP",10,52.0632797680211,-0.791368026182625,064,"Y52","Q38","00","MG","NZ"
"MK130DQ",10,52.064466881085,-0.789643793417879,064,"Y52","Q38","00","MG","NZ"
"MK130DR",10,52.0634662853271,-0.791144179077591,064,"Y52","Q38","00","MG","NZ"
"MK130DS",10,52.06659476903,-0.780628901442696,064,"Y52","Q38","00","MG","NZ"
"MK130DT",10,52.0668593755486,-0.779264951145776,064,"Y52","Q38","00","MG","NZ"
"MK130DW",10,52.0640307551822,-0.791829150517743,064,"Y52","Q38","00","MG","NZ"
"MK130DX",10,52.0606939656395,-0.800525274281744,064,"Y52","Q38","00","MG","NZ"
"MK130DY",10,52.0656526341318,-0.80097597360612,064,"Y52","Q38","00","MG","NZ"
"MK130EA",10,52.0653982381814,-0.787532511365683,064,"Y52","Q38","00","MG","NZ"
"MK130EB",10,52.065884230122,-0.788453003590116,064,"Y52","Q38","00","MG","NZ"
"MK130ED",10,52.0655305314132,-0.789031513781561,064,"Y52","Q38","00","MG","NZ"
"MK130EE",10,52.0653122580802,-0.788789418748417,064,"Y52","Q38","00","MG","NZ"
"MK130EF",10,52.0651494078004,-0.787816422709214,064,"Y52","Q38","00","MG","NZ"
"MK130EH",10,52.0646226803026,-0.788180791666695,064,"Y52","Q38","00","MG","NZ"
"MK130EJ",10,52.0647996090314,-0.788774109867303,064,"Y52","Q38","00","MG","NZ"
"MK130EL",10,52.0645185649672,-0.788548306121693,064,"Y52","Q38","00","MG","NZ"
"MK130EN",10,52.0636604520009,-0.788163069049167,064,"Y52","Q38","00","MG","NZ"
"MK130EP",10,52.0640487351015,-0.786577087304281,064,"Y52","Q38","00","MG","NZ"
"MK130EQ",10,52.0648766094002,-0.788392739324028,064,"Y52","Q38","00","MG","NZ"
"MK130ER",10,52.0620554167316,-0.799132212451105,064,"Y52","Q38","00","MG","NZ"
"MK130ES",10,52.0651638970852,-0.785729934507925,064,"Y52","Q38","00","MG","NZ"
"MK130ET",10,52.0664290321314,-0.785476797336029,064,"Y52","Q38","00","MG","NZ"
"MK130EU",10,52.0657723846785,-0.784575546848427,064,"Y52","Q38","00","MG","NZ"
"MK130EX",10,52.0656915427457,-0.7863283321545,064,"Y52","Q38","00","MG","NZ"
"MK130EY",10,52.066297846185,-0.7875810930826,064,"Y52","Q38","00","MG","NZ"
"MK130EZ",10,52.0667212219123,-0.783295170981023,064,"Y52","Q38","00","MG","NZ"
"MK130FX",10,52.0656897782579,-0.789654501751757,064,"Y52","Q38","00","MG","NZ"
"MK130LA",10,52.0586909404868,-0.795430075396176,064,"Y52","Q38","00","MG","NU"
"MK130LB",10,52.0582475626937,-0.796915167619578,064,"Y52","Q38","00","MG","NU"
"MK130LG",10,52.0570137562498,-0.80024461184709,064,"Y52","Q38","00","MG","NU"
"MK130LH",10,52.0582801830455,-0.797468552797806,064,"Y52","Q38","00","MG","NU"
"MK130LJ",10,52.0585298664053,-0.799912281138479,064,"Y52","Q38","00","MG","NU"
"MK130LL",10,52.0580852657441,-0.799515792814739,064,"Y52","Q38","00","MG","NU"
"MK130LP",10,52.0588558353196,-0.798372015447129,064,"Y52","Q38","00","MG","NU"
"MK130LQ",10,52.0572058648399,-0.799685217977593,064,"Y52","Q38","00","MG","NU"
"MK130LR",10,52.0571861801415,-0.798635591819478,064,"Y52","Q38","00","MG","NU"
"MK130PA",10,52.0555629120471,-0.791124128243621,064,"Y52","Q38","00","MG","NU"
"MK130PB",10,52.0560521845055,-0.791490136144216,064,"Y52","Q38","00","MG","NU"
"MK130PD",10,52.056452484979,-0.791070948890706,064,"Y52","Q38","00","MG","NU"
"MK130PE",10,52.0569462600191,-0.790999279828883,064,"Y52","Q38","00","MG","NU"
"MK130PF",10,52.0574310463614,-0.790927851742519,064,"Y52","Q38","00","MG","NU"
"MK130PG",10,52.053524990186,-0.793177172401003,064,"Y52","Q38","00","MG","NU"
"MK130PH",10,52.0539454111251,-0.791211533391602,064,"Y52","Q38","00","MG","NU"
"MK130PJ",10,52.0535438917743,-0.792389111535491,064,"Y52","Q38","00","MG","NU"
"MK130PL",10,52.0537260951889,-0.790867427159162,064,"Y52","Q38","00","MG","NU"
"MK130PN",10,52.0522687033544,-0.792540158153483,064,"Y52","Q38","00","MG","NU"
"MK130PP",10,52.0530582077991,-0.792373036295667,064,"Y52","Q38","00","MG","NU"
"MK130PQ",10,52.053734743929,-0.7925881473903,064,"Y52","Q38","00","MG","NU"
"MK130PR",10,52.0526740872761,-0.792616735477043,064,"Y52","Q38","00","MG","NU"
"MK130PS",10,52.0528170489666,-0.790775291453406,064,"Y52","Q38","00","MG","NU"
"MK130PT",10,52.0528959863733,-0.791458612441381,064,"Y52","Q38","00","MG","NU"
"MK130PU",10,52.0561900357114,-0.789152792015804,064,"Y52","Q38","00","MG","NU"
"MK130PW",10,52.0526405222876,-0.792850984060405,064,"Y52","Q38","00","MG","NU"
"MK130PX",10,52.0556769365336,-0.789093737552664,064,"Y52","Q38","00","MG","NU"
"MK130PZ",10,52.0566472525794,-0.789898867686378,064,"Y52","Q38","00","MG","NU"
"MK130QA",10,52.0573236477025,-0.789224244568015,064,"Y52","Q38","00","MG","NU"
"MK130QB",10,52.0542562840741,-0.789963459822556,064,"Y52","Q38","00","MG","NU"
"MK130QD",10,52.0533617710135,-0.789535511554538,064,"Y52","Q38","00","MG","NU"
"MK130QE",10,52.0534062576707,-0.790365611609454,064,"Y52","Q38","00","MG","NU"
"MK130QF",10,52.0537947213796,-0.789669656042518,064,"Y52","Q38","00","MG","NU"
"MK130QG",10,52.0549145530906,-0.789274779498537,064,"Y52","Q38","00","MG","NU"
"MK130QH",10,52.0553645822698,-0.789320954964381,064,"Y52","Q38","00","MG","NU"
"MK130QJ",10,52.0551111019928,-0.788277700143059,064,"Y52","Q38","00","MG","NU"
"MK130QL",10,52.0544240705889,-0.787917085959121,064,"Y52","Q38","00","MG","NU"
"MK130QN",10,52.0537193678813,-0.788461190843696,064,"Y52","Q38","00","MG","NU"
"MK130QP",10,52.0524479619957,-0.794241646489188,064,"Y52","Q38","00","MG","NU"
"MK130QR",10,52.0523118253049,-0.793239022494452,064,"Y52","Q38","00","MG","NU"
"MK130RA",10,52.0556756255066,-0.796867569365172,064,"Y52","Q38","00","MG","NU"
"MK130RB",10,52.0560914202372,-0.797964869470388,064,"Y52","Q38","00","MG","NU"
"MK130RD",10,52.0551519255739,-0.798413040654257,064,"Y52","Q38","00","MG","NU"
"MK130RH",10,52.0542695530861,-0.798290864765718,064,"Y52","Q38","00","MG","NU"
"MK130WG",10,52.0475813338625,-0.828772319088846,064,"Y52","Q38","00","MG","NW"
"MK130WL",10,52.0475813338625,-0.828772319088846,064,"Y52","Q38","00","MG","NW"
"MK130WT",10,52.0475813338625,-0.828772319088846,064,"Y52","Q38","00","MG","NW"
"MK130XJ",10,52.0475813338625,-0.828772319088846,064,"Y52","Q38","00","MG","NW"
"MK130XP",10,52.0475813338625,-0.828772319088846,064,"Y52","Q38","00","MG","NW"
"MK130ZG",10,52.0475813338625,-0.828772319088846,064,"Y52","Q38","00","MG","NW"
"MK137AA",10,52.0631955706144,-0.786673143315739,064,"Y52","Q38","00","MG","NU"
"MK137AB",10,52.0627271291637,-0.78745896206862,064,"Y52","Q38","00","MG","NU"
"MK137AD",10,52.0603216065665,-0.78610920171799,064,"Y52","Q38","00","MG","NU"
"MK137AE",10,52.0574657372588,-0.784684289717208,064,"Y52","Q38","00","MG","NU"
"MK137AF",10,52.0579353645284,-0.784015188664805,064,"Y52","Q38","00","MG","NU"
"MK137AG",10,52.0573684155984,-0.786583051288976,064,"Y52","Q38","00","MG","NU"
"MK137AH",10,52.0592618689478,-0.78273934916246,064,"Y52","Q38","00","MG","NU"
"MK137AJ",10,52.0587974745336,-0.783043691248425,064,"Y52","Q38","00","MG","NU"
"MK137AL",10,52.0585365047338,-0.783021610454481,064,"Y52","Q38","00","MG","NU"
"MK137AN",10,52.0582998710428,-0.78448662539714,064,"Y52","Q38","00","MG","NU"
"MK137AP",10,52.0598669643375,-0.783000043610677,064,"Y52","Q38","00","MG","NU"
"MK137AQ",10,52.058408300422,-0.781055999132824,064,"Y52","Q38","00","MG","NU"
"MK137AR",10,52.0601445561278,-0.782890395043821,064,"Y52","Q38","00","MG","NU"
"MK137AS",10,52.0610396482637,-0.782501399934124,064,"Y52","Q38","00","MG","NU"
"MK137AT",10,52.0607375007387,-0.782845107061372,064,"Y52","Q38","00","MG","NU"
"MK137AU",10,52.0601061243554,-0.784393842762517,064,"Y52","Q38","00","MG","NU"
"MK137AW",10,52.0590333584919,-0.784991817705711,064,"Y52","Q38","00","MG","NU"
"MK137AX",10,52.0613427000486,-0.785731439816175,064,"Y52","Q38","00","MG","NU"
"MK137AY",10,52.0595518982363,-0.780353905620108,064,"Y52","Q38","00","MG","NU"
"MK137AZ",10,52.0605774286677,-0.777802494870534,064,"Y52","Q38","00","MG","NU"
"MK137BA",10,52.0600007304292,-0.778547553901884,064,"Y52","Q38","00","MG","NU"
"MK137BB",10,52.0588115203816,-0.778317438616849,064,"Y52","Q38","00","MG","NU"
"MK137BD",10,52.0662158848772,-0.777035875865743,064,"Y52","Q38","00","MG","NU"
"MK137BE",10,52.061435853569,-0.776480834556452,064,"Y52","Q38","00","MG","NU"
"MK137BG",10,52.0658251400905,-0.776638075691278,064,"Y52","Q38","00","MG","NU"
"MK137BH",10,52.0623630765889,-0.782669639635142,064,"Y52","Q38","00","MG","NU"
"MK137BJ",10,52.0628262302755,-0.777901579419587,064,"Y52","Q38","00","MG","NU"
"MK137BL",10,52.0618341063796,-0.782815301990011,064,"Y52","Q38","00","MG","NU"
"MK137BN",10,52.0622959056828,-0.77791605229465,064,"Y52","Q38","00","MG","NU"
"MK137BP",10,52.0635902571416,-0.777880727881015,064,"Y52","Q38","00","MG","NU"
"MK137BQ",10,52.0630388369547,-0.785422874350658,064,"Y52","Q38","00","MG","NU"
"MK137BS",10,52.0636608449276,-0.782094618537334,064,"Y52","Q38","00","MG","NU"
"MK137BT",10,52.0641402218574,-0.77802618324808,064,"Y52","Q38","00","MG","NU"
"MK137BU",10,52.0611312733117,-0.784409776322065,064,"Y52","Q38","00","MG","NU"
"MK137BW",10,52.063120626917,-0.782021786695974,064,"Y52","Q38","00","MG","NU"
"MK137BX",10,52.0645070892415,-0.777855704809241,064,"Y52","Q38","00","MG","NU"
"MK137BY",10,52.064542874666,-0.781312058168823,064,"Y52","Q38","00","MG","NU"
"MK137BZ",10,52.0650053662008,-0.776485416644717,064,"Y52","Q38","00","MG","NU"
"MK137DA",10,52.0650284250736,-0.777841475407458,064,"Y52","Q38","00","MG","NU"
"MK137DB",10,52.0650492748692,-0.779854058138077,064,"Y52","Q38","00","MG","NU"
"MK137DD",10,52.0656647284616,-0.778509755612431,064,"Y52","Q38","00","MG","NU"
"MK137DE",10,52.0656520272965,-0.77728468873727,064,"Y52","Q38","00","MG","NU"
"MK137DF",10,52.0566580167731,-0.786573126185462,064,"Y52","Q38","00","MG","NU"
"MK137DG",10,52.0566907855373,-0.781904934138522,064,"Y52","Q38","00","MG","NU"
"MK137DH",10,52.0554785373234,-0.785540378853418,064,"Y52","Q38","00","MG","NU"
"MK137DJ",10,52.0562366730839,-0.784075890397393,064,"Y52","Q38","00","MG","NU"
"MK137DL",10,52.0562004818103,-0.782312067589149,064,"Y52","Q38","00","MG","NU"
"MK137DN",10,52.0559944325951,-0.784126221656357,064,"Y52","Q38","00","MG","NU"
"MK137DP",10,52.0555722699852,-0.784166851146584,064,"Y52","Q38","00","MG","NU"
"MK137DQ",10,52.0566457848481,-0.783641810226045,064,"Y52","Q38","00","MG","NU"
"MK137DR",10,52.055536983959,-0.782490539550914,064,"Y52","Q38","00","MG","NU"
"MK137DS",10,52.055333903313,-0.783721189895247,064,"Y52","Q38","00","MG","NU"
"MK137DU",10,52.0549607454222,-0.784154280502189,064,"Y52","Q38","00","MG","NU"
"MK137DW",10,52.0558965270881,-0.782480766586152,064,"Y52","Q38","00","MG","NU"
"MK137DX",10,52.0622587122525,-0.776064499304478,064,"Y52","Q38","00","MG","NU"
"MK137DY",10,52.0659578741215,-0.778166226333649,064,"Y52","Q38","00","MG","NU"
"MK137DZ",10,52.0660688361521,-0.779330269497563,064,"Y52","Q38","00","MG","NU"
"MK137EB",10,52.0579068396762,-0.780384117632708,064,"Y52","Q38","00","MG","NU"
"MK137ED",10,52.0564898998564,-0.7798684602173,064,"Y52","Q38","00","MG","NU"
"MK137EE",10,52.0574788581333,-0.780731240243266,064,"Y52","Q38","00","MG","NU"
"MK137EF",10,52.0562450104338,-0.780531464534437,064,"Y52","Q38","00","MG","NU"
"MK137EG",10,52.0567401360981,-0.780590910886107,064,"Y52","Q38","00","MG","NU"
"MK137EJ",10,52.0580224997025,-0.782875133626527,064,"Y52","Q38","00","MG","NU"
"MK137EL",10,52.0580476080636,-0.781824275829593,064,"Y52","Q38","00","MG","NU"
"MK137EN",10,52.057853475794,-0.782179612925264,064,"Y52","Q38","00","MG","NU"
"MK137EP",10,52.0607741236051,-0.779430833171742,064,"Y52","Q38","00","MG","NU"
"MK137ES",10,52.0578985922275,-0.786554101957502,064,"Y52","Q38","00","MG","NU"
"MK137ET",10,52.0612840385849,-0.780919378583805,064,"Y52","Q38","00","MG","NU"
"MK137EU",10,52.0606876257164,-0.780629294612274,064,"Y52","Q38","00","MG","NU"
"MK137EW",10,52.0575972199185,-0.783484701065949,064,"Y52","Q38","00","MG","NU"
"MK137EZ",10,52.0610973724615,-0.775921198122894,064,"Y52","Q38","00","MG","NU"
"MK137FA",10,52.063309569668,-0.786392892344208,064,"Y52","Q38","00","MG","NU"
"MK137GA",10,52.0605169870314,-0.78762090904914,064,"Y52","Q38","00","MG","NU"
"MK137HA",10,52.0585865381191,-0.775698104040029,064,"Y52","Q38","00","MG","NU"
"MK137HB",10,52.0589750146848,-0.775877103554295,064,"Y52","Q38","00","MG","NU"
"MK137HD",10,52.0588387213126,-0.774874392191746,064,"Y52","Q38","00","MG","NU"
"MK137HF",10,52.0575635597579,-0.775025957556084,064,"Y52","Q38","00","MG","NU"
"MK137HG",10,52.058158602941,-0.77951669911193,064,"Y52","Q38","00","MG","NU"
"MK137HH",10,52.0581363203869,-0.778233755573533,064,"Y52","Q38","00","MG","NU"
"MK137HJ",10,52.056942875905,-0.777595381231971,064,"Y52","Q38","00","MG","NU"
"MK137HN",10,52.0592790993543,-0.7870272143436,064,"Y52","Q38","00","MG","NU"
"MK137HP",10,52.0591985138096,-0.787933737488232,064,"Y52","Q38","00","MG","NU"
"MK137HQ",10,52.0576357562225,-0.779385090244697,064,"Y52","Q38","00","MG","NU"
"MK137HR",10,52.0587381461848,-0.787756578554115,064,"Y52","Q38","00","MG","NU"
"MK137HS",10,52.0601550434479,-0.787397324134644,064,"Y52","Q38","00","MG","NU"
"MK137HT",10,52.0596473313141,-0.786988068596454,064,"Y52","Q38","00","MG","NU"
"MK137HU",10,52.05885273355,-0.786659525047489,064,"Y52","Q38","00","MG","NU"
"MK137HW",10,52.0590407584721,-0.78745666598198,064,"Y52","Q38","00","MG","NU"
"MK137HZ",10,52.0583501231335,-0.786746070611754,064,"Y52","Q38","00","MG","NU"
"MK137JH",10,52.0625620453099,-0.788017746991195,064,"Y52","Q38","00","MG","NU"
"MK137JL",10,52.0597273474232,-0.788648740766214,064,"Y52","Q38","00","MG","NU"
"MK137JN",10,52.0584900643666,-0.788113355069722,064,"Y52","Q38","00","MG","NU"
"MK137LA",10,52.0538793997761,-0.773507837773448,064,"Y52","Q38","00","MG","NC"
"MK137LB",10,52.0528518395347,-0.775854841877229,064,"Y52","Q38","00","MG","NC"
"MK137LD",10,52.0527177269587,-0.778527386257636,064,"Y52","Q38","00","MG","NC"
"MK137LE",10,52.0542389019093,-0.774358482287418,064,"Y52","Q38","00","MG","NC"
"MK137LF",10,52.0535175986912,-0.775894985598367,064,"Y52","Q38","00","MG","NC"
"MK137LG",10,52.0535136291188,-0.778111907754356,064,"Y52","Q38","00","MG","NC"
"MK137LH",10,52.0544243830612,-0.775768113356184,064,"Y52","Q38","00","MG","NC"
"MK137LJ",10,52.0543540188093,-0.7776514465647,064,"Y52","Q38","00","MG","NC"
"MK137LL",10,52.0543185218045,-0.779431731616944,064,"Y52","Q38","00","MG","NC"
"MK137LN",10,52.0514093943945,-0.779817249966669,064,"Y52","Q38","00","MG","NC"
"MK137LP",10,52.0514225364918,-0.777614765814335,064,"Y52","Q38","00","MG","NC"
"MK137LQ",10,52.0535194448918,-0.779541010518789,064,"Y52","Q38","00","MG","NC"
"MK137LR",10,52.0514847638583,-0.776679714931637,064,"Y52","Q38","00","MG","NC"
"MK137LS",10,52.05168989209,-0.77565325389742,064,"Y52","Q38","00","MG","NC"
"MK137LT",10,52.0517715965567,-0.774863499172318,064,"Y52","Q38","00","MG","NC"
"MK137LU",10,52.0518421838886,-0.773869873092123,064,"Y52","Q38","00","MG","NC"
"MK137LW",10,52.051351615302,-0.778579218245638,064,"Y52","Q38","00","MG","NC"
"MK137LX",10,52.0563538300085,-0.77368803104091,064,"Y52","Q38","00","MG","NC"
"MK137LY",10,52.0564469009282,-0.773991773331318,064,"Y52","Q38","00","MG","NC"
"MK137LZ",10,52.0561412469355,-0.774860664069949,064,"Y52","Q38","00","MG","NC"
"MK137NA",10,52.055929659405,-0.774399728551815,064,"Y52","Q38","00","MG","NC"
"MK137NB",10,52.0556326878288,-0.77523919898862,064,"Y52","Q38","00","MG","NC"
"MK137ND",10,52.0557915523494,-0.77581825685095,064,"Y52","Q38","00","MG","NC"
"MK137NE",10,52.0557421035786,-0.777117675728661,064,"Y52","Q38","00","MG","NC"
"MK137NF",10,52.0551899552126,-0.777628634757812,064,"Y52","Q38","00","MG","NC"
"MK137NG",10,52.0551098784207,-0.776843239726984,064,"Y52","Q38","00","MG","NC"
"MK137NH",10,52.0481477919529,-0.775691720185081,064,"Y52","Q38","00","MG","NC"
"MK137NJ",10,52.0487494698757,-0.774756565164081,064,"Y52","Q38","00","MG","NC"
"MK137NL",10,52.0495021254125,-0.773642256714559,064,"Y52","Q38","00","MG","NC"
"MK137NN",10,52.0490012301313,-0.773028905586643,064,"Y52","Q38","00","MG","NC"
"MK137NP",10,52.049817519087,-0.772846135864034,064,"Y52","Q38","00","MG","NC"
"MK137NQ",10,52.0550266163966,-0.775751653791329,064,"Y52","Q38","00","MG","NC"
"MK137NR",10,52.050294028654,-0.773708078973212,064,"Y52","Q38","00","MG","NC"
"MK137NS",10,52.0495192936552,-0.777025043206644,064,"Y52","Q38","00","MG","NC"
"MK137NT",10,52.0500580026539,-0.776952004873646,064,"Y52","Q38","00","MG","NC"
"MK137NU",10,52.0497151618015,-0.777705100428997,064,"Y52","Q38","00","MG","NC"
"MK137NW",10,52.0494390889622,-0.772769003493876,064,"Y52","Q38","00","MG","NC"
"MK137NX",10,52.0492617330331,-0.778198707111851,064,"Y52","Q38","00","MG","NC"
"MK137NY",10,52.0495482871617,-0.776353433317161,064,"Y52","Q38","00","MG","NC"
"MK137NZ",10,52.0500959842561,-0.776280141340504,064,"Y52","Q38","00","MG","NC"
"MK137PA",10,52.0504241130504,-0.776708677368876,064,"Y52","Q38","00","MG","NC"
"MK137PB",10,52.0503088610746,-0.777732652320507,064,"Y52","Q38","00","MG","NC"
"MK137PD",10,52.0501099835128,-0.77849640406791,064,"Y52","Q38","00","MG","NC"
"MK137PE",10,52.049206055141,-0.777164839830151,064,"Y52","Q38","00","MG","NC"
"MK137PF",10,52.0492769650581,-0.776200431607689,064,"Y52","Q38","00","MG","NC"
"MK137PG",10,52.0499154075434,-0.77880795484855,064,"Y52","Q38","00","MG","NC"
"MK137PH",10,52.0551242555029,-0.773036207054007,064,"Y52","Q38","00","MG","NC"
"MK137PJ",10,52.0555880165481,-0.772673463928005,064,"Y52","Q38","00","MG","NC"
"MK137PL",10,52.0544058340565,-0.77139324160835,064,"Y52","Q38","00","MG","NC"
"MK137PN",10,52.0510681303672,-0.779855711878854,064,"Y52","Q38","00","MG","NC"
"MK137PP",10,52.0481812165129,-0.778913553380451,064,"Y52","Q38","00","MG","NC"
"MK137PQ",10,52.0551790604271,-0.773982720924884,064,"Y52","Q38","00","MG","NC"
"MK137PR",10,52.0488699985747,-0.7768386079565,064,"Y52","Q38","00","MG","NC"
"MK137PS",10,52.0528903556399,-0.773505749153754,064,"Y52","Q38","00","MG","NC"
"MK137PT",10,52.0528650938215,-0.77280640427647,064,"Y52","Q38","00","MG","NC"
"MK137PU",10,52.0535003961012,-0.772511898105905,064,"Y52","Q38","00","MG","NC"
"MK137PW",10,52.0511218243111,-0.780700093479182,064,"Y52","Q38","00","MG","NC"
"MK137PX",10,52.0522935625862,-0.781849496902092,064,"Y52","Q38","00","MG","NC"
"MK137PY",10,52.0530289110918,-0.78079402680558,064,"Y52","Q38","00","MG","NC"
"MK137PZ",10,52.0526468654974,-0.780366904329334,064,"Y52","Q38","00","MG","NC"
"MK137QA",10,52.0533009813039,-0.781019969493922,064,"Y52","Q38","00","MG","NC"
"MK137QB",10,52.0523904204715,-0.780782236270822,064,"Y52","Q38","00","MG","NC"
"MK137QD",10,52.0525864179533,-0.781476933563408,064,"Y52","Q38","00","MG","NC"
"MK137QE",10,52.0522757688173,-0.780129081489167,064,"Y52","Q38","00","MG","NC"
"MK137QF",10,52.0535552246975,-0.781260984221771,064,"Y52","Q38","00","MG","NC"
"MK137QG",10,52.0530822970987,-0.781609286461753,064,"Y52","Q38","00","MG","NC"
"MK137QH",10,52.0538676681515,-0.78278384651176,064,"Y52","Q38","00","MG","NC"
"MK137QJ",10,52.0532820550592,-0.782668501230866,064,"Y52","Q38","00","MG","NC"
"MK137QL",10,52.0500531757324,-0.779956270002295,064,"Y52","Q38","00","MG","NC"
"MK137QN",10,52.0503303472335,-0.775471660153668,064,"Y52","Q38","00","MG","NC"
"MK137QP",10,52.050325347634,-0.774990549078703,064,"Y52","Q38","00","MG","NC"
"MK137QQ",10,52.054265322271,-0.781241664301204,064,"Y52","Q38","00","MG","NC"
"MK137QR",10,52.0493294354249,-0.775192775511099,064,"Y52","Q38","00","MG","NC"
"MK137QS",10,52.0515437426136,-0.781505294591741,064,"Y52","Q38","00","MG","NC"
"MK137QT",10,52.0475813922414,-0.777427916886952,064,"Y52","Q38","00","MG","NC"
"MK137QW",10,52.0498327949651,-0.775179014356651,064,"Y52","Q38","00","MG","NC"
"MK137RA",10,52.0522778283559,-0.771670363700048,064,"Y52","Q38","00","MG","NC"
"MK137UE",10,52.0627846670312,-0.789557976139078,064,"Y52","Q38","00","MG","NZ"
"MK137UF",10,52.0628772398425,-0.790693285886394,064,"Y52","Q38","00","MG","NZ"
"MK137UG",10,52.0632896753327,-0.789704787447836,064,"Y52","Q38","00","MG","NZ"
"MK137UQ",10,52.0633193390748,-0.789091311586088,064,"Y52","Q38","00","MG","NZ"
"MK137WG",10,52.0475813338625,-0.828772319088846,064,"Y52","Q38","00","MG","NW"
"MK137WS",10,52.0475813338625,-0.828772319088846,064,"Y52","Q38","00","MG","NW"
"MK137WT",10,52.0475813338625,-0.828772319088846,064,"Y52","Q38","00","MG","NW"
"MK137WW",10,52.0475813338625,-0.828772319088846,064,"Y52","Q38","00","MG","NW"
"MK137XP",10,52.0475813338625,-0.828772319088846,064,"Y52","Q38","00","MG","NW"
"MK137YW",10,52.0475813338625,-0.828772319088846,064,"Y52","Q38","00","MG","NW"
"MK137ZF",10,52.0475813338625,-0.828772319088846,064,"Y52","Q38","00","MG","NW"
"MK138AB",10,52.0456659558849,-0.767039645723171,064,"Y52","Q38","00","MG","NC"
"MK138AD",10,52.045705848853,-0.765697024966238,064,"Y52","Q38","00","MG","NC"
"MK138AE",10,52.0453547015316,-0.766508689005112,064,"Y52","Q38","00","MG","NC"
"MK138AF",10,52.045066305355,-0.766443720146965,064,"Y52","Q38","00","MG","NC"
"MK138AG",10,52.0446445906794,-0.765667932481194,064,"Y52","Q38","00","MG","NC"
"MK138AH",10,52.0451219242082,-0.767462899679448,064,"Y52","Q38","00","MG","NC"
"MK138AJ",10,52.0445757494457,-0.766821759741647,064,"Y52","Q38","00","MG","NC"
"MK138AL",10,52.0456776915874,-0.769022442256394,064,"Y52","Q38","00","MG","NC"
"MK138AN",10,52.0461505764271,-0.769534399669658,064,"Y52","Q38","00","MG","NC"
"MK138AP",10,52.0463349126073,-0.769966796680655,064,"Y52","Q38","00","MG","NC"
"MK138AQ",10,52.0442989033823,-0.765283759267375,064,"Y52","Q38","00","MG","NC"
"MK138AR",10,52.0467849605622,-0.768292080166136,064,"Y52","Q38","00","MG","NC"
"MK138AS",10,52.0465316053262,-0.768138642375328,064,"Y52","Q38","00","MG","NC"
"MK138AT",10,52.0473181744688,-0.76941484090878,064,"Y52","Q38","00","MG","NC"
"MK138AU",10,52.0471656624057,-0.770308546481024,064,"Y52","Q38","00","MG","NC"
"MK138AW",10,52.0465137787969,-0.769014054412607,064,"Y52","Q38","00","MG","NC"
"MK138AX",10,52.0465798854775,-0.770178802424706,064,"Y52","Q38","00","MG","NC"
"MK138AY",10,52.0471851786769,-0.768733127900621,064,"Y52","Q38","00","MG","NC"
"MK138AZ",10,52.0477980352972,-0.771457786378462,064,"Y52","Q38","00","MG","NC"
"MK138BA",10,52.0475620532501,-0.771245521439973,064,"Y52","Q38","00","MG","NC"
"MK138BB",10,52.0473161701434,-0.770946036548898,064,"Y52","Q38","00","MG","NC"
"MK138BD",10,52.0478253380074,-0.769765472774223,064,"Y52","Q38","00","MG","NC"
"MK138BE",10,52.0448309407534,-0.768870726144334,064,"Y52","Q38","00","MG","NC"
"MK138BF",10,52.042999762983,-0.776065667649938,064,"Y52","Q38","00","MG","NC"
"MK138BH",10,52.0433354909887,-0.768591029798442,064,"Y52","Q38","00","MG","NC"
"MK138BJ",10,52.0436834548864,-0.768333588871497,064,"Y52","Q38","00","MG","NC"
"MK138BL",10,52.044061123459,-0.7674774966275,064,"Y52","Q38","00","MG","NC"
"MK138BN",10,52.0439209651962,-0.768691590372214,064,"Y52","Q38","00","MG","NC"
"MK138BQ",10,52.0440454290678,-0.76941723173735,064,"Y52","Q38","00","MG","NC"
"MK138BS",10,52.04461156039,-0.768526799661227,064,"Y52","Q38","00","MG","NC"
"MK138BT",10,52.0448641526851,-0.767747038492706,064,"Y52","Q38","00","MG","NC"
"MK138BU",10,52.0440995091884,-0.766849447146928,064,"Y52","Q38","00","MG","NC"
"MK138BW",10,52.0443603368662,-0.767717149257991,064,"Y52","Q38","00","MG","NC"
"MK138BX",10,52.0436465831659,-0.767386830835096,064,"Y52","Q38","00","MG","NC"
"MK138BY",10,52.0481923343617,-0.770469941965456,064,"Y52","Q38","00","MG","NC"
"MK138BZ",10,52.0434299364436,-0.76988614589723,064,"Y52","Q38","00","MG","NC"
"MK138DA",10,52.0468239041476,-0.772024035174082,064,"Y52","Q38","00","MG","NC"
"MK138DB",10,52.0457975606205,-0.771031437158374,064,"Y52","Q38","00","MG","NC"
"MK138DD",10,52.045536413797,-0.771855175519465,064,"Y52","Q38","00","MG","NC"
"MK138DE",10,52.0461589268641,-0.771196508586875,064,"Y52","Q38","00","MG","NC"
"MK138DF",10,52.0450795401905,-0.771153201291781,064,"Y52","Q38","00","MG","NC"
"MK138DG",10,52.046162851248,-0.772435863625546,064,"Y52","Q38","00","MG","NC"
"MK138DH",10,52.0467007661222,-0.773150230703752,064,"Y52","Q38","00","MG","NC"
"MK138DJ",10,52.0471058906362,-0.772337115692364,064,"Y52","Q38","00","MG","NC"
"MK138DN",10,52.0462797293194,-0.771572326409556,064,"Y52","Q38","00","MG","NC"
"MK138DP",10,52.0476410740112,-0.772789088158738,064,"Y52","Q38","00","MG","NC"
"MK138DQ",10,52.0464916009586,-0.77292264556317,064,"Y52","Q38","00","MG","NC"
"MK138DR",10,52.0436279889451,-0.769909871332955,064,"Y52","Q38","00","MG","NC"
"MK138DS",10,52.0431017534154,-0.771178275581498,064,"Y52","Q38","00","MG","NC"
"MK138DT",10,52.0444420570464,-0.772964189878888,064,"Y52","Q38","00","MG","NC"
"MK138DU",10,52.045453136903,-0.774219690371895,064,"Y52","Q38","00","MG","NC"
"MK138DW",10,52.0470639501429,-0.773490259094059,064,"Y52","Q38","00","MG","NC"
"MK138DX",10,52.0464261286105,-0.775272140008316,064,"Y52","Q38","00","MG","NC"
"MK138DY",10,52.0444143628611,-0.7720317422457,064,"Y52","Q38","00","MG","NC"
"MK138DZ",10,52.0430083715911,-0.770845475843163,064,"Y52","Q38","00","MG","NC"
"MK138EA",10,52.0487077452262,-0.769026688545636,064,"Y52","Q38","00","MG","NC"
"MK138EB",10,52.0490282864571,-0.767865836256877,064,"Y52","Q38","00","MG","NC"
"MK138ED",10,52.0483172783253,-0.768658268523147,064,"Y52","Q38","00","MG","NC"
"MK138EE",10,52.0487900113094,-0.767434905907917,064,"Y52","Q38","00","MG","NC"
"MK138EF",10,52.0479664120122,-0.766918010585367,064,"Y52","Q38","00","MG","NC"
"MK138EG",10,52.0479048713197,-0.767911313379084,064,"Y52","Q38","00","MG","NC"
"MK138EH",10,52.0432451324807,-0.774586289073603,064,"Y52","Q38","00","MG","NC"
"MK138EJ",10,52.0436194690711,-0.774269849718921,064,"Y52","Q38","00","MG","NC"
"MK138EL",10,52.0437511134227,-0.773960045176975,064,"Y52","Q38","00","MG","NC"
"MK138EN",10,52.043692783506,-0.773538788991734,064,"Y52","Q38","00","MG","NC"
"MK138EP",10,52.0430382016179,-0.771981967599633,064,"Y52","Q38","00","MG","NC"
"MK138EQ",10,52.0434669195173,-0.775163465380316,064,"Y52","Q38","00","MG","NC"
"MK138ER",10,52.043136438496,-0.772781226561985,064,"Y52","Q38","00","MG","NC"
"MK138ES",10,52.0428827852465,-0.772598622063606,064,"Y52","Q38","00","MG","NC"
"MK138ET",10,52.0425401229723,-0.773366205516835,064,"Y52","Q38","00","MG","NC"
"MK138EU",10,52.0427328269762,-0.773740031400076,064,"Y52","Q38","00","MG","NC"
"MK138EW",10,52.044303550895,-0.773478328326499,064,"Y52","Q38","00","MG","NC"
"MK138EX",10,52.0422305287368,-0.773855840574748,064,"Y52","Q38","00","MG","NC"
"MK138EY",10,52.0436297757754,-0.771805364023281,064,"Y52","Q38","00","MG","NC"
"MK138EZ",10,52.0441386491189,-0.770595753549498,064,"Y52","Q38","00","MG","NC"
"MK138HB",10,52.0451069797605,-0.770335880787236,064,"Y52","Q38","00","MG","NC"
"MK138HD",10,52.0453709935628,-0.770649432001251,064,"Y52","Q38","00","MG","NC"
"MK138HF",10,52.043262649907,-0.778872613181001,064,"Y52","Q38","00","MG","NC"
"MK138HR",10,52.0431205204403,-0.766949292153026,064,"Y52","Q38","00","MG","NC"
"MK138HS",10,52.0475813338625,-0.828772319088846,064,"Y52","Q38","00","MG","NW"
"MK138HT",10,52.0475813338625,-0.828772319088846,064,"Y52","Q38","00","MG","NW"
"MK138LD",10,52.0426806344834,-0.783452253177419,064,"Y52","Q38","00","MG","NC"
"MK138LN",10,52.0414193687569,-0.780599581306532,064,"Y52","Q38","00","MG","NC"
"MK138LP",10,52.044394808709,-0.776202539926909,064,"Y52","Q38","00","MG","NC"
"MK138LR",10,52.0456528460264,-0.776999339914678,064,"Y52","Q38","00","MG","NC"
"MK138LS",10,52.0433003778314,-0.775576284815342,064,"Y52","Q38","00","MG","NC"
"MK138LT",10,52.0442561370512,-0.776702090897001,064,"Y52","Q38","00","MG","NC"
"MK138LU",10,52.0452015364714,-0.777696992796878,064,"Y52","Q38","00","MG","NC"
"MK138LW",10,52.0405144409346,-0.781776028419046,064,"Y52","Q38","00","MG","NC"
"MK138LX",10,52.0452322126017,-0.774590274145867,064,"Y52","Q38","00","MG","NC"
"MK138LY",10,52.0462949353065,-0.775625692821985,064,"Y52","Q38","00","MG","NC"
"MK138LZ",10,52.0439084676964,-0.774393175206567,064,"Y52","Q38","00","MG","NC"
"MK138NA",10,52.0446922434974,-0.775407019473706,064,"Y52","Q38","00","MG","NC"
"MK138NB",10,52.0450948578166,-0.776081349712868,064,"Y52","Q38","00","MG","NC"
"MK138ND",10,52.0444326684654,-0.777251362707676,064,"Y52","Q38","00","MG","NC"
"MK138NE",10,52.0442274631172,-0.774807307488954,064,"Y52","Q38","00","MG","NC"
"MK138NF",10,52.0432256884162,-0.776176144639817,064,"Y52","Q38","00","MG","NC"
"MK138NG",10,52.0445515062599,-0.774842191641671,064,"Y52","Q38","00","MG","NC"
"MK138NH",10,52.0459108496658,-0.7758694972801,064,"Y52","Q38","00","MG","NC"
"MK138NJ",10,52.0453053791384,-0.776440140172908,064,"Y52","Q38","00","MG","NC"
"MK138NP",10,52.0403980447443,-0.785307557604042,064,"Y52","Q38","00","MG","NC"
"MK138NQ",10,52.0439419907782,-0.776754410409884,064,"Y52","Q38","00","MG","NC"
"MK138PE",10,52.0428757806528,-0.782324231631175,064,"Y52","Q38","00","MG","NC"
"MK138PG",10,52.0451220001655,-0.772639357478758,064,"Y52","Q38","00","MG","NC"
"MK138PJ",10,52.0436434720435,-0.780918168317766,064,"Y52","Q38","00","MG","NC"
"MK138PP",10,52.0442989046007,-0.779092256370929,064,"Y52","Q38","00","MG","NC"
"MK138PQ",10,52.042810272025,-0.779468172848999,064,"Y52","Q38","00","MG","NC"
"MK138PU",10,52.0414194598472,-0.778004274800846,064,"Y52","Q38","00","MG","NC"
"MK138RA",10,52.0423050878725,-0.772381154285638,064,"Y52","Q38","00","MG","NC"
"MK138RB",10,52.0414388840952,-0.774679420804919,064,"Y52","Q38","00","MG","NC"
"MK138RD",10,52.0425955059737,-0.770915123228471,064,"Y52","Q38","00","MG","NC"
"MK138RE",10,52.0418217075177,-0.77172369283952,064,"Y52","Q38","00","MG","NC"
"MK138RF",10,52.0412525942019,-0.774057560883836,064,"Y52","Q38","00","MG","NC"
"MK138RG",10,52.0420266727514,-0.77413844897941,064,"Y52","Q38","00","MG","NC"
"MK138RH",10,52.0415172822344,-0.772708923390782,064,"Y52","Q38","00","MG","NC"
"MK138RJ",10,52.0424321916063,-0.770773795437759,064,"Y52","Q38","00","MG","NC"
"MK138RL",10,52.0422565247661,-0.77117229133154,064,"Y52","Q38","00","MG","NC"
"MK138RN",10,52.0420069827742,-0.774838854338645,064,"Y52","Q38","00","MG","NC"
"MK138RQ",10,52.0412017364214,-0.773490320577607,064,"Y52","Q38","00","MG","NC"
"MK138WU",10,52.0475813338625,-0.828772319088846,064,"Y52","Q38","00","MG","NW"
"MK138WX",10,52.0475813338625,-0.828772319088846,064,"Y52","Q38","00","MG","NW"
"MK138WZ",10,52.0475813338625,-0.828772319088846,064,"Y52","Q38","00","MG","NW"
"MK138XN",10,52.0475813338625,-0.828772319088846,064,"Y52","Q38","00","MG","NW"
"MK138YW",10,52.0475813338625,-0.828772319088846,064,"Y52","Q38","00","MG","NW"
"MK138ZP",10,52.0475813338625,-0.828772319088846,064,"Y52","Q38","00","MG","NW"
"MK139AA",10,52.0508070225453,-0.785914938987997,064,"Y52","Q38","00","MG","NC"
"MK139AB",10,52.051228905507,-0.786720184202697,064,"Y52","Q38","00","MG","NC"
"MK139AD",10,52.0504649794874,-0.785005460654965,064,"Y52","Q38","00","MG","NC"
"MK139AE",10,52.0499776890217,-0.786579071579382,064,"Y52","Q38","00","MG","NC"
"MK139AF",10,52.0478854457123,-0.786839889998116,064,"Y52","Q38","00","MG","NC"
"MK139AG",10,52.0482291238609,-0.787909694115638,064,"Y52","Q38","00","MG","NC"
"MK139AH",10,52.0479964598847,-0.787143116395624,064,"Y52","Q38","00","MG","NC"
"MK139AL",10,52.0490719514304,-0.790307643548097,064,"Y52","Q38","00","MG","NC"
"MK139AN",10,52.0487552425421,-0.79098700046006,064,"Y52","Q38","00","MG","NC"
"MK139AP",10,52.0475294999591,-0.79508854614867,064,"Y52","Q38","00","MG","NZ"
"MK139AQ",10,52.048552118491,-0.788717585526724,064,"Y52","Q38","00","MG","NC"
"MK139AR",10,52.0506341439001,-0.791840462953346,064,"Y52","Q38","00","MG","NC"
"MK139AS",10,52.0496831842232,-0.789416157538727,064,"Y52","Q38","00","MG","NC"
"MK139AT",10,52.0499197329823,-0.789686844886966,064,"Y52","Q38","00","MG","NC"
"MK139AU",10,52.0496025812983,-0.78769754012547,064,"Y52","Q38","00","MG","NC"
"MK139AW",10,52.0504844961747,-0.791275750090844,064,"Y52","Q38","00","MG","NC"
"MK139AX",10,52.0491938945516,-0.787300278102739,064,"Y52","Q38","00","MG","NC"
"MK139AY",10,52.0483326247629,-0.786609042698347,064,"Y52","Q38","00","MG","NC"
"MK139AZ",10,52.0493843209026,-0.783095235519628,064,"Y52","Q38","00","MG","NC"
"MK139BA",10,52.0500656390845,-0.787262098218404,064,"Y52","Q38","00","MG","NC"
"MK139BD",10,52.0470167500263,-0.783684496890212,064,"Y52","Q38","00","MG","NC"
"MK139BE",10,52.0468172318209,-0.784389854352105,064,"Y52","Q38","00","MG","NC"
"MK139BG",10,52.0477640069885,-0.783780870530747,064,"Y52","Q38","00","MG","NC"
"MK139BH",10,52.0509773942567,-0.788491594473122,064,"Y52","Q38","00","MG","NC"
"MK139BJ",10,52.0512374573397,-0.787551214712553,064,"Y52","Q38","00","MG","NC"
"MK139BL",10,52.0516801363516,-0.786882967803314,064,"Y52","Q38","00","MG","NC"
"MK139BN",10,52.0513766350723,-0.787970372099998,064,"Y52","Q38","00","MG","NC"
"MK139BP",10,52.0468431999223,-0.786036929109651,064,"Y52","Q38","00","MG","NC"
"MK139BQ",10,52.0463427557624,-0.783717374945348,064,"Y52","Q38","00","MG","NC"
"MK139BS",10,52.0474206707418,-0.78449014099713,064,"Y52","Q38","00","MG","NC"
"MK139BT",10,52.0472803374941,-0.78570427562398,064,"Y52","Q38","00","MG","NC"
"MK139BU",10,52.0516681638125,-0.790091702580498,064,"Y52","Q38","00","MG","NC"
"MK139BW",10,52.0512251809744,-0.7889807339224,064,"Y52","Q38","00","MG","NC"
"MK139BX",10,52.0507275022192,-0.790423357949243,064,"Y52","Q38","00","MG","NC"
"MK139BY",10,52.0477134965033,-0.783242692714627,064,"Y52","Q38","00","MG","NC"
"MK139BZ",10,52.0480346774786,-0.78300065023403,064,"Y52","Q38","00","MG","NC"
"MK139DA",10,52.0521084372932,-0.786565109072256,064,"Y52","Q38","00","MG","NC"
"MK139DB",10,52.0515439761043,-0.78850543952686,064,"Y52","Q38","00","MG","NC"
"MK139DD",10,52.04787122746,-0.789829676857299,064,"Y52","Q38","00","MG","NC"
"MK139DF",10,52.0524620067186,-0.787722247425727,064,"Y52","Q38","00","MG","NC"
"MK139DG",10,52.0522453221501,-0.785015510416654,064,"Y52","Q38","00","MG","NC"
"MK139DH",10,52.0521079657248,-0.785646340508571,064,"Y52","Q38","00","MG","NC"
"MK139DJ",10,52.0516468432216,-0.785396333948561,064,"Y52","Q38","00","MG","NC"
"MK139DL",10,52.0512944169948,-0.783480858075801,064,"Y52","Q38","00","MG","NC"
"MK139DN",10,52.050632722,-0.783834243222027,064,"Y52","Q38","00","MG","NC"
"MK139DP",10,52.0488306974322,-0.781724909690155,064,"Y52","Q38","00","MG","NC"
"MK139DQ",10,52.0516067990366,-0.784128640422021,064,"Y52","Q38","00","MG","NC"
"MK139DR",10,52.0495608825028,-0.781909216279547,064,"Y52","Q38","00","MG","NC"
"MK139DS",10,52.0478109703288,-0.782233857547911,064,"Y52","Q38","00","MG","NC"
"MK139DT",10,52.047887498546,-0.781808886155207,064,"Y52","Q38","00","MG","NC"
"MK139DU",10,52.0483401891134,-0.78124243859365,064,"Y52","Q38","00","MG","NC"
"MK139DW",10,52.0485530046137,-0.782694917370756,064,"Y52","Q38","00","MG","NC"
"MK139DX",10,52.0468986983785,-0.780960841478639,064,"Y52","Q38","00","MG","NC"
"MK139DY",10,52.0469454018167,-0.782869833139243,064,"Y52","Q38","00","MG","NC"
"MK139DZ",10,52.0464619747539,-0.783072530928852,064,"Y52","Q38","00","MG","NC"
"MK139EA",10,52.0471677075672,-0.782630478667289,064,"Y52","Q38","00","MG","NC"
"MK139EB",10,52.0466119205376,-0.782791399609007,064,"Y52","Q38","00","MG","NC"
"MK139ED",10,52.0461599745809,-0.783430698554092,064,"Y52","Q38","00","MG","NC"
"MK139EE",10,52.0468466770343,-0.788122077523237,064,"Y52","Q38","00","MG","NC"
"MK139EF",10,52.046730116432,-0.787279469640413,064,"Y52","Q38","00","MG","NC"
"MK139EG",10,52.0458471422853,-0.787974129730786,064,"Y52","Q38","00","MG","NC"
"MK139EH",10,52.0459440567948,-0.786907035247561,064,"Y52","Q38","00","MG","NC"
"MK139EJ",10,52.0479950688934,-0.785262012673903,064,"Y52","Q38","00","MG","NC"
"MK139EL",10,52.0482807189523,-0.784189739257178,064,"Y52","Q38","00","MG","NC"
"MK139EN",10,52.0453762739069,-0.786776590373373,064,"Y52","Q38","00","MG","NC"
"MK139EP",10,52.0447611609393,-0.787289013533731,064,"Y52","Q38","00","MG","NC"
"MK139EQ",10,52.0462212153342,-0.787628627207041,064,"Y52","Q38","00","MG","NC"
"MK139ER",10,52.0456915828327,-0.785091152804642,064,"Y52","Q38","00","MG","NC"
"MK139ES",10,52.0464022525893,-0.784255293002786,064,"Y52","Q38","00","MG","NC"
"MK139ET",10,52.0466294026111,-0.78535736539212,064,"Y52","Q38","00","MG","NC"
"MK139EU",10,52.0464680808389,-0.786280404236102,064,"Y52","Q38","00","MG","NC"
"MK139EW",10,52.0450874378673,-0.786667758382811,064,"Y52","Q38","00","MG","NC"
"MK139EX",10,52.0461980999498,-0.785383639153942,064,"Y52","Q38","00","MG","NC"
"MK139EY",10,52.048045002992,-0.787491782476054,064,"Y52","Q38","00","MG","NC"
"MK139EZ",10,52.0505803590564,-0.782246080928383,064,"Y52","Q38","00","MG","NC"
"MK139HA",10,52.0468965666284,-0.79914481384995,064,"Y52","Q38","00","MG","NZ"
"MK139HB",10,52.0460282917888,-0.79687873568535,064,"Y52","Q38","00","MG","NZ"
"MK139HD",10,52.0442826483845,-0.786222948773065,064,"Y52","Q38","00","MG","NC"
"MK139HF",10,52.0464420677263,-0.794257452118733,064,"Y52","Q38","00","MG","NZ"
"MK139HG",10,52.0457399104116,-0.794174274319773,064,"Y52","Q38","00","MG","NZ"
"MK139HH",10,52.0460111902383,-0.782953537173916,064,"Y52","Q38","00","MG","NC"
"MK139HJ",10,52.0467404242841,-0.78217546099962,064,"Y52","Q38","00","MG","NC"
"MK139HN",10,52.0458304674993,-0.781996047642494,064,"Y52","Q38","00","MG","NC"
"MK139HP",10,52.0455655609784,-0.784205085857334,064,"Y52","Q38","00","MG","NC"
"MK139HR",10,52.0452899505513,-0.785379093000207,064,"Y52","Q38","00","MG","NC"
"MK139HS",10,52.0450455755309,-0.784350428348028,064,"Y52","Q38","00","MG","NC"
"MK139HT",10,52.0452061299471,-0.783354524692836,064,"Y52","Q38","00","MG","NC"
"MK139HU",10,52.0491661904621,-0.788978058048127,064,"Y52","Q38","00","MG","NC"
"MK139HW",10,52.0457838077645,-0.783572147773492,064,"Y52","Q38","00","MG","NC"
"MK139HZ",10,52.0436614811856,-0.784402557715474,064,"Y52","Q38","00","MG","NC"
"MK139WX",10,52.0475813338625,-0.828772319088846,064,"Y52","Q38","00","MG","NW"
"MK139ZH",10,52.0475813338625,-0.828772319088846,064,"Y52","Q38","00","MG","NW"
"MK145AA",10,52.081087550106,-0.747107234608931,064,"Y52","Q38","00","MG","NK"
"MK145AB",10,52.0796565083649,-0.74527941204445,064,"Y52","Q38","00","MG","NL"
"MK145AD",10,52.0798483276247,-0.743873112885079,064,"Y52","Q38","00","MG","NL"
"MK145AE",10,52.079017579712,-0.747763483926052,064,"Y52","Q38","00","MG","NL"
"MK145AF",10,52.0785628696035,-0.749819157325239,064,"Y52","Q38","00","MG","NL"
"MK145AH",10,52.0771388352567,-0.772593305216375,064,"Y52","Q38","00","MG","NK"
"MK145AJ",10,52.0729977704113,-0.766928953869939,064,"Y52","Q38","00","MG","NL"
"MK145AL",10,52.0732191450332,-0.76832356633752,064,"Y52","Q38","00","MG","NK"
"MK145AN",10,52.0698924484174,-0.736886814860491,064,"Y52","Q38","00","MG","NL"
"MK145AP",10,52.0764990723401,-0.754458637836274,064,"Y52","Q38","00","MG","NL"
"MK145AQ",10,52.0755884641548,-0.754221330605678,064,"Y52","Q38","00","MG","NL"
"MK145AR",10,52.0761301855145,-0.755286038589161,064,"Y52","Q38","00","MG","NL"
"MK145AS",10,52.0748360544018,-0.754490323678256,064,"Y52","Q38","00","MG","NL"
"MK145AT",10,52.0711438244219,-0.771926049385664,064,"Y52","Q38","00","MG","NK"
"MK145AU",10,52.0726133460519,-0.759425413377918,064,"Y52","Q38","00","MG","NL"
"MK145AW",10,52.0704558047353,-0.75945602321496,064,"Y52","Q38","00","MG","NL"
"MK145AX",10,52.0703517100294,-0.757255846075268,064,"Y52","Q38","00","MG","NL"
"MK145AY",10,52.0686383310705,-0.755071250557951,064,"Y52","Q38","00","MG","NL"
"MK145AZ",10,52.0653462057171,-0.757496895084077,064,"Y52","Q38","00","MG","NL"
"MK145BA",10,52.0676520516356,-0.752779034013375,064,"Y52","Q38","00","MG","NL"
"MK145BB",10,52.0667661849738,-0.74639929143428,064,"Y52","Q38","00","MG","NL"
"MK145BD",10,52.0682357511469,-0.754411345085922,064,"Y52","Q38","00","MG","NL"
"MK145BE",10,52.0695100189286,-0.759292566981087,064,"Y52","Q38","00","MG","NL"
"MK145BF",10,52.0707752448367,-0.75905324256479,064,"Y52","Q38","00","MG","NL"
"MK145BG",10,52.0693529944302,-0.758042222827468,064,"Y52","Q38","00","MG","NL"
"MK145BH",10,52.0748822706256,-0.75631294937193,064,"Y52","Q38","00","MG","NL"
"MK145BJ",10,52.0689408274661,-0.75732418906034,064,"Y52","Q38","00","MG","NL"
"MK145BL",10,52.0682611630574,-0.758524773717595,064,"Y52","Q38","00","MG","NL"
"MK145BN",10,52.0764760516625,-0.742129187921518,064,"Y52","Q38","00","MG","NL"
"MK145BP",10,52.0772776429106,-0.740574489487168,064,"Y52","Q38","00","MG","NL"
"MK145BQ",10,52.068864773483,-0.758639339613767,064,"Y52","Q38","00","MG","NL"
"MK145BS",10,52.0752842892986,-0.73914225113203,064,"Y52","Q38","00","MG","NL"
"MK145BT",10,52.0714486756252,-0.738637498856526,064,"Y52","Q38","00","MG","NL"
"MK145BU",10,52.0777328121372,-0.74447240154518,064,"Y52","Q38","00","MG","NL"
"MK145BW",10,52.0776214704561,-0.742461800954682,064,"Y52","Q38","00","MG","NL"
"MK145BY",10,52.0794412603424,-0.749561134813418,064,"Y52","Q38","00","MG","NK"
"MK145BZ",10,52.071501157694,-0.757121805183318,064,"Y52","Q38","00","MG","NL"
"MK145DA",10,52.0629423135731,-0.754631529626836,064,"Y52","Q38","00","MG","NL"
"MK145DB",10,52.0628852775779,-0.756894160085493,064,"Y52","Q38","00","MG","NL"
"MK145DD",10,52.0633185426775,-0.755350442399374,064,"Y52","Q38","00","MG","NL"
"MK145DE",10,52.0640866574501,-0.756569052620466,064,"Y52","Q38","00","MG","NL"
"MK145DF",10,52.0633313175729,-0.756560852076482,064,"Y52","Q38","00","MG","NL"
"MK145DG",10,52.0642604844083,-0.755149206080751,064,"Y52","Q38","00","MG","NL"
"MK145DH",10,52.0679956321789,-0.760632958817441,064,"Y52","Q38","00","MG","NL"
"MK145DJ",10,52.0676003837828,-0.759812331926736,064,"Y52","Q38","00","MG","NL"
"MK145DL",10,52.0684500151378,-0.761947996566764,064,"Y52","Q38","00","MG","NL"
"MK145DN",10,52.0682255570589,-0.761122623929634,064,"Y52","Q38","00","MG","NL"
"MK145DP",10,52.0670277887609,-0.760936935707153,064,"Y52","Q38","00","MG","NL"
"MK145DQ",10,52.0635951833626,-0.755153114020743,064,"Y52","Q38","00","MG","NL"
"MK145DR",10,52.0699956632896,-0.763583067095251,064,"Y52","Q38","00","MG","NL"
"MK145DS",10,52.0699070170562,-0.761134452099408,064,"Y52","Q38","00","MG","NL"
"MK145DT",10,52.0692558890175,-0.764201665162262,064,"Y52","Q38","00","MG","NL"
"MK145DU",10,52.0664911107899,-0.753526212948966,064,"Y52","Q38","00","MG","NL"
"MK145DW",10,52.0677047363277,-0.762041550101024,064,"Y52","Q38","00","MG","NL"
"MK145DX",10,52.065767102882,-0.755632498597282,064,"Y52","Q38","00","MG","NL"
"MK145DY",10,52.066172410083,-0.754848046283361,064,"Y52","Q38","00","MG","NL"
"MK145DZ",10,52.0711490122916,-0.762106796153547,064,"Y52","Q38","00","MG","NL"
"MK145EA",10,52.0666062096445,-0.750809529113257,064,"Y52","Q38","00","MG","NL"
"MK145EB",10,52.0708706853616,-0.766433124669473,064,"Y52","Q38","00","MG","NL"
"MK145ED",10,52.0713389578277,-0.764786127165197,064,"Y52","Q38","00","MG","NL"
"MK145EE",10,52.0697859762263,-0.766740215890496,064,"Y52","Q38","00","MG","NL"
"MK145EF",10,52.0667277497501,-0.74870537357862,064,"Y52","Q38","00","MG","NL"
"MK145EG",10,52.0637305848049,-0.757760540383621,064,"Y52","Q38","00","MG","NL"
"MK145EH",10,52.0685434880146,-0.752053917368156,064,"Y52","Q38","00","MG","NL"
"MK145EJ",10,52.0689777444672,-0.751458237687669,064,"Y52","Q38","00","MG","NL"
"MK145EL",10,52.0648950433006,-0.747151904775459,064,"Y52","Q38","00","MG","NL"
"MK145EN",10,52.0655454630226,-0.748286178124245,064,"Y52","Q38","00","MG","NL"
"MK145EP",10,52.0687916764463,-0.749172904330532,064,"Y52","Q38","00","MG","NL"
"MK145ER",10,52.0652106805744,-0.750629640793923,064,"Y52","Q38","00","MG","NL"
"MK145ES",10,52.0645613661767,-0.749597426725453,064,"Y52","Q38","00","MG","NL"
"MK145ET",10,52.0697342869416,-0.752429232877999,064,"Y52","Q38","00","MG","NL"
"MK145EU",10,52.0646018766473,-0.752572236831596,064,"Y52","Q38","00","MG","NL"
"MK145EW",10,52.0650098549753,-0.756295418478949,064,"Y52","Q38","00","MG","NL"
"MK145EX",10,52.0643039833226,-0.753309928107436,064,"Y52","Q38","00","MG","NL"
"MK145FD",10,52.0803210432049,-0.74943440064182,064,"Y52","Q38","00","MG","NK"
"MK145FE",10,52.079973898641,-0.74976514657064,064,"Y52","Q38","00","MG","NK"
"MK145FG",10,52.0797234602363,-0.74988888605255,064,"Y52","Q38","00","MG","NK"
"MK145FH",10,52.0757310124736,-0.743930299798817,064,"Y52","Q38","00","MG","NL"
"MK145FJ",10,52.0763397376467,-0.743679748209094,064,"Y52","Q38","00","MG","NL"
"MK145FL",10,52.0798490079777,-0.748163414158123,064,"Y52","Q38","00","MG","NK"
"MK145FN",50,52.0800614765803,-0.747851017956128,064,"Y52","Q38","00","MG","NK"
"MK145FP",10,52.0800569810043,-0.74827434049504,064,"Y52","Q38","00","MG","NK"
"MK145FQ",50,52.0777317676955,-0.746909334295476,064,"Y52","Q38","00","MG","NL"
"MK145HA",10,52.0665679355347,-0.7599576384588,064,"Y52","Q38","00","MG","NL"
"MK145HB",10,52.0659230830218,-0.758487484263598,064,"Y52","Q38","00","MG","NL"
"MK145HD",10,52.0702811617641,-0.755682106948352,064,"Y52","Q38","00","MG","NL"
"MK145HE",10,52.0696002508753,-0.755059091315402,064,"Y52","Q38","00","MG","NL"
"MK145HF",10,52.0690271982959,-0.754433093645911,064,"Y52","Q38","00","MG","NL"
"MK145HH",10,52.0713635816842,-0.754309726670519,064,"Y52","Q38","00","MG","NL"
"MK145HJ",10,52.0654332497191,-0.758078008048299,064,"Y52","Q38","00","MG","NL"
"MK145HL",10,52.0656512114565,-0.752324178464469,064,"Y52","Q38","00","MG","NL"
"MK145HN",10,52.0685836343131,-0.743138766246081,064,"Y52","Q38","00","MG","NL"
"MK145HP",10,52.0695866417459,-0.751222412845545,064,"Y52","Q38","00","MG","NL"
"MK145HQ",10,52.0747684746541,-0.743884354495039,064,"Y52","Q38","00","MG","NL"
"MK145HR",10,52.0744231518458,-0.742697570099254,064,"Y52","Q38","00","MG","NL"
"MK145HS",10,52.0750177064629,-0.741119594042563,064,"Y52","Q38","00","MG","NL"
"MK145HT",10,52.0657654353229,-0.742765638152784,064,"Y52","Q38","00","MG","NL"
"MK145HU",10,52.065753550029,-0.744181040236926,064,"Y52","Q38","00","MG","NL"
"MK145HW",10,52.0682109094689,-0.742755323195316,064,"Y52","Q38","00","MG","NL"
"MK145HX",10,52.0735928639715,-0.740721939609108,064,"Y52","Q38","00","MG","NL"
"MK145HY",10,52.0741139265533,-0.741524380005262,064,"Y52","Q38","00","MG","NL"
"MK145HZ",10,52.0672544357263,-0.743278201907029,064,"Y52","Q38","00","MG","NL"
"MK145JA",10,52.0682061462482,-0.736423770913843,064,"Y52","Q38","00","MG","NL"
"MK145JB",10,52.0725723159484,-0.742822508855822,064,"Y52","Q38","00","MG","NL"
"MK145JD",10,52.0752890863293,-0.748028304424947,064,"Y52","Q38","00","MG","NL"
"MK145JE",10,52.0702798572333,-0.744535535910265,064,"Y52","Q38","00","MG","NL"
"MK145JF",10,52.0686837784047,-0.744098847881236,064,"Y52","Q38","00","MG","NL"
"MK145JG",10,52.076504848158,-0.748213174548425,064,"Y52","Q38","00","MG","NL"
"MK145JH",10,52.0699587363922,-0.743931773819582,064,"Y52","Q38","00","MG","NL"
"MK145JJ",10,52.0692345327146,-0.743470640102374,064,"Y52","Q38","00","MG","NL"
"MK145JL",10,52.0669397122866,-0.744118592865841,064,"Y52","Q38","00","MG","NL"
"MK145JN",10,52.0730332451158,-0.740518822262462,064,"Y52","Q38","00","MG","NL"
"MK145JP",10,52.0760326451887,-0.746927721543232,064,"Y52","Q38","00","MG","NL"
"MK145JQ",10,52.0759785615488,-0.747760960432243,064,"Y52","Q38","00","MG","NL"
"MK145JR",10,52.0767165408578,-0.746981534044341,064,"Y52","Q38","00","MG","NL"
"MK145JS",10,52.0774682916441,-0.750039430539624,064,"Y52","Q38","00","MG","NL"
"MK145JT",10,52.0689768635254,-0.745447438701372,064,"Y52","Q38","00","MG","NL"
"MK145JU",10,52.0679504560468,-0.744469555922628,064,"Y52","Q38","00","MG","NL"
"MK145JW",10,52.0725114498245,-0.740489731983112,064,"Y52","Q38","00","MG","NL"
"MK145JY",10,52.0752675848542,-0.73758143734248,064,"Y52","Q38","00","MG","NL"
"MK145JZ",10,52.0747079609489,-0.737378352119596,064,"Y52","Q38","00","MG","NL"
"MK145LB",10,52.0730164945776,-0.738111826894414,064,"Y52","Q38","00","MG","NL"
"MK145LD",10,52.0663217262487,-0.757922067641046,064,"Y52","Q38","00","MG","NL"
"MK145LR",10,52.0718640335947,-0.73712299081242,064,"Y52","Q38","00","MG","NL"
"MK145LS",10,52.070055947143,-0.741244534678877,064,"Y52","Q38","00","MG","NL"
"MK145LU",10,52.07805994455,-0.743952492315859,064,"Y52","Q38","00","MG","NL"
"MK145LZ",10,52.070055947143,-0.741244534678877,064,"Y52","Q38","00","MG","NL"
"MK145NA",10,52.0756842297451,-0.744602824902252,064,"Y52","Q38","00","MG","NL"
"MK145NQ",10,52.0717823879239,-0.742100587901632,064,"Y52","Q38","00","MG","NL"
"MK145NS",10,52.0475813338625,-0.828772319088846,064,"Y52","Q38","00","MG","NW"
"MK145PA",10,52.071771954805,-0.745339926625518,064,"Y52","Q38","00","MG","NL"
"MK145PB",10,52.0712283016174,-0.744946640429765,064,"Y52","Q38","00","MG","NL"
"MK145PD",10,52.0709798863754,-0.745259995648181,064,"Y52","Q38","00","MG","NL"
"MK145PE",10,52.0707971676715,-0.744987907433103,064,"Y52","Q38","00","MG","NL"
"MK145PF",10,52.0705427132313,-0.745578636573646,064,"Y52","Q38","00","MG","NL"
"MK145PG",10,52.0693444578386,-0.745349600716527,064,"Y52","Q38","00","MG","NL"
"MK145PH",10,52.0678375949828,-0.743159709776246,064,"Y52","Q38","00","MG","NL"
"MK145PJ",10,52.0674273608733,-0.742631437313223,064,"Y52","Q38","00","MG","NL"
"MK145PL",10,52.0679810645061,-0.742280338591035,064,"Y52","Q38","00","MG","NL"
"MK145PN",10,52.0663221267233,-0.74353778657758,064,"Y52","Q38","00","MG","NL"
"MK145PP",10,52.0661067400743,-0.744419137677567,064,"Y52","Q38","00","MG","NL"
"MK145PQ",10,52.0713567594632,-0.744344842487437,064,"Y52","Q38","00","MG","NL"
"MK145PR",10,52.066394469698,-0.742733386596724,064,"Y52","Q38","00","MG","NL"
"MK145PS",10,52.066726226137,-0.741804985557002,064,"Y52","Q38","00","MG","NL"
"MK145PT",10,52.0672095770464,-0.741601747945619,064,"Y52","Q38","00","MG","NL"
"MK145PW",10,52.0659143824132,-0.743242872600738,064,"Y52","Q38","00","MG","NL"
"MK145PX",10,52.0696020317554,-0.745896786408931,064,"Y52","Q38","00","MG","NL"
"MK145PY",10,52.0737673854016,-0.745283996223407,064,"Y52","Q38","00","MG","NL"
"MK145PZ",10,52.0764235087324,-0.753264213183639,064,"Y52","Q38","00","MG","NL"
"MK145QA",10,52.0761420412071,-0.749609534253393,064,"Y52","Q38","00","MG","NL"
"MK145QB",10,52.0756385166509,-0.750455319016126,064,"Y52","Q38","00","MG","NL"
"MK145QD",10,52.0729787149023,-0.744678703294349,064,"Y52","Q38","00","MG","NL"
"MK145QE",10,52.0767192692558,-0.751475763225732,064,"Y52","Q38","00","MG","NL"
"MK145QF",10,52.0766199025045,-0.752281087683122,064,"Y52","Q38","00","MG","NL"
"MK145QG",10,52.0754028765115,-0.75282571528692,064,"Y52","Q38","00","MG","NL"
"MK145QH",10,52.0756094907683,-0.751959057601134,064,"Y52","Q38","00","MG","NL"
"MK145QJ",10,52.0744542475224,-0.747307505796455,064,"Y52","Q38","00","MG","NL"
"MK145QL",10,52.0743189484436,-0.74896008884887,064,"Y52","Q38","00","MG","NL"
"MK145QN",10,52.0733556376794,-0.74630230354508,064,"Y52","Q38","00","MG","NL"
"MK145QP",10,52.0744597939995,-0.750371495181997,064,"Y52","Q38","00","MG","NL"
"MK145QR",10,52.0744134097882,-0.751934042809468,064,"Y52","Q38","00","MG","NL"
"MK145QS",10,52.074007925726,-0.747611816932803,064,"Y52","Q38","00","MG","NL"
"MK145SE",10,52.0692176931172,-0.736847494563962,064,"Y52","Q38","00","MG","NL"
"MK145WE",10,52.0475813338625,-0.828772319088846,064,"Y52","Q38","00","MG","NW"
"MK145WR",10,52.0475813338625,-0.828772319088846,064,"Y52","Q38","00","MG","NW"
"MK145WZ",10,52.0475813338625,-0.828772319088846,064,"Y52","Q38","00","MG","NW"
"MK145XJ",10,52.0475813338625,-0.828772319088846,064,"Y52","Q38","00","MG","NW"
"MK145XP",10,52.0475813338625,-0.828772319088846,064,"Y52","Q38","00","MG","NW"
"MK145XR",10,52.0475813338625,-0.828772319088846,064,"Y52","Q38","00","MG","NW"
"MK145XT",10,52.0475813338625,-0.828772319088846,064,"Y52","Q38","00","MG","NW"
"MK145XZ",10,52.0475813338625,-0.828772319088846,064,"Y52","Q38","00","MG","NW"
"MK145YD",10,52.0475813338625,-0.828772319088846,064,"Y52","Q38","00","MG","NW"
"MK145YQ",10,52.0475813338625,-0.828772319088846,064,"Y52","Q38","00","MG","NW"
"MK146AE",10,52.0669772208835,-0.773294964561694,064,"Y52","Q38","00","MG","NU"
"MK146AF",10,52.0662718310402,-0.773766532797779,064,"Y52","Q38","00","MG","NU"
"MK146AG",10,52.0662534601116,-0.772001832618506,064,"Y52","Q38","00","MG","NU"
"MK146AH",10,52.0655131526093,-0.773437192970256,064,"Y52","Q38","00","MG","NU"
"MK146AJ",10,52.0654844385198,-0.770680808336505,064,"Y52","Q38","00","MG","NU"
"MK146AL",10,52.0648297205601,-0.773426738157083,064,"Y52","Q38","00","MG","NU"
"MK146AN",10,52.0647897199488,-0.771312576702253,064,"Y52","Q38","00","MG","NU"
"MK146AP",10,52.0640831221146,-0.771667483760462,064,"Y52","Q38","00","MG","NU"
"MK146AQ",10,52.066233236797,-0.770062123032521,064,"Y52","Q38","00","MG","NU"
"MK146AR",10,52.0633569664616,-0.773598367158433,064,"Y52","Q38","00","MG","NU"
"MK146AS",10,52.0633556590651,-0.771745788834385,064,"Y52","Q38","00","MG","NU"
"MK146AT",10,52.0679611708387,-0.769358149245453,064,"Y52","Q38","00","MG","NU"
"MK146AU",10,52.0672125354348,-0.768269979635084,064,"Y52","Q38","00","MG","NU"
"MK146AW",10,52.06404620045,-0.773302323249473,064,"Y52","Q38","00","MG","NU"
"MK146AX",10,52.06654775165,-0.764028407789124,064,"Y52","Q38","00","MG","NU"
"MK146AY",10,52.067157287295,-0.763851105042232,064,"Y52","Q38","00","MG","NU"
"MK146AZ",10,52.0661465084768,-0.76520655850932,064,"Y52","Q38","00","MG","NU"
"MK146BA",10,52.0665272072861,-0.764641694330652,064,"Y52","Q38","00","MG","NU"
"MK146BB",10,52.0645898392735,-0.765949706711065,064,"Y52","Q38","00","MG","NU"
"MK146BD",10,52.0651847602505,-0.76609377980913,064,"Y52","Q38","00","MG","NU"
"MK146BE",10,52.0654152551045,-0.765781075921656,064,"Y52","Q38","00","MG","NU"
"MK146BG",10,52.0659426752668,-0.76548935873171,064,"Y52","Q38","00","MG","NU"
"MK146BH",10,52.0670587988104,-0.770768880804174,064,"Y52","Q38","00","MG","NU"
"MK146BJ",10,52.0619777887017,-0.761222540892489,064,"Y52","Q38","00","MG","NU"
"MK146BL",10,52.0621223124942,-0.774186490412946,064,"Y52","Q38","00","MG","NU"
"MK146BN",10,52.0610434535494,-0.77246561042943,064,"Y52","Q38","00","MG","NU"
"MK146BQ",10,52.0669181552394,-0.771939836156405,064,"Y52","Q38","00","MG","NU"
"MK146BS",10,52.062928137096,-0.764390888513159,064,"Y52","Q38","00","MG","NU"
"MK146BT",10,52.0631471922826,-0.76384510820373,064,"Y52","Q38","00","MG","NU"
"MK146BU",10,52.0635699785409,-0.761295195143639,064,"Y52","Q38","00","MG","NU"
"MK146BW",10,52.0566548538133,-0.760348791285244,064,"Y52","Q38","00","MG","NU"
"MK146BX",10,52.0630409326116,-0.762287187268304,064,"Y52","Q38","00","MG","NU"
"MK146BY",10,52.0625595744825,-0.763540409514705,064,"Y52","Q38","00","MG","NU"
"MK146BZ",10,52.0633409623471,-0.763460483550797,064,"Y52","Q38","00","MG","NU"
"MK146DB",10,52.0633491362336,-0.759959251758533,064,"Y52","Q38","00","MG","NU"
"MK146DD",10,52.0641328815886,-0.7609586922187,064,"Y52","Q38","00","MG","NU"
"MK146DE",10,52.0625183591044,-0.759617576009066,064,"Y52","Q38","00","MG","NU"
"MK146DF",10,52.0622997837245,-0.760207117770762,064,"Y52","Q38","00","MG","NU"
"MK146DG",10,52.0627545256085,-0.762411802167925,064,"Y52","Q38","00","MG","NU"
"MK146DH",10,52.0623210869878,-0.762234147512707,064,"Y52","Q38","00","MG","NU"
"MK146DJ",10,52.0615635329959,-0.763728367388969,064,"Y52","Q38","00","MG","NU"
"MK146DL",10,52.0615922964121,-0.763041986656893,064,"Y52","Q38","00","MG","NU"
"MK146DN",10,52.0634043003071,-0.762641832196712,064,"Y52","Q38","00","MG","NU"
"MK146DP",10,52.0611145983821,-0.764645141926537,064,"Y52","Q38","00","MG","NU"
"MK146DQ",10,52.0607438492865,-0.768739636621618,064,"Y52","Q38","00","MG","NU"
"MK146DT",10,52.0599574279645,-0.769198850034911,064,"Y52","Q38","00","MG","NU"
"MK146DW",10,52.0640750693028,-0.762302366038069,064,"Y52","Q38","00","MG","NU"
"MK146DY",10,52.0584647883343,-0.757191890283593,064,"Y52","Q38","00","MG","NU"
"MK146EA",10,52.0475813338625,-0.828772319088846,064,"Y52","Q38","00","MG","NW"
"MK146EF",10,52.0642256597296,-0.763800747926812,064,"Y52","Q38","00","MG","NU"
"MK146EH",10,52.0642523517079,-0.764631516559342,064,"Y52","Q38","00","MG","NU"
"MK146EJ",10,52.0626231664815,-0.765318302414718,064,"Y52","Q38","00","MG","NU"
"MK146ER",10,52.0562449515717,-0.752177828823602,064,"Y52","Q38","00","MG","NM"
"MK146ES",10,52.0558245036484,-0.771208477982408,064,"Y52","Q38","00","MG","NU"
"MK146ET",10,52.0561028443591,-0.771171671721729,064,"Y52","Q38","00","MG","NU"
"MK146EU",10,52.0563888053089,-0.771003388701982,064,"Y52","Q38","00","MG","NU"
"MK146EW",10,52.0565844045663,-0.771654360543051,064,"Y52","Q38","00","MG","NU"
"MK146EX",10,52.0568534529242,-0.771588640407567,064,"Y52","Q38","00","MG","NU"
"MK146EY",10,52.0575506071472,-0.771190293560221,064,"Y52","Q38","00","MG","NU"
"MK146EZ",10,52.0621858311619,-0.752814585969429,064,"Y52","Q38","00","MG","NM"
"MK146FB",10,52.0682048327078,-0.776354216382212,064,"Y52","Q38","00","MG","NK"
"MK146FD",10,52.0605312534816,-0.761320900894313,064,"Y52","Q38","00","MG","NU"
"MK146FE",10,52.0594992068726,-0.76064930456538,064,"Y52","Q38","00","MG","NU"
"MK146FF",10,52.0684729168443,-0.777061758940853,064,"Y52","Q38","00","MG","NK"
"MK146FG",10,52.0579272384629,-0.769371327635443,064,"Y52","Q38","00","MG","NU"
"MK146FH",50,52.0579272384629,-0.769371327635443,064,"Y52","Q38","00","MG","NU"
"MK146FS",50,52.0579272384629,-0.769371327635443,064,"Y52","Q38","00","MG","NU"
"MK146FX",50,52.0579272384629,-0.769371327635443,064,"Y52","Q38","00","MG","NU"
"MK146GA",50,52.0597732904934,-0.763631923441074,064,"Y52","Q38","00","MG","NU"
"MK146GD",10,52.0597732904934,-0.763631923441074,064,"Y52","Q38","00","MG","NU"
"MK146GE",10,52.0595428609698,-0.75967081528351,064,"Y52","Q38","00","MG","NU"
"MK146HA",10,52.0599352653631,-0.749157723186511,064,"Y52","Q38","00","MG","NM"
"MK146HB",10,52.0605034798561,-0.751869549143686,064,"Y52","Q38","00","MG","NM"
"MK146HD",10,52.0595146706679,-0.753589116165156,064,"Y52","Q38","00","MG","NM"
"MK146HE",10,52.0600544837484,-0.752771836966389,064,"Y52","Q38","00","MG","NM"
"MK146HF",10,52.0603252545455,-0.752020381844533,064,"Y52","Q38","00","MG","NM"
"MK146HG",10,52.0586779235802,-0.75098692018169,064,"Y52","Q38","00","MG","NM"
"MK146HH",10,52.0599925573361,-0.751169052690603,064,"Y52","Q38","00","MG","NM"
"MK146HJ",10,52.0594865765186,-0.750935195211208,064,"Y52","Q38","00","MG","NM"
"MK146HL",10,52.058632334185,-0.751775835704538,064,"Y52","Q38","00","MG","NM"
"MK146HN",10,52.0581247774942,-0.752242142283905,064,"Y52","Q38","00","MG","NM"
"MK146HP",10,52.0572179011244,-0.751508958713633,064,"Y52","Q38","00","MG","NM"
"MK146HQ",10,52.0582723608755,-0.750896129263197,064,"Y52","Q38","00","MG","NM"
"MK146HR",10,52.0579303355067,-0.750861910871493,064,"Y52","Q38","00","MG","NM"
"MK146HS",10,52.0584786543387,-0.750000632584446,064,"Y52","Q38","00","MG","NM"
"MK146HT",10,52.0593728604849,-0.749538087238936,064,"Y52","Q38","00","MG","NM"
"MK146HU",10,52.0597096253673,-0.749076507207643,064,"Y52","Q38","00","MG","NM"
"MK146HW",10,52.0580345457711,-0.753061461217222,064,"Y52","Q38","00","MG","NM"
"MK146HX",10,52.0609803068129,-0.755298736010235,064,"Y52","Q38","00","MG","NM"
"MK146HY",10,52.0613410269503,-0.753698739997126,064,"Y52","Q38","00","MG","NM"
"MK146HZ",10,52.0605384261377,-0.756025761821741,064,"Y52","Q38","00","MG","NM"
"MK146JA",10,52.0613480050231,-0.756061620736118,064,"Y52","Q38","00","MG","NM"
"MK146JB",10,52.0616777116926,-0.754929264066887,064,"Y52","Q38","00","MG","NM"
"MK146JD",10,52.0616325122739,-0.75405530221601,064,"Y52","Q38","00","MG","NM"
"MK146JE",10,52.0618341593143,-0.753568319440634,064,"Y52","Q38","00","MG","NM"
"MK146JF",10,52.060384911203,-0.755111072305188,064,"Y52","Q38","00","MG","NM"
"MK146JG",10,52.0605145008781,-0.75461152521983,064,"Y52","Q38","00","MG","NM"
"MK146JH",10,52.056953416937,-0.749459781817587,064,"Y52","Q38","00","MG","NM"
"MK146JJ",10,52.0574862254676,-0.748832308727556,064,"Y52","Q38","00","MG","NM"
"MK146JL",10,52.0582313389762,-0.748723978179291,064,"Y52","Q38","00","MG","NM"
"MK146JN",10,52.05873438985,-0.747834761205846,064,"Y52","Q38","00","MG","NM"
"MK146JP",10,52.0599813015851,-0.748412528671163,064,"Y52","Q38","00","MG","NM"
"MK146JQ",10,52.0609630485261,-0.753665498856309,064,"Y52","Q38","00","MG","NM"
"MK146JR",10,52.0582355294575,-0.746579737046194,064,"Y52","Q38","00","MG","NM"
"MK146JS",10,52.0575167650768,-0.74747499079091,064,"Y52","Q38","00","MG","NM"
"MK146JT",10,52.0583746966767,-0.747830231722303,064,"Y52","Q38","00","MG","NM"
"MK146JU",10,52.0583243314659,-0.747321133107369,064,"Y52","Q38","00","MG","NM"
"MK146JW",10,52.0593717956237,-0.747744008611856,064,"Y52","Q38","00","MG","NM"
"MK146JX",10,52.0626840165795,-0.749766547760884,064,"Y52","Q38","00","MG","NM"
"MK146JY",10,52.0604102725966,-0.747321132673262,064,"Y52","Q38","00","MG","NM"
"MK146JZ",10,52.0614323135294,-0.748736648439154,064,"Y52","Q38","00","MG","NM"
"MK146LB",10,52.0586641348794,-0.76675477342077,064,"Y52","Q38","00","MG","NU"
"MK146LF",10,52.057622603231,-0.760890846865477,064,"Y52","Q38","00","MG","NU"
"MK146LJ",10,52.0549812418695,-0.759374173543433,064,"Y52","Q38","00","MG","NU"
"MK146LQ",10,52.0574245787705,-0.759160639304152,064,"Y52","Q38","00","MG","NU"
"MK146LR",10,52.054095917281,-0.758975742958881,064,"Y52","Q38","00","MG","NU"
"MK146LS",10,52.0562313206638,-0.760258416826134,064,"Y52","Q38","00","MG","NU"
"MK146LY",10,52.0560193832221,-0.758061926717428,064,"Y52","Q38","00","MG","NU"
"MK146NA",10,52.0604998211236,-0.749827525518181,064,"Y52","Q38","00","MG","NM"
"MK146NJ",10,52.0580633760449,-0.759201284738319,064,"Y52","Q38","00","MG","NU"
"MK146NP",10,52.0569100851992,-0.758970696767331,064,"Y52","Q38","00","MG","NU"
"MK146NS",10,52.0609870039447,-0.751681031755414,064,"Y52","Q38","00","MG","NM"
"MK146NU",10,52.0553959406775,-0.75947936693272,064,"Y52","Q38","00","MG","NU"
"MK146PB",10,52.05461838287,-0.770220638276959,064,"Y52","Q38","00","MG","NU"
"MK146PD",10,52.0564002729847,-0.756665765123528,064,"Y52","Q38","00","MG","NU"
"MK146PL",10,52.0539252018305,-0.759840955652207,064,"Y52","Q38","00","MG","NU"
"MK146PW",10,52.0580633760449,-0.759201284738319,064,"Y52","Q38","00","MG","NU"
"MK146QE",10,52.0552762386711,-0.760066077994426,064,"Y52","Q38","00","MG","NU"
"MK146QP",10,52.0595975715192,-0.758035633724778,064,"Y52","Q38","00","MG","NU"
"MK146TA",10,52.0602631869117,-0.767483825133259,064,"Y52","Q38","00","MG","NU"
"MK146TB",10,52.060413081151,-0.766341948035763,064,"Y52","Q38","00","MG","NU"
"MK146TD",10,52.0611490851452,-0.767080186662059,064,"Y52","Q38","00","MG","NU"
"MK146TS",10,52.0548892728418,-0.760033035537217,064,"Y52","Q38","00","MG","NU"
"MK146UX",10,52.0475813338625,-0.828772319088846,064,"Y52","Q38","00","MG","NW"
"MK146WF",10,52.0475813338625,-0.828772319088846,064,"Y52","Q38","00","MG","NW"
"MK146WG",10,52.0475813338625,-0.828772319088846,064,"Y52","Q38","00","MG","NW"
"MK146WL",10,52.0475813338625,-0.828772319088846,064,"Y52","Q38","00","MG","NW"
"MK146WT",10,52.0475813338625,-0.828772319088846,064,"Y52","Q38","00","MG","NW"
"MK146WW",10,52.0475813338625,-0.828772319088846,064,"Y52","Q38","00","MG","NW"
"MK146WY",10,52.0475813338625,-0.828772319088846,064,"Y52","Q38","00","MG","NW"
"MK146XG",10,52.0475813338625,-0.828772319088846,064,"Y52","Q38","00","MG","NW"
"MK146XT",10,52.0592739059068,-0.758890609121039,064,"Y52","Q38","00","MG","NU"
"MK146YX",10,52.0475813338625,-0.828772319088846,064,"Y52","Q38","00","MG","NW"
"MK146ZY",10,52.0475813338625,-0.828772319088846,064,"Y52","Q38","00","MG","NW"
"MK147AA",10,52.0503675934228,-0.760114439696924,064,"Y52","Q38","00","MG","NC"
"MK147AB",10,52.0500065191651,-0.759978600869041,064,"Y52","Q38","00","MG","NC"
"MK147AD",10,52.0497145912393,-0.759578354561273,064,"Y52","Q38","00","MG","NC"
"MK147AE",10,52.0503293554506,-0.758190504059652,064,"Y52","Q38","00","MG","NC"
"MK147AF",10,52.050987046154,-0.756611838336473,064,"Y52","Q38","00","MG","NC"
"MK147AG",10,52.0503695207465,-0.756031061874325,064,"Y52","Q38","00","MG","NC"
"MK147AH",10,52.0494833606624,-0.75811187244682,064,"Y52","Q38","00","MG","NC"
"MK147AJ",10,52.0475878444744,-0.762539130777717,064,"Y52","Q38","00","MG","NC"
"MK147AN",10,52.0509296610744,-0.758844704190283,064,"Y52","Q38","00","MG","NC"
"MK147AP",10,52.0515968100781,-0.757309515582704,064,"Y52","Q38","00","MG","NC"
"MK147AQ",10,52.0509000852653,-0.758597604532777,064,"Y52","Q38","00","MG","NC"
"MK147AR",10,52.0516027912167,-0.75617182066572,064,"Y52","Q38","00","MG","NC"
"MK147AS",10,52.0488228188541,-0.75856766612712,064,"Y52","Q38","00","MG","NC"
"MK147AT",10,52.0497812029762,-0.756514057121856,064,"Y52","Q38","00","MG","NC"
"MK147AU",10,52.0487788642473,-0.756104393444308,064,"Y52","Q38","00","MG","NC"
"MK147AW",10,52.0478028170653,-0.758187619465051,064,"Y52","Q38","00","MG","NC"
"MK147AX",10,52.0504106735967,-0.754819503724352,064,"Y52","Q38","00","MG","NC"
"MK147AY",10,52.0495647283383,-0.753895117684782,064,"Y52","Q38","00","MG","NC"
"MK147BA",10,52.0478703440092,-0.758623222478134,064,"Y52","Q38","00","MG","NC"
"MK147BB",10,52.0488477117862,-0.757517014322343,064,"Y52","Q38","00","MG","NC"
"MK147BD",10,52.0498039220014,-0.755259278176587,064,"Y52","Q38","00","MG","NC"
"MK147BE",10,52.0503572568646,-0.754018906757278,064,"Y52","Q38","00","MG","NC"
"MK147BF",10,52.0479502296108,-0.755966991375363,064,"Y52","Q38","00","MG","NC"
"MK147BG",10,52.0499842583605,-0.753606368242024,064,"Y52","Q38","00","MG","NC"
"MK147BH",10,52.0494399162664,-0.754846484462263,064,"Y52","Q38","00","MG","NC"
"MK147BJ",10,52.048545864635,-0.757029573112656,064,"Y52","Q38","00","MG","NC"
"MK147BL",10,52.0476654785038,-0.761370393312223,064,"Y52","Q38","00","MG","NC"
"MK147BN",10,52.0468276523573,-0.76035822237833,064,"Y52","Q38","00","MG","NC"
"MK147BP",10,52.0459065311213,-0.762541819268414,064,"Y52","Q38","00","MG","NC"
"MK147BS",10,52.0470071104103,-0.762890560450744,064,"Y52","Q38","00","MG","NC"
"MK147BT",10,52.046886949116,-0.760866957563139,064,"Y52","Q38","00","MG","NC"
"MK147BU",10,52.0469599808538,-0.761827362164784,064,"Y52","Q38","00","MG","NC"
"MK147BW",10,52.0472901474939,-0.7598787928694,064,"Y52","Q38","00","MG","NC"
"MK147BY",10,52.0512669944462,-0.759287449681725,064,"Y52","Q38","00","MG","NC"
"MK147BZ",10,52.0519166331447,-0.757796493065816,064,"Y52","Q38","00","MG","NC"
"MK147DA",10,52.0482454415037,-0.760946046858452,064,"Y52","Q38","00","MG","NC"
"MK147DB",10,52.046707466981,-0.763467535719859,064,"Y52","Q38","00","MG","NC"
"MK147DD",10,52.0471714638089,-0.762273567845049,064,"Y52","Q38","00","MG","NC"
"MK147DE",10,52.0479198622896,-0.760765478257878,064,"Y52","Q38","00","MG","NC"
"MK147DF",10,52.0476978516191,-0.760173739241551,064,"Y52","Q38","00","MG","NC"
"MK147DG",10,52.0462850061439,-0.763479194419306,064,"Y52","Q38","00","MG","NC"
"MK147DH",10,52.0482326480798,-0.758875670978257,064,"Y52","Q38","00","MG","NC"
"MK147DJ",10,52.048577588544,-0.759186935280385,064,"Y52","Q38","00","MG","NC"
"MK147DL",10,52.0488439330814,-0.759719122549101,064,"Y52","Q38","00","MG","NC"
"MK147DN",10,52.0502052959052,-0.761781421280027,064,"Y52","Q38","00","MG","NC"
"MK147DP",10,52.0504675386726,-0.76278042283605,064,"Y52","Q38","00","MG","NC"
"MK147DQ",10,52.0459390058289,-0.763065869102686,064,"Y52","Q38","00","MG","NC"
"MK147DR",10,52.0526015901707,-0.759658838888475,064,"Y52","Q38","00","MG","NC"
"MK147DS",10,52.052364289955,-0.758469525402288,064,"Y52","Q38","00","MG","NC"
"MK147DT",10,52.0496731352819,-0.761621132382415,064,"Y52","Q38","00","MG","NC"
"MK147DU",10,52.0487138587577,-0.762741354398913,064,"Y52","Q38","00","MG","NC"
"MK147DW",10,52.0501379066667,-0.763927017145824,064,"Y52","Q38","00","MG","NC"
"MK147DX",10,52.0478459853578,-0.764004830891516,064,"Y52","Q38","00","MG","NC"
"MK147DY",10,52.0514815119993,-0.761731563485586,064,"Y52","Q38","00","MG","NC"
"MK147DZ",10,52.0529994770322,-0.757314356680469,064,"Y52","Q38","00","MG","NC"
"MK147EA",10,52.0531764796209,-0.757046930490768,064,"Y52","Q38","00","MG","NC"
"MK147EU",10,52.0487296902726,-0.759970192166587,064,"Y52","Q38","00","MG","NC"
"MK147EX",10,52.0501879969083,-0.758427754225558,064,"Y52","Q38","00","MG","NC"
"MK147LA",10,52.0512828815255,-0.751426447766414,064,"Y52","Q38","00","MG","NM"
"MK147LB",10,52.0521259905888,-0.749536211798613,064,"Y52","Q38","00","MG","NM"
"MK147LD",10,52.0510732116301,-0.751155204167458,064,"Y52","Q38","00","MG","NM"
"MK147LE",10,52.0513715571556,-0.750461456203583,064,"Y52","Q38","00","MG","NM"
"MK147LF",10,52.0519401870772,-0.748972629111922,064,"Y52","Q38","00","MG","NM"
"MK147LG",10,52.0506679576133,-0.751093584171637,064,"Y52","Q38","00","MG","NM"
"MK147LH",10,52.0502854969188,-0.750637581108351,064,"Y52","Q38","00","MG","NM"
"MK147LJ",10,52.0511893458274,-0.748541505930685,064,"Y52","Q38","00","MG","NM"
"MK147LL",10,52.052605605851,-0.750674962841971,064,"Y52","Q38","00","MG","NM"
"MK147LN",10,52.0535702792317,-0.751771053466197,064,"Y52","Q38","00","MG","NM"
"MK147LP",10,52.0525998323597,-0.751827262801512,064,"Y52","Q38","00","MG","NM"
"MK147LQ",10,52.0513700307437,-0.749469811364714,064,"Y52","Q38","00","MG","NM"
"MK147LR",10,52.0531410500771,-0.750295424211358,064,"Y52","Q38","00","MG","NM"
"MK147LT",10,52.052301748482,-0.748306254429088,064,"Y52","Q38","00","MG","NM"
"MK147LU",10,52.05210757026,-0.747801244215771,064,"Y52","Q38","00","MG","NM"
"MK147LW",10,52.0530808861628,-0.751405501444831,064,"Y52","Q38","00","MG","NM"
"MK147LX",10,52.0540365224979,-0.748257779518682,064,"Y52","Q38","00","MG","NM"
"MK147LY",10,52.0542708312748,-0.749155476102509,064,"Y52","Q38","00","MG","NM"
"MK147LZ",10,52.0544332536831,-0.748363370048344,064,"Y52","Q38","00","MG","NM"
"MK147NA",10,52.053290159786,-0.749095354656619,064,"Y52","Q38","00","MG","NM"
"MK147ND",10,52.0475813338625,-0.828772319088846,064,"Y52","Q38","00","MG","NW"
"MK147NH",10,52.0557113240554,-0.746796225346651,064,"Y52","Q38","00","MG","NM"
"MK147NJ",10,52.0537353722316,-0.756331371282018,064,"Y52","Q38","00","MG","NC"
"MK147NT",10,52.0566433325876,-0.746507611643499,064,"Y52","Q38","00","MG","NM"
"MK147PA",10,52.055197586626,-0.74667933489442,064,"Y52","Q38","00","MG","NM"
"MK147PB",10,52.0557328521083,-0.745439212000227,064,"Y52","Q38","00","MG","NM"
"MK147PD",10,52.0561185627119,-0.744509541359664,064,"Y52","Q38","00","MG","NM"
"MK147PE",10,52.056618628494,-0.743343281011378,064,"Y52","Q38","00","MG","NM"
"MK147PF",10,52.0560240517411,-0.745766514360247,064,"Y52","Q38","00","MG","NM"
"MK147PG",10,52.0564278970613,-0.744850917575648,064,"Y52","Q38","00","MG","NM"
"MK147PH",10,52.0550633731827,-0.745895508590421,064,"Y52","Q38","00","MG","NM"
"MK147PJ",10,52.055247320443,-0.745438226232889,064,"Y52","Q38","00","MG","NM"
"MK147PL",10,52.056111462963,-0.746376644552572,064,"Y52","Q38","00","MG","NM"
"MK147PN",10,52.0554949423989,-0.744206151544507,064,"Y52","Q38","00","MG","NM"
"MK147PP",10,52.0563023834625,-0.745729549911254,064,"Y52","Q38","00","MG","NM"
"MK147PQ",10,52.056928121587,-0.743699233964264,064,"Y52","Q38","00","MG","NM"
"MK147PR",10,52.0561608396431,-0.74341446579475,064,"Y52","Q38","00","MG","NM"
"MK147PS",10,52.0571878773822,-0.744450396114082,064,"Y52","Q38","00","MG","NM"
"MK147PT",10,52.0559671349389,-0.743799113869235,064,"Y52","Q38","00","MG","NM"
"MK147PU",10,52.0568776300729,-0.744867485419459,064,"Y52","Q38","00","MG","NM"
"MK147PW",10,52.0557281953045,-0.745001790501652,064,"Y52","Q38","00","MG","NM"
"MK147PX",10,52.0545969042906,-0.745996076912249,064,"Y52","Q38","00","MG","NM"
"MK147PY",10,52.0551320074069,-0.744741382211915,064,"Y52","Q38","00","MG","NM"
"MK147PZ",10,52.0555180233832,-0.743840879496261,064,"Y52","Q38","00","MG","NM"
"MK147QA",10,52.0560453590601,-0.74270303220943,064,"Y52","Q38","00","MG","NM"
"MK147QB",10,52.0536678405747,-0.748253497645309,064,"Y52","Q38","00","MG","NM"
"MK147QD",10,52.0542204800556,-0.746954612158525,064,"Y52","Q38","00","MG","NM"
"MK147QE",10,52.0545736649209,-0.747192671799632,064,"Y52","Q38","00","MG","NM"
"MK147QG",10,52.0520017723378,-0.752237690160592,064,"Y52","Q38","00","MG","NM"
"MK147QH",10,52.0546453669199,-0.743792428643797,064,"Y52","Q38","00","MG","NM"
"MK147QJ",10,52.0540505752041,-0.743663263994276,064,"Y52","Q38","00","MG","NM"
"MK147QL",10,52.0535159491287,-0.744961680843987,064,"Y52","Q38","00","MG","NM"
"MK147QN",10,52.0542275730037,-0.75016301937422,064,"Y52","Q38","00","MG","NM"
"MK147QP",10,52.0530880339828,-0.743617338716045,064,"Y52","Q38","00","MG","NM"
"MK147QQ",10,52.0539263280074,-0.745504393024854,064,"Y52","Q38","00","MG","NM"
"MK147QR",10,52.0532187090988,-0.744911671729181,064,"Y52","Q38","00","MG","NM"
"MK147QS",10,52.0529546277856,-0.744598219252856,064,"Y52","Q38","00","MG","NM"
"MK147QT",10,52.0538408570299,-0.742546143109846,064,"Y52","Q38","00","MG","NM"
"MK147QU",10,52.0540082478462,-0.743066486381108,064,"Y52","Q38","00","MG","NM"
"MK147QW",10,52.053254462057,-0.743204311546155,064,"Y52","Q38","00","MG","NM"
"MK147RA",10,52.0532430594372,-0.746354830650358,064,"Y52","Q38","00","MG","NM"
"MK147RB",10,52.0522546153375,-0.744719924328845,064,"Y52","Q38","00","MG","NM"
"MK147RD",10,52.0529627154733,-0.747048131939133,064,"Y52","Q38","00","MG","NM"
"MK147RH",10,52.0518933847878,-0.745415485846824,064,"Y52","Q38","00","MG","NM"
"MK147RJ",10,52.0525174751605,-0.746608480827941,064,"Y52","Q38","00","MG","NM"
"MK147RL",10,52.0521258537878,-0.746138169834586,064,"Y52","Q38","00","MG","NM"
"MK147RP",10,52.0531542628176,-0.747305290269313,064,"Y52","Q38","00","MG","NM"
"MK147RR",10,52.0534962870389,-0.746493587079919,064,"Y52","Q38","00","MG","NM"
"MK147RS",10,52.0544979468348,-0.742615205022966,064,"Y52","Q38","00","MG","NM"
"MK147RT",10,52.053964479118,-0.741492589211241,064,"Y52","Q38","00","MG","NM"
"MK147RU",10,52.0545853043058,-0.741533485275289,064,"Y52","Q38","00","MG","NM"
"MK147RZ",10,52.0550135200497,-0.742061093241786,064,"Y52","Q38","00","MG","NM"
"MK147YT",10,52.0475813338625,-0.828772319088846,064,"Y52","Q38","00","MG","NW"
"MK150AA",10,52.0400698354147,-0.726952907968748,064,"Y52","Q38","00","MG","ND"
"MK150AB",10,52.0423418561474,-0.72669881509125,064,"Y52","Q38","00","MG","ND"
"MK150AD",10,52.0421695014073,-0.726557905614768,064,"Y52","Q38","00","MG","ND"
"MK150AE",10,52.0449297165278,-0.727383519745995,064,"Y52","Q38","00","MG","ND"
"MK150AF",10,52.0370763782866,-0.727008774743968,064,"Y52","Q38","00","MG","ND"
"MK150AG",10,52.0451644973612,-0.728310077060117,064,"Y52","Q38","00","MG","ND"
"MK150AH",10,52.0577023974195,-0.725372434377394,064,"Y52","Q38","00","MG","NM"
"MK150AJ",10,52.0449970723697,-0.725296438592906,064,"Y52","Q38","00","MG","ND"
"MK150AL",10,52.0443711949532,-0.725620452525912,064,"Y52","Q38","00","MG","ND"
"MK150AN",10,52.046325618125,-0.725929415890221,064,"Y52","Q38","00","MG","ND"
"MK150AP",10,52.0453573920656,-0.726190254324953,064,"Y52","Q38","00","MG","ND"
"MK150AQ",10,52.0303889836085,-0.69027546953929,064,"Y52","Q38","00","MG","NX"
"MK150AR",10,52.046517813881,-0.727907114923117,064,"Y52","Q38","00","MG","ND"
"MK150AS",10,52.0460999210761,-0.728341855923998,064,"Y52","Q38","00","MG","ND"
"MK150AT",10,52.0444317165491,-0.727893431364758,064,"Y52","Q38","00","MG","ND"
"MK150AU",10,52.0451084977793,-0.728953258036488,064,"Y52","Q38","00","MG","ND"
"MK150AW",10,52.0459854771825,-0.726070325064975,064,"Y52","Q38","00","MG","ND"
"MK150AX",10,52.045798027599,-0.730362719534748,064,"Y52","Q38","00","MG","ND"
"MK150AY",10,52.0405852509617,-0.729723076746128,064,"Y52","Q38","00","MG","ND"
"MK150AZ",10,52.0458037754646,-0.728394006385937,064,"Y52","Q38","00","MG","ND"
"MK150BB",10,52.044295609773,-0.728611782211997,064,"Y52","Q38","00","MG","ND"
"MK150BD",10,52.0440577657733,-0.729901683728005,064,"Y52","Q38","00","MG","ND"
"MK150BE",10,52.0406042260118,-0.728147881413829,064,"Y52","Q38","00","MG","ND"
"MK150BH",10,52.0409222809204,-0.728459620821815,064,"Y52","Q38","00","MG","ND"
"MK150BJ",10,52.0406417267886,-0.729123688839566,064,"Y52","Q38","00","MG","ND"
"MK150BL",10,52.0424668727971,-0.728284566802266,064,"Y52","Q38","00","MG","ND"
"MK150BN",10,52.037804440057,-0.726988096100004,064,"Y52","Q38","00","MG","ND"
"MK150BP",10,52.0428295765585,-0.727734780770608,064,"Y52","Q38","00","MG","ND"
"MK150BQ",10,52.0372845474146,-0.725472058394386,064,"Y52","Q38","00","MG","ND"
"MK150BS",10,52.0416214899701,-0.728264815644054,064,"Y52","Q38","00","MG","ND"
"MK150BT",10,52.042088101017,-0.728178670589594,064,"Y52","Q38","00","MG","ND"
"MK150BU",10,52.0455319397478,-0.727366415460607,064,"Y52","Q38","00","MG","ND"
"MK150BW",10,52.0455232224095,-0.72905814769794,064,"Y52","Q38","00","MG","ND"
"MK150BX",10,52.0403067972909,-0.728914485754227,064,"Y52","Q38","00","MG","ND"
"MK150BY",10,52.0397290228696,-0.728697594558878,064,"Y52","Q38","00","MG","ND"
"MK150BZ",10,52.0397208441042,-0.727939673049487,064,"Y52","Q38","00","MG","ND"
"MK150DA",10,52.0529356035576,-0.706256938382902,064,"Y52","Q38","00","MG","NP"
"MK150DB",10,52.053162435152,-0.704806543063898,064,"Y52","Q38","00","MG","NP"
"MK150DD",10,52.0529356035576,-0.706256938382902,064,"Y52","Q38","00","MG","NP"
"MK150DF",10,52.0492086908848,-0.711585276171171,064,"Y52","Q38","00","MG","NP"
"MK150DG",10,52.0497325646556,-0.711803540579239,064,"Y52","Q38","00","MG","NP"
"MK150DH",10,52.0489629293586,-0.709667399968382,064,"Y52","Q38","00","MG","NP"
"MK150DJ",10,52.0535825616956,-0.726029290950221,064,"Y52","Q38","00","MG","NM"
"MK150DL",10,52.0530127683418,-0.732389623639613,064,"Y52","Q38","00","MG","NM"
"MK150DQ",10,52.05247332788,-0.710018391583866,064,"Y52","Q38","00","MG","NP"
"MK150DS",10,52.0489680209016,-0.722514790442295,064,"Y52","Q38","00","MG","NM"
"MK150DT",30,52.0512451619549,-0.730222929855372,064,"Y52","Q38","00","MG","NM"
"MK150DU",10,52.0482426343063,-0.711219325668415,064,"Y52","Q38","00","MG","NP"
"MK150EB",10,52.0542480296669,-0.70705035631009,064,"Y52","Q38","00","MG","NP"
"MK150HA",10,52.0383830046757,-0.727277831166631,064,"Y52","Q38","00","MG","ND"
"MK150HB",10,52.0382670231764,-0.729861678804575,064,"Y52","Q38","00","MG","ND"
"MK150HD",10,52.0374989510447,-0.728673375381564,064,"Y52","Q38","00","MG","ND"
"MK150HP",10,52.0459739594493,-0.726668510986255,064,"Y52","Q38","00","MG","ND"
"MK150SB",10,52.0489629293586,-0.709667399968382,064,"Y52","Q38","00","MG","NP"
"MK150SF",10,52.0530831672251,-0.713165611753976,064,"Y52","Q38","00","MG","NP"
"MK150WY",10,52.0303889836085,-0.69027546953929,064,"Y52","Q38","00","MG","NX"
"MK150YA",10,52.0491207816017,-0.710946154120083,064,"Y52","Q38","00","MG","NP"
"MK150YS",10,52.0517045172635,-0.712067678819737,064,"Y52","Q38","00","MG","NP"
"MK150ZR",10,52.0498585197821,-0.710166600463448,064,"Y52","Q38","00","MG","NP"
"MK158AB",10,52.0624306249672,-0.744536801114107,064,"Y52","Q38","00","MG","NL"
"MK158AD",10,52.0625610427554,-0.742432574494401,064,"Y52","Q38","00","MG","NL"
"MK158AE",10,52.061603688488,-0.744559984623979,064,"Y52","Q38","00","MG","NL"
"MK158AF",10,52.062030913073,-0.743308102170325,064,"Y52","Q38","00","MG","NL"
"MK158AG",10,52.0632471748421,-0.744382620059196,064,"Y52","Q38","00","MG","NL"
"MK158AH",10,52.0607869827988,-0.74469957391642,064,"Y52","Q38","00","MG","NL"
"MK158AJ",10,52.0607837392862,-0.745239373173641,064,"Y52","Q38","00","MG","NL"
"MK158AL",10,52.0610152455831,-0.744182637905592,064,"Y52","Q38","00","MG","NL"
"MK158AN",10,52.0598867407412,-0.744593529973034,064,"Y52","Q38","00","MG","NL"
"MK158AP",10,52.0611844452436,-0.743185987683279,064,"Y52","Q38","00","MG","NL"
"MK158AQ",10,52.0623940794238,-0.746171596151181,064,"Y52","Q38","00","MG","NL"
"MK158AR",10,52.0610446421172,-0.742723133656318,064,"Y52","Q38","00","MG","NL"
"MK158AS",10,52.0612964375475,-0.741884612088125,064,"Y52","Q38","00","MG","NL"
"MK158AT",10,52.0616360120766,-0.742531486618123,064,"Y52","Q38","00","MG","NL"
"MK158AU",10,52.062874704303,-0.742336241399547,064,"Y52","Q38","00","MG","NL"
"MK158AW",10,52.0601592969176,-0.743170998091087,064,"Y52","Q38","00","MG","NL"
"MK158AX",10,52.0610994284859,-0.741117045438501,064,"Y52","Q38","00","MG","NL"
"MK158AY",10,52.0613910618154,-0.740642065929118,064,"Y52","Q38","00","MG","NL"
"MK158AZ",10,52.0625522826573,-0.740769869131788,064,"Y52","Q38","00","MG","NL"
"MK158BA",10,52.0643262953689,-0.732638296416522,064,"Y52","Q38","00","MG","NL"
"MK158BD",10,52.0303889836085,-0.69027546953929,064,"Y52","Q38","00","MG","NX"
"MK158BF",10,52.0704280246076,-0.727329926624315,064,"Y52","Q38","00","MG","NL"
"MK158BG",50,52.0704280246076,-0.727329926624315,064,"Y52","Q38","00","MG","NL"
"MK158DZ",10,52.0303889836085,-0.69027546953929,064,"Y52","Q38","00","MG","NX"
"MK158HB",10,52.0661381879645,-0.736423778021139,064,"Y52","Q38","00","MG","NL"
"MK158HD",10,52.0682063453604,-0.731419688163849,064,"Y52","Q38","00","MG","NL"
"MK158HF",10,52.0676815771533,-0.733622903835394,064,"Y52","Q38","00","MG","NL"
"MK158HG",10,52.0687313572899,-0.73007718340641,064,"Y52","Q38","00","MG","NL"
"MK158HJ",10,52.0685635364472,-0.733700081540541,064,"Y52","Q38","00","MG","NL"
"MK158HN",10,52.0683335979846,-0.734056725692788,064,"Y52","Q38","00","MG","NL"
"MK158HQ",10,52.0698297589026,-0.726048452286274,064,"Y52","Q38","00","MG","NL"
"MK158HR",10,52.0676471454394,-0.736279068911392,064,"Y52","Q38","00","MG","NL"
"MK158HT",10,52.0682632276216,-0.72835435064892,064,"Y52","Q38","00","MG","NL"
"MK158JA",10,52.0714383023203,-0.729300063269657,064,"Y52","Q38","00","MG","NL"
"MK158JD",10,52.069331113148,-0.728163533131816,064,"Y52","Q38","00","MG","NL"
"MK158JH",10,52.0687313572899,-0.73007718340641,064,"Y52","Q38","00","MG","NL"
"MK158PA",10,52.0640187193742,-0.735812550352905,064,"Y52","Q38","00","MG","NL"
"MK158PB",10,52.06369083969,-0.736259437316012,064,"Y52","Q38","00","MG","NL"
"MK158PD",10,52.0625246914021,-0.736511156970636,064,"Y52","Q38","00","MG","NL"
"MK158PE",10,52.0632842442969,-0.735235196957535,064,"Y52","Q38","00","MG","NL"
"MK158PF",10,52.062732125793,-0.735732174049414,064,"Y52","Q38","00","MG","NL"
"MK158PG",10,52.0641467036994,-0.741892056332701,064,"Y52","Q38","00","MG","NL"
"MK158PH",10,52.0648341419662,-0.741435099949457,064,"Y52","Q38","00","MG","NL"
"MK158PJ",10,52.0652281840252,-0.74044661704447,064,"Y52","Q38","00","MG","NL"
"MK158PL",10,52.064356039218,-0.738764367787959,064,"Y52","Q38","00","MG","NL"
"MK158PN",10,52.0646975554928,-0.740432367579082,064,"Y52","Q38","00","MG","NL"
"MK158PP",10,52.0649577949383,-0.738703653577239,064,"Y52","Q38","00","MG","NL"
"MK158PQ",10,52.0647131302658,-0.74189072921897,064,"Y52","Q38","00","MG","NL"
"MK158PR",10,52.0651779790029,-0.738274394743035,064,"Y52","Q38","00","MG","NL"
"MK158PS",10,52.0655059920571,-0.73951974191977,064,"Y52","Q38","00","MG","NL"
"MK158PT",10,52.062861945679,-0.735261711950182,064,"Y52","Q38","00","MG","NL"
"MK158PU",10,52.0636983841966,-0.739483099762199,064,"Y52","Q38","00","MG","NL"
"MK158PZ",10,52.0635734227596,-0.73872806074623,064,"Y52","Q38","00","MG","NL"
"MK158QA",10,52.0635107508411,-0.737912919888634,064,"Y52","Q38","00","MG","NL"
"MK158QB",10,52.0628977487989,-0.736923665799268,064,"Y52","Q38","00","MG","NL"
"MK158QD",10,52.0626799799211,-0.738417716947638,064,"Y52","Q38","00","MG","NL"
"MK158QH",10,52.0644512547158,-0.737580064620725,064,"Y52","Q38","00","MG","NL"
"MK158QJ",10,52.064345195542,-0.736912012181482,064,"Y52","Q38","00","MG","NL"
"MK158XJ",10,52.0303889836085,-0.69027546953929,064,"Y52","Q38","00","MG","NX"
"MK158XN",10,52.0303889836085,-0.69027546953929,064,"Y52","Q38","00","MG","NX"
"MK158ZH",10,52.0303889836085,-0.69027546953929,064,"Y52","Q38","00","MG","NX"
"MK158ZP",10,52.0303889836085,-0.69027546953929,064,"Y52","Q38","00","MG","NX"
"MK158ZQ",10,52.0303889836085,-0.69027546953929,064,"Y52","Q38","00","MG","NX"
"MK158ZT",10,52.0303889836085,-0.69027546953929,064,"Y52","Q38","00","MG","NX"
"MK159AA",10,52.0624696630498,-0.722231759999614,064,"Y52","Q38","00","MG","NM"
"MK159AB",10,52.0627497919768,-0.719875197559698,064,"Y52","Q38","00","MG","NM"
"MK159AD",10,52.0607939963687,-0.717786853175471,064,"Y52","Q38","00","MG","NM"
"MK159AE",10,52.0572936266154,-0.741719928717757,064,"Y52","Q38","00","MG","NM"
"MK159AF",10,52.0569125906932,-0.739717840379638,064,"Y52","Q38","00","MG","NM"
"MK159AG",10,52.0556428830043,-0.739534790628606,064,"Y52","Q38","00","MG","NM"
"MK159AH",10,52.0578593379507,-0.739968329471322,064,"Y52","Q38","00","MG","NM"
"MK159AJ",10,52.0578930044655,-0.740594570695618,064,"Y52","Q38","00","MG","NM"
"MK159AL",10,52.0586168351211,-0.737657013705486,064,"Y52","Q38","00","MG","NM"
"MK159AN",10,52.0582297749173,-0.738455561244898,064,"Y52","Q38","00","MG","NM"
"MK159AP",10,52.0572216742563,-0.734998006855406,064,"Y52","Q38","00","MG","NM"
"MK159AQ",10,52.057134338828,-0.739434475682162,064,"Y52","Q38","00","MG","NM"
"MK159AR",10,52.0566479737782,-0.741037969508342,064,"Y52","Q38","00","MG","NM"
"MK159AS",10,52.056789714607,-0.739998420806207,064,"Y52","Q38","00","MG","NM"
"MK159AT",10,52.059305539718,-0.739840123574779,064,"Y52","Q38","00","MG","NM"
"MK159AU",10,52.0585729005147,-0.741115133823977,064,"Y52","Q38","00","MG","NM"
"MK159AW",10,52.0565050764755,-0.733574298053478,064,"Y52","Q38","00","MG","NM"
"MK159AX",10,52.0574048684584,-0.73866840945505,064,"Y52","Q38","00","MG","NM"
"MK159AY",10,52.0561031290482,-0.735496324315254,064,"Y52","Q38","00","MG","NM"
"MK159AZ",10,52.0554072527554,-0.738520473666705,064,"Y52","Q38","00","MG","NM"
"MK159BA",10,52.0558968647047,-0.737223192962949,064,"Y52","Q38","00","MG","NM"
"MK159BB",10,52.0561660487592,-0.73717184818306,064,"Y52","Q38","00","MG","NM"
"MK159BD",10,52.0580503675453,-0.741859112584279,064,"Y52","Q38","00","MG","NM"
"MK159BE",10,52.0575115282351,-0.741918006089221,064,"Y52","Q38","00","MG","NM"
"MK159BH",10,52.0540029334948,-0.739201740899365,064,"Y52","Q38","00","MG","NM"
"MK159BJ",10,52.0567929737723,-0.736104021712,064,"Y52","Q38","00","MG","NM"
"MK159BN",10,52.0582250720102,-0.743064833023075,064,"Y52","Q38","00","MG","NM"
"MK159BP",10,52.0545434450444,-0.736780053458031,064,"Y52","Q38","00","MG","NM"
"MK159BQ",10,52.0303889836085,-0.69027546953929,064,"Y52","Q38","00","MG","NX"
"MK159BS",10,52.0563819023374,-0.741380909796849,064,"Y52","Q38","00","MG","NM"
"MK159BT",10,52.0576082577431,-0.737510412312338,064,"Y52","Q38","00","MG","NM"
"MK159BU",10,52.0581424872935,-0.736182625510431,064,"Y52","Q38","00","MG","NM"
"MK159BW",10,52.0555547650858,-0.740543636374716,064,"Y52","Q38","00","MG","NM"
"MK159BZ",10,52.0588399862684,-0.74255164854574,064,"Y52","Q38","00","MG","NM"
"MK159DA",10,52.0618174782306,-0.734284703430473,064,"Y52","Q38","00","MG","NM"
"MK159DB",10,52.0615059765913,-0.732907746342558,064,"Y52","Q38","00","MG","NM"
"MK159DD",10,52.0591234658996,-0.737949043427616,064,"Y52","Q38","00","MG","NM"
"MK159DE",10,52.0616142515162,-0.733779902596211,064,"Y52","Q38","00","MG","NM"
"MK159DF",10,52.0615653925779,-0.73341660955867,064,"Y52","Q38","00","MG","NM"
"MK159DG",10,52.0611928301783,-0.734725377417645,064,"Y52","Q38","00","MG","NM"
"MK159DH",10,52.0595729436754,-0.733750100373825,064,"Y52","Q38","00","MG","NM"
"MK159DJ",10,52.0593597675525,-0.730649253215363,064,"Y52","Q38","00","MG","NM"
"MK159DL",10,52.062876844483,-0.723299610542493,064,"Y52","Q38","00","MG","NM"
"MK159DQ",10,52.061015428895,-0.732440261646118,064,"Y52","Q38","00","MG","NM"
"MK159ED",10,52.0555192086494,-0.730524734644291,064,"Y52","Q38","00","MG","NM"
"MK159EE",10,52.0555192086494,-0.730524734644291,064,"Y52","Q38","00","MG","NM"
"MK159EF",10,52.0555192086494,-0.730524734644291,064,"Y52","Q38","00","MG","NM"
"MK159EG",10,52.0555192086494,-0.730524734644291,064,"Y52","Q38","00","MG","NM"
"MK159EH",10,52.0564867771291,-0.731036968203972,064,"Y52","Q38","00","MG","NM"
"MK159EJ",10,52.0563289499423,-0.730574710735655,064,"Y52","Q38","00","MG","NM"
"MK159ET",10,52.0619375136968,-0.73123260583458,064,"Y52","Q38","00","MG","NM"
"MK159EU",10,52.0607955871812,-0.729558310724933,064,"Y52","Q38","00","MG","NM"
"MK159EX",10,52.0614067655221,-0.730372427158189,064,"Y52","Q38","00","MG","NM"
"MK159EY",10,52.0616067090384,-0.730570976418758,064,"Y52","Q38","00","MG","NM"
"MK159EZ",10,52.0607555167857,-0.730011635909055,064,"Y52","Q38","00","MG","NM"
"MK159HA",10,52.0639011386763,-0.729893245771178,064,"Y52","Q38","00","MG","NM"
"MK159HB",10,52.0639683560844,-0.728622203071065,064,"Y52","Q38","00","MG","NM"
"MK159HD",10,52.063694277068,-0.729053027793627,064,"Y52","Q38","00","MG","NM"
"MK159HE",10,52.0605023744195,-0.735736776269436,064,"Y52","Q38","00","MG","NM"
"MK159HF",10,52.0608578435588,-0.735347485534397,064,"Y52","Q38","00","MG","NM"
"MK159HG",10,52.0599103903992,-0.735870179651609,064,"Y52","Q38","00","MG","NM"
"MK159HH",10,52.060576862737,-0.736814085968737,064,"Y52","Q38","00","MG","NM"
"MK159HJ",10,52.0613863666541,-0.736003558272989,064,"Y52","Q38","00","MG","NM"
"MK159HL",10,52.0653284356633,-0.722193944194226,064,"Y52","Q38","00","MG","NM"
"MK159HN",10,52.062149974267,-0.730088786408948,064,"Y52","Q38","00","MG","NM"
"MK159HP",10,52.0650467307808,-0.720261761726966,064,"Y52","Q38","00","MG","NM"
"MK159HQ",10,52.0494297465506,-0.722807868411824,064,"Y52","Q38","00","MG","NM"
"MK159HR",10,52.0602417467113,-0.733235247411028,064,"Y52","Q38","00","MG","NM"
"MK159HS",10,52.0656196099452,-0.720026563060617,064,"Y52","Q38","00","MG","NM"
"MK159HT",10,52.0649716070041,-0.723283647295081,064,"Y52","Q38","00","MG","NM"
"MK159HU",10,52.0637492079081,-0.724981499590562,064,"Y52","Q38","00","MG","NM"
"MK159HX",10,52.0646584528526,-0.72508690073178,064,"Y52","Q38","00","MG","NM"
"MK159HY",10,52.0644547134947,-0.724538360201082,064,"Y52","Q38","00","MG","NM"
"MK159HZ",10,52.0639248901489,-0.719622786796097,064,"Y52","Q38","00","MG","NM"
"MK159JA",10,52.0594790395646,-0.73254209229331,064,"Y52","Q38","00","MG","NM"
"MK159JB",10,52.0599926812125,-0.731812818356264,064,"Y52","Q38","00","MG","NM"
"MK159JD",10,52.0641427066401,-0.720637707284392,064,"Y52","Q38","00","MG","NM"
"MK159JE",10,52.0636310585737,-0.722373671077892,064,"Y52","Q38","00","MG","NM"
"MK159JF",10,52.063957303583,-0.721780851296076,064,"Y52","Q38","00","MG","NM"
"MK159JG",10,52.0605960021573,-0.7318978399542,064,"Y52","Q38","00","MG","NM"
"MK159JH",10,52.064627286251,-0.720550921764023,064,"Y52","Q38","00","MG","NM"
"MK159JJ",10,52.063718037855,-0.720445612883983,064,"Y52","Q38","00","MG","NM"
"MK159JL",10,52.0624569141046,-0.731874316910581,064,"Y52","Q38","00","MG","NM"
"MK159JP",10,52.0633306941227,-0.724526614142053,064,"Y52","Q38","00","MG","NM"
"MK159JQ",10,52.0601936080126,-0.731267426596719,064,"Y52","Q38","00","MG","NM"
"MK159JR",10,52.0642025456115,-0.727827809782294,064,"Y52","Q38","00","MG","NM"
"MK159JS",10,52.0606820217484,-0.733208206772063,064,"Y52","Q38","00","MG","NM"
"MK159JT",10,52.0608036583418,-0.728639117132653,064,"Y52","Q38","00","MG","NM"
"MK159JU",10,52.0631374400493,-0.72994408243524,064,"Y52","Q38","00","MG","NM"
"MK159JW",10,52.0634701327454,-0.730780727444547,064,"Y52","Q38","00","MG","NM"
"MK159JY",10,52.0572052212584,-0.730958270813161,064,"Y52","Q38","00","MG","NM"
"MK159JZ",10,52.0621032995916,-0.720783496489811,064,"Y52","Q38","00","MG","NM"
"MK159LA",10,52.0640995396826,-0.718319476089831,064,"Y52","Q38","00","MG","NM"
"MK159LB",10,52.0628627162735,-0.715379041862517,064,"Y52","Q38","00","MG","NM"
"MK159LD",10,52.0643511008633,-0.716649253465825,064,"Y52","Q38","00","MG","NM"
"MK159LG",10,52.0633998607572,-0.71599089900337,064,"Y52","Q38","00","MG","NM"
"MK159LH",10,52.0641523057334,-0.717384343535919,064,"Y52","Q38","00","MG","NM"
"MK159LJ",10,52.0621310751423,-0.715895995253252,064,"Y52","Q38","00","MG","NM"
"MK159LL",10,52.0632763664448,-0.717861648195034,064,"Y52","Q38","00","MG","NM"
"MK159LP",10,52.0633093725867,-0.728378337365254,064,"Y52","Q38","00","MG","NM"
"MK159LR",10,52.0651563579534,-0.717939109038191,064,"Y52","Q38","00","MG","NM"
"MK159LS",10,52.0634852096247,-0.718876802363933,064,"Y52","Q38","00","MG","NM"
"MK159LT",10,52.062943956285,-0.717885753450065,064,"Y52","Q38","00","MG","NM"
"MK159LU",10,52.0619933576257,-0.717285723157322,064,"Y52","Q38","00","MG","NM"
"MK159LZ",10,52.0621131873509,-0.715079625807776,064,"Y52","Q38","00","MG","NM"
"MK159NA",10,52.0619733734646,-0.717928129623612,064,"Y52","Q38","00","MG","NM"
"MK159PA",10,52.0559141031505,-0.709758860705745,064,"Y52","Q38","00","MG","NP"
"MK159PG",10,52.0303889836085,-0.69027546953929,064,"Y52","Q38","00","MG","NX"
"MK159WE",10,52.0303889836085,-0.69027546953929,064,"Y52","Q38","00","MG","NX"
"MK159WY",10,52.0303889836085,-0.69027546953929,064,"Y52","Q38","00","MG","NX"
"MK159WZ",10,52.0303889836085,-0.69027546953929,064,"Y52","Q38","00","MG","NX"
"MK159XN",10,52.0303889836085,-0.69027546953929,064,"Y52","Q38","00","MG","NX"
"MK159XQ",10,52.0303889836085,-0.69027546953929,064,"Y52","Q38","00","MG","NX"
"MK159ZF",10,52.0303889836085,-0.69027546953929,064,"Y52","Q38","00","MG","NX"
"MK160AA",10,52.055759885325,-0.699816244230706,064,"Y52","Q38","00","MG","NP"
"MK160AD",10,52.0863553520617,-0.722717324148007,064,"Y52","Q38","00","MG","NR"
"MK160AE",10,52.0802658257996,-0.709275773008024,064,"Y52","Q38","00","MG","NR"
"MK160AG",10,52.0849497320954,-0.727427728704093,064,"Y52","Q38","00","MG","NR"
"MK160AH",10,52.0829730462062,-0.729220627756529,064,"Y52","Q38","00","MG","NQ"
"MK160AN",10,52.0829242741172,-0.730535468514228,064,"Y52","Q38","00","MG","NQ"
"MK160AP",10,52.0824695025144,-0.733394161284441,064,"Y52","Q38","00","MG","NQ"
"MK160AQ",10,52.0842785980518,-0.727724109922482,064,"Y52","Q38","00","MG","NR"
"MK160AR",10,52.0819795302475,-0.733816651889315,064,"Y52","Q38","00","MG","NQ"
"MK160AS",10,52.0828087583893,-0.732333796848434,064,"Y52","Q38","00","MG","NQ"
"MK160AT",10,52.0814637110529,-0.736020267328099,064,"Y52","Q38","00","MG","NQ"
"MK160AU",10,52.0819457983336,-0.735700184088138,064,"Y52","Q38","00","MG","NQ"
"MK160AW",10,52.0823861917122,-0.731499328982725,064,"Y52","Q38","00","MG","NQ"
"MK160AX",10,52.0815675040987,-0.735637904577324,064,"Y52","Q38","00","MG","NQ"
"MK160AY",10,52.0812564338443,-0.736814165529539,064,"Y52","Q38","00","MG","NQ"
"MK160AZ",10,52.0823007028498,-0.734420501222731,064,"Y52","Q38","00","MG","NQ"
"MK160BA",10,52.0827758908044,-0.733458458214759,064,"Y52","Q38","00","MG","NQ"
"MK160BB",10,52.0818114704221,-0.733237663868853,064,"Y52","Q38","00","MG","NQ"
"MK160BD",10,52.0813193045043,-0.733455904006702,064,"Y52","Q38","00","MG","NQ"
"MK160BE",10,52.0810722707929,-0.734732516480362,064,"Y52","Q38","00","MG","NQ"
"MK160BG",10,52.08080263703,-0.736418364048869,064,"Y52","Q38","00","MG","NQ"
"MK160BH",10,52.0810915614461,-0.734016897015976,064,"Y52","Q38","00","MG","NQ"
"MK160BJ",10,52.0802062547328,-0.734465140586669,064,"Y52","Q38","00","MG","NR"
"MK160BL",10,52.080777337433,-0.733223157854457,064,"Y52","Q38","00","MG","NR"
"MK160BN",10,52.0805909328545,-0.733447332284085,064,"Y52","Q38","00","MG","NR"
"MK160BP",10,52.0810964186678,-0.731959097088646,064,"Y52","Q38","00","MG","NR"
"MK160BQ",10,52.0809157100227,-0.734386704126665,064,"Y52","Q38","00","MG","NQ"
"MK160BS",10,52.0817517847865,-0.731867558303493,064,"Y52","Q38","00","MG","NQ"
"MK160BT",10,52.0822278542794,-0.731824879369506,064,"Y52","Q38","00","MG","NQ"
"MK160BU",10,52.0840051682942,-0.727381621224636,064,"Y52","Q38","00","MG","NR"
"MK160BW",10,52.0801439181689,-0.732847076030251,064,"Y52","Q38","00","MG","NR"
"MK160BX",10,52.0835054584103,-0.726067766274657,064,"Y52","Q38","00","MG","NR"
"MK160BY",10,52.0838265160054,-0.725825117519444,064,"Y52","Q38","00","MG","NR"
"MK160BZ",10,52.083299981738,-0.72452664368984,064,"Y52","Q38","00","MG","NR"
"MK160DA",10,52.0789754263653,-0.70802883299545,064,"Y52","Q38","00","MG","NR"
"MK160DB",10,52.0829040093549,-0.723662293428552,064,"Y52","Q38","00","MG","NR"
"MK160DD",10,52.0828690204878,-0.725414564373787,064,"Y52","Q38","00","MG","NR"
"MK160DE",10,52.0805613339043,-0.722371943652649,064,"Y52","Q38","00","MG","NR"
"MK160DF",10,52.0809724254463,-0.722141306956728,064,"Y52","Q38","00","MG","NR"
"MK160DG",10,52.0829040093549,-0.723662293428552,064,"Y52","Q38","00","MG","NR"
"MK160DH",10,52.081062356949,-0.738001703921709,064,"Y52","Q38","00","MG","NQ"
"MK160DJ",10,52.0804953745397,-0.738791129999247,064,"Y52","Q38","00","MG","NQ"
"MK160DL",10,52.0810108340253,-0.739068468964023,064,"Y52","Q38","00","MG","NQ"
"MK160DN",10,52.0812548607549,-0.738346516574182,064,"Y52","Q38","00","MG","NQ"
"MK160DP",10,52.0855710311194,-0.724184602250477,064,"Y52","Q38","00","MG","NR"
"MK160DQ",10,52.0805162514456,-0.738221408608916,064,"Y52","Q38","00","MG","NQ"
"MK160DR",10,52.0855308254086,-0.724623592998048,064,"Y52","Q38","00","MG","NR"
"MK160DS",10,52.0854712212592,-0.724931782587683,064,"Y52","Q38","00","MG","NR"
"MK160DT",10,52.0852096126874,-0.724851669583533,064,"Y52","Q38","00","MG","NR"
"MK160DU",10,52.0850506413847,-0.723455113402429,064,"Y52","Q38","00","MG","NR"
"MK160DW",10,52.079254415401,-0.707232768366831,064,"Y52","Q38","00","MG","NR"
"MK160DX",10,52.0847682326968,-0.727272350663301,064,"Y52","Q38","00","MG","NR"
"MK160DY",10,52.0845813674053,-0.727452799927789,064,"Y52","Q38","00","MG","NR"
"MK160DZ",10,52.0790961453364,-0.707558380466366,064,"Y52","Q38","00","MG","NR"
"MK160EA",10,52.0843150347506,-0.726934975781247,064,"Y52","Q38","00","MG","NR"
"MK160EB",10,52.0844925957587,-0.726725601266091,064,"Y52","Q38","00","MG","NR"
"MK160ED",10,52.0848281635546,-0.726161458057086,064,"Y52","Q38","00","MG","NR"
"MK160EE",10,52.0842787711648,-0.726074938039206,064,"Y52","Q38","00","MG","NR"
"MK160EF",10,52.0846633672779,-0.724225077808881,064,"Y52","Q38","00","MG","NR"
"MK160EG",10,52.0840833876528,-0.724635661491626,064,"Y52","Q38","00","MG","NR"
"MK160EH",10,52.078041109981,-0.729608741552663,064,"Y52","Q38","00","MG","NR"
"MK160EJ",10,52.0850958796324,-0.722651115892941,064,"Y52","Q38","00","MG","NR"
"MK160EL",10,52.0850009368365,-0.722186797883959,064,"Y52","Q38","00","MG","NR"
"MK160EN",10,52.0848320774847,-0.723198646583575,064,"Y52","Q38","00","MG","NR"
"MK160EP",10,52.0857525018252,-0.722676154638706,064,"Y52","Q38","00","MG","NR"
"MK160EQ",10,52.0837282646221,-0.724222551041987,064,"Y52","Q38","00","MG","NR"
"MK160ER",10,52.0801685750809,-0.725958456650121,064,"Y52","Q38","00","MG","NR"
"MK160ES",10,52.0799239976359,-0.725790303838705,064,"Y52","Q38","00","MG","NR"
"MK160ET",10,52.0789441077582,-0.724971829131362,064,"Y52","Q38","00","MG","NR"
"MK160EU",10,52.078739735791,-0.724364762759764,064,"Y52","Q38","00","MG","NR"
"MK160EW",10,52.0856577396648,-0.723058326145061,064,"Y52","Q38","00","MG","NR"
"MK160EX",10,52.0862962046267,-0.722237375644788,064,"Y52","Q38","00","MG","NR"
"MK160EY",10,52.0847980000871,-0.722542863233217,064,"Y52","Q38","00","MG","NR"
"MK160EZ",10,52.0801211076028,-0.724894515851616,064,"Y52","Q38","00","MG","NR"
"MK160FE",10,52.0721498584696,-0.719445904828198,064,"Y52","Q38","00","MG","NT"
"MK160FG",10,52.0763965105709,-0.705710214149535,064,"Y52","Q38","00","MG","NT"
"MK160FH",50,52.0721498584696,-0.719445904828198,064,"Y52","Q38","00","MG","NT"
"MK160HA",10,52.0782428979422,-0.70764139120081,064,"Y52","Q38","00","MG","NR"
"MK160HB",10,52.0679718229112,-0.666986198763525,064,"Y52","Q38","00","MG","NT"
"MK160HD",10,52.0699961263282,-0.668691290439178,064,"Y52","Q38","00","MG","NT"
"MK160HF",10,52.0479978409865,-0.689833680936474,064,"Y52","Q38","00","MG","NP"
"MK160HH",10,52.0800341587159,-0.710289374363207,064,"Y52","Q38","00","MG","NR"
"MK160HJ",10,52.0763943948712,-0.727816912631904,064,"Y52","Q38","00","MG","NR"
"MK160HL",10,52.0679118154218,-0.67762346604165,064,"Y52","Q38","00","MG","NT"
"MK160HN",10,52.0689610497704,-0.67417853701742,064,"Y52","Q38","00","MG","NT"
"MK160HP",10,52.0656483548313,-0.683452730355932,064,"Y52","Q38","00","MG","NT"
"MK160HQ",10,52.0670572824158,-0.677590350381319,064,"Y52","Q38","00","MG","NT"
"MK160HR",10,52.0593433870479,-0.697013743533083,064,"Y52","Q38","00","MG","NT"
"MK160HS",10,52.0624481771681,-0.694020525219609,064,"Y52","Q38","00","MG","NT"
"MK160HT",10,52.0805383010858,-0.710347810961584,064,"Y52","Q38","00","MG","NR"
"MK160HU",10,52.0507829865364,-0.692071009044169,064,"Y52","Q38","00","MG","NP"
"MK160HW",10,52.066665228047,-0.68111781184741,064,"Y52","Q38","00","MG","NT"
"MK160HX",10,52.0527497050097,-0.663807766010168,064,"Y52","Q38","00","MG","NT"
"MK160HY",10,52.0539563545825,-0.682337951280306,064,"Y52","Q38","00","MG","NT"
"MK160HZ",10,52.0581149586609,-0.657259047479053,064,"Y52","Q38","00","MG","NT"
"MK160JA",10,52.0655630835302,-0.700888307139203,064,"Y52","Q38","00","MG","NT"
"MK160JB",10,52.0727883931855,-0.703013132644406,064,"Y52","Q38","00","MG","NT"
"MK160JD",10,52.0799142179505,-0.726549416989111,064,"Y52","Q38","00","MG","NR"
"MK160JE",10,52.0793728605474,-0.727206904668172,064,"Y52","Q38","00","MG","NR"
"MK160JF",10,52.0781755193196,-0.727065847821185,064,"Y52","Q38","00","MG","NR"
"MK160JG",10,52.078359236565,-0.725761892802775,064,"Y52","Q38","00","MG","NR"
"MK160JH",10,52.0779662666228,-0.726838322066304,064,"Y52","Q38","00","MG","NR"
"MK160JJ",10,52.0728469807862,-0.716580779192657,064,"Y52","Q38","00","MG","NT"
"MK160JL",10,52.0771667640479,-0.727736590006419,064,"Y52","Q38","00","MG","NR"
"MK160JN",10,52.0839627087244,-0.72928008690004,064,"Y52","Q38","00","MG","NQ"
"MK160JP",10,52.0769584717331,-0.725101357130959,064,"Y52","Q38","00","MG","NR"
"MK160JQ",10,52.0775345156294,-0.725989664446651,064,"Y52","Q38","00","MG","NR"
"MK160JR",10,52.0784913141633,-0.729668924582412,064,"Y52","Q38","00","MG","NR"
"MK160JS",10,52.0776282993046,-0.728847071380052,064,"Y52","Q38","00","MG","NR"
"MK160JT",10,52.0479393729361,-0.689427077793943,064,"Y52","Q38","00","MG","NP"
"MK160JU",10,52.0765908099298,-0.730189807264689,064,"Y52","Q38","00","MG","NR"
"MK160JW",10,52.0839214074854,-0.728785054351535,064,"Y52","Q38","00","MG","NQ"
"MK160JX",10,52.0786170557087,-0.724660110650381,064,"Y52","Q38","00","MG","NR"
"MK160JY",10,52.0825503003055,-0.728371597280249,064,"Y52","Q38","00","MG","NQ"
"MK160JZ",10,52.0764932487104,-0.728645838602793,064,"Y52","Q38","00","MG","NR"
"MK160LA",10,52.0830983026044,-0.72583125979367,064,"Y52","Q38","00","MG","NR"
"MK160LB",10,52.0804720570383,-0.73997383138904,064,"Y52","Q38","00","MG","NQ"
"MK160LD",10,52.0799869954851,-0.740016674735073,064,"Y52","Q38","00","MG","NQ"
"MK160LE",10,52.0832071048858,-0.72674758669777,064,"Y52","Q38","00","MG","NR"
"MK160LF",10,52.0820823019921,-0.724999162530824,064,"Y52","Q38","00","MG","NR"
"MK160LG",10,52.0812055295698,-0.72373992455231,064,"Y52","Q38","00","MG","NR"
"MK160LH",10,52.0792718907313,-0.72202934385257,064,"Y52","Q38","00","MG","NR"
"MK160LJ",10,52.0816786155018,-0.725083632332255,064,"Y52","Q38","00","MG","NR"
"MK160LL",10,52.0807203975374,-0.730437462738078,064,"Y52","Q38","00","MG","NR"
"MK160LN",10,52.0803424450352,-0.729572598519217,064,"Y52","Q38","00","MG","NR"
"MK160LP",10,52.0800820666604,-0.730440978729919,064,"Y52","Q38","00","MG","NR"
"MK160LQ",10,52.0801664998165,-0.723273392814035,064,"Y52","Q38","00","MG","NR"
"MK160LR",10,52.0798798895967,-0.730869910049179,064,"Y52","Q38","00","MG","NR"
"MK160LT",10,52.0791939783856,-0.729794906573699,064,"Y52","Q38","00","MG","NR"
"MK160LW",10,52.08080750377,-0.728508680989305,064,"Y52","Q38","00","MG","NR"
"MK160LX",10,52.0753829751137,-0.727407915533994,064,"Y52","Q38","00","MG","NR"
"MK160LY",10,52.0751721165471,-0.728697956095601,064,"Y52","Q38","00","MG","NR"
"MK160LZ",10,52.082331914459,-0.723970486690238,064,"Y52","Q38","00","MG","NR"
"MK160NA",10,52.0805251021663,-0.727334657906736,064,"Y52","Q38","00","MG","NR"
"MK160NB",10,52.0807029862366,-0.726322666070821,064,"Y52","Q38","00","MG","NR"
"MK160ND",10,52.0812312439603,-0.726949740426646,064,"Y52","Q38","00","MG","NR"
"MK160NE",10,52.0814930150512,-0.726212618942518,064,"Y52","Q38","00","MG","NR"
"MK160NF",10,52.0817110996725,-0.726425314514214,064,"Y52","Q38","00","MG","NR"
"MK160NG",10,52.0818206846304,-0.727414560169205,064,"Y52","Q38","00","MG","NR"
"MK160NH",10,52.0791758393375,-0.733122563102167,064,"Y52","Q38","00","MG","NR"
"MK160NJ",10,52.0799255768939,-0.73177337861931,064,"Y52","Q38","00","MG","NR"
"MK160NL",10,52.0776486084976,-0.7298971352158,064,"Y52","Q38","00","MG","NR"
"MK160NP",10,52.0774790138543,-0.731682193328755,064,"Y52","Q38","00","MG","NR"
"MK160NQ",10,52.0819033218964,-0.726740903439728,064,"Y52","Q38","00","MG","NR"
"MK160NR",10,52.0784377440844,-0.732209537834844,064,"Y52","Q38","00","MG","NR"
"MK160NS",10,52.0767823685325,-0.733788582980792,064,"Y52","Q38","00","MG","NR"
"MK160NT",10,52.0763062977262,-0.733831234842221,064,"Y52","Q38","00","MG","NR"
"MK160NU",10,52.0761077157347,-0.732085845719123,064,"Y52","Q38","00","MG","NR"
"MK160PA",10,52.0753595251353,-0.731071045001808,064,"Y52","Q38","00","MG","NR"
"MK160PB",10,52.074911900971,-0.729580827305478,064,"Y52","Q38","00","MG","NR"
"MK160PD",10,52.0777930777733,-0.734971146807031,064,"Y52","Q38","00","MG","NR"
"MK160PE",10,52.0772855611084,-0.733759754891117,064,"Y52","Q38","00","MG","NR"
"MK160PF",10,52.0772488557825,-0.735365923688898,064,"Y52","Q38","00","MG","NR"
"MK160PG",10,52.0810381320567,-0.730720315282044,064,"Y52","Q38","00","MG","NR"
"MK160PH",10,52.0821680251343,-0.729608331952238,064,"Y52","Q38","00","MG","NR"
"MK160PJ",10,52.081677643211,-0.728323428011824,064,"Y52","Q38","00","MG","NR"
"MK160PP",10,52.0810977816595,-0.72958034165575,064,"Y52","Q38","00","MG","NR"
"MK160PQ",10,52.0813520964332,-0.730653036209191,064,"Y52","Q38","00","MG","NR"
"MK160PR",10,52.081665432366,-0.730527399819713,064,"Y52","Q38","00","MG","NR"
"MK160PS",10,52.0814727770105,-0.729336199983256,064,"Y52","Q38","00","MG","NR"
"MK160PT",10,52.0822327987727,-0.730613460119111,064,"Y52","Q38","00","MG","NR"
"MK160QE",10,52.0693671167509,-0.719861063064696,064,"Y52","Q38","00","MG","NT"
"MK160QN",10,52.0834405376108,-0.730885674917,064,"Y52","Q38","00","MG","NQ"
"MK160QW",10,52.0837354575564,-0.72988490346849,064,"Y52","Q38","00","MG","NQ"
"MK160RE",10,52.0776103869157,-0.706536052612303,064,"Y52","Q38","00","MG","NR"
"MK160WT",50,52.0865149492425,-0.723340358620798,064,"Y52","Q38","00","MG","NR"
"MK160WZ",10,52.0865149492425,-0.723340358620798,064,"Y52","Q38","00","MG","NR"
"MK160XN",10,52.0865149492425,-0.723340358620798,064,"Y52","Q38","00","MG","NR"
"MK160XS",10,52.0865149492425,-0.723340358620798,064,"Y52","Q38","00","MG","NR"
"MK160XZ",10,52.0865149492425,-0.723340358620798,064,"Y52","Q38","00","MG","NR"
"MK160YZ",10,52.0830863030705,-0.723890597940475,064,"Y52","Q38","00","MG","NR"
"MK160ZD",10,52.0865149492425,-0.723340358620798,064,"Y52","Q38","00","MG","NR"
"MK166AD",90,49.7668057243776,-7.55715980363992,064,"","","","",""
"MK166AE",90,49.7668057243776,-7.55715980363992,064,"","","","",""
"MK166AN",90,49.7668057243776,-7.55715980363992,064,"","","","",""
"MK166AQ",90,49.7668057243776,-7.55715980363992,064,"","","","",""
"MK166AS",90,49.7668057243776,-7.55715980363992,064,"","","","",""
"MK166AT",90,49.7668057243776,-7.55715980363992,064,"","","","",""
"MK166AU",90,49.7668057243776,-7.55715980363992,064,"","","","",""
"MK166AW",90,49.7668057243776,-7.55715980363992,064,"","","","",""
"MK166AX",90,49.7668057243776,-7.55715980363992,064,"","","","",""
"MK168AB",10,52.0862826882711,-0.72431025972742,064,"Y52","Q38","00","MG","NR"
"MK168AG",10,52.0861489718863,-0.7269119840831,064,"Y52","Q38","00","MG","NR"
"MK168AN",10,52.0877473400011,-0.720079578011881,064,"Y52","Q38","00","MG","NR"
"MK168AP",10,52.0874653753401,-0.719781140190856,064,"Y52","Q38","00","MG","NR"
"MK168AQ",10,52.0869462102124,-0.722481526762652,064,"Y52","Q38","00","MG","NR"
"MK168AR",10,52.0869557725644,-0.720875773060142,064,"Y52","Q38","00","MG","NR"
"MK168AT",10,52.0865565725038,-0.723032672847236,064,"Y52","Q38","00","MG","NR"
"MK168AU",10,52.0866937465566,-0.722415759635043,064,"Y52","Q38","00","MG","NR"
"MK168AW",10,52.0872432022768,-0.720021023649255,064,"Y52","Q38","00","MG","NR"
"MK168AY",10,52.0881924478938,-0.72298598039534,064,"Y52","Q38","00","MG","NR"
"MK168BB",10,52.0864887230577,-0.730069456980228,064,"Y52","Q38","00","MG","NQ"
"MK168BD",10,52.0850452123001,-0.730446104648751,064,"Y52","Q38","00","MG","NQ"
"MK168BE",10,52.0816368344716,-0.742961892139911,064,"Y52","Q38","00","MG","NQ"
"MK168BG",10,52.0824278394699,-0.740414948849129,064,"Y52","Q38","00","MG","NQ"
"MK168BH",10,52.0839119142318,-0.737104057872475,064,"Y52","Q38","00","MG","NQ"
"MK168BJ",10,52.0854293756768,-0.735236881980058,064,"Y52","Q38","00","MG","NQ"
"MK168BL",10,52.0846931218015,-0.737009035928159,064,"Y52","Q38","00","MG","NQ"
"MK168BN",10,52.0837855932141,-0.738742175992553,064,"Y52","Q38","00","MG","NQ"
"MK168BP",10,52.0839348693669,-0.739248767699743,064,"Y52","Q38","00","MG","NQ"
"MK168BQ",10,52.0827573904036,-0.739281943347055,064,"Y52","Q38","00","MG","NQ"
"MK168BS",10,52.0848666967529,-0.738945214816613,064,"Y52","Q38","00","MG","NQ"
"MK168BT",10,52.0842084210932,-0.739605918954653,064,"Y52","Q38","00","MG","NQ"
"MK168BU",10,52.0844944896131,-0.739451916281748,064,"Y52","Q38","00","MG","NQ"
"MK168BW",10,52.0835268631777,-0.739771058326469,064,"Y52","Q38","00","MG","NQ"
"MK168BX",10,52.0851786990397,-0.73953480296686,064,"Y52","Q38","00","MG","NQ"
"MK168BY",10,52.0845579828851,-0.741186869533587,064,"Y52","Q38","00","MG","NQ"
"MK168BZ",10,52.0841606240062,-0.741022916388837,064,"Y52","Q38","00","MG","NQ"
"MK168DA",10,52.0831924764534,-0.74045180107397,064,"Y52","Q38","00","MG","NQ"
"MK168DB",10,52.0831876960053,-0.740845974256999,064,"Y52","Q38","00","MG","NQ"
"MK168DD",10,52.0834118703374,-0.742474204642273,064,"Y52","Q38","00","MG","NQ"
"MK168DE",10,52.0826399571792,-0.742598054480674,064,"Y52","Q38","00","MG","NQ"
"MK168DF",10,52.0825584733067,-0.743388410147577,064,"Y52","Q38","00","MG","NQ"
"MK168DG",10,52.083190771482,-0.743662533922456,064,"Y52","Q38","00","MG","NQ"
"MK168DH",10,52.0833366507297,-0.745541072641861,064,"Y52","Q38","00","MG","NQ"
"MK168DJ",10,52.0825800852313,-0.746262785590315,064,"Y52","Q38","00","MG","NQ"
"MK168DL",10,52.0837591060154,-0.745529229039501,064,"Y52","Q38","00","MG","NQ"
"MK168DN",10,52.0845834744714,-0.742733166891507,064,"Y52","Q38","00","MG","NQ"
"MK168DP",10,52.0837733349059,-0.744332105049324,064,"Y52","Q38","00","MG","NQ"
"MK168DQ",10,52.0822301255499,-0.744638095780505,064,"Y52","Q38","00","MG","NQ"
"MK168DR",50,52.0834654486071,-0.746661207980245,064,"Y52","Q38","00","MG","NQ"
"MK168DS",10,52.0831486824549,-0.749005120562061,064,"Y52","Q38","00","MG","NK"
"MK168DU",10,52.083759710565,-0.750666370311877,064,"Y52","Q38","00","MG","NK"
"MK168DW",10,52.0851403219409,-0.743520225976559,064,"Y52","Q38","00","MG","NQ"
"MK168DX",10,52.0853849978355,-0.742856591836823,064,"Y52","Q38","00","MG","NQ"
"MK168DY",10,52.0869370974425,-0.744228719169776,064,"Y52","Q38","00","MG","NQ"
"MK168DZ",10,52.0841611752891,-0.742759627210837,064,"Y52","Q38","00","MG","NQ"
"MK168EA",10,52.0845168410165,-0.728972460360957,064,"Y52","Q38","00","MG","NQ"
"MK168EB",10,52.0848044005128,-0.745748030024831,064,"Y52","Q38","00","MG","NQ"
"MK168ED",10,52.0870025472721,-0.746999981738812,064,"Y52","Q38","00","MG","NQ"
"MK168EE",10,52.0921426236591,-0.740827470888827,064,"Y52","Q38","00","MG","NQ"
"MK168EF",10,52.0951808514365,-0.740756537655198,064,"Y52","Q38","00","MG","NQ"
"MK168EG",10,52.0864955364098,-0.729033010239053,064,"Y52","Q38","00","MG","NQ"
"MK168EH",10,52.0856296960747,-0.727116492366473,064,"Y52","Q38","00","MG","NR"
"MK168EL",10,52.0850055148889,-0.729265065918232,064,"Y52","Q38","00","MG","NQ"
"MK168EN",10,52.0858458959228,-0.725490306604894,064,"Y52","Q38","00","MG","NR"
"MK168EP",10,52.0877213626704,-0.720999839588262,064,"Y52","Q38","00","MG","NR"
"MK168ER",10,52.0883776996497,-0.721827628910891,064,"Y52","Q38","00","MG","NR"
"MK168ET",10,52.0874520859104,-0.722700608727066,064,"Y52","Q38","00","MG","NR"
"MK168EU",10,52.0873906123693,-0.727825354674973,064,"Y52","Q38","00","MG","NR"
"MK168EX",10,52.0868410741642,-0.726892290429562,064,"Y52","Q38","00","MG","NR"
"MK168EY",10,52.0868599852107,-0.7278112524021,064,"Y52","Q38","00","MG","NR"
"MK168EZ",10,52.0871881308199,-0.728225186560369,064,"Y52","Q38","00","MG","NR"
"MK168HA",10,52.0865952148111,-0.728271230776233,064,"Y52","Q38","00","MG","NR"
"MK168HB",10,52.0862243444286,-0.727230930124671,064,"Y52","Q38","00","MG","NR"
"MK168HD",10,52.0852622836847,-0.726397208873275,064,"Y52","Q38","00","MG","NR"
"MK168HE",10,52.0864611305358,-0.721692646187653,064,"Y52","Q38","00","MG","NR"
"MK168HG",10,52.0865614258464,-0.721821136961373,064,"Y52","Q38","00","MG","NR"
"MK168HH",10,52.086382858141,-0.720279158535213,064,"Y52","Q38","00","MG","NR"
"MK168HJ",10,52.0861446406755,-0.721526548460417,064,"Y52","Q38","00","MG","NR"
"MK168HL",10,52.0857613743588,-0.725988940289789,064,"Y52","Q38","00","MG","NR"
"MK168HN",10,52.0865587635617,-0.722405018960361,064,"Y52","Q38","00","MG","NR"
"MK168HP",10,52.0865120423703,-0.730565029230871,064,"Y52","Q38","00","MG","NQ"
"MK168HQ",10,52.0861985372889,-0.720693091534261,064,"Y52","Q38","00","MG","NR"
"MK168HR",10,52.0875076898573,-0.733689394960009,064,"Y52","Q38","00","MG","NQ"
"MK168HS",10,52.0864635698634,-0.731909154183754,064,"Y52","Q38","00","MG","NQ"
"MK168HT",10,52.0878079395301,-0.735695080957437,064,"Y52","Q38","00","MG","NQ"
"MK168HU",10,52.0850692755218,-0.731846508274634,064,"Y52","Q38","00","MG","NQ"
"MK168HW",10,52.0856260256563,-0.729276632474871,064,"Y52","Q38","00","MG","NQ"
"MK168HX",10,52.0854675408418,-0.732929828556758,064,"Y52","Q38","00","MG","NQ"
"MK168HY",10,52.0863501345781,-0.722235835459904,064,"Y52","Q38","00","MG","NR"
"MK168JA",10,52.0867527107069,-0.737067657991465,064,"Y52","Q38","00","MG","NQ"
"MK168JB",10,52.0859432057614,-0.737878633994957,064,"Y52","Q38","00","MG","NQ"
"MK168JE",10,52.0844215972544,-0.732652964547253,064,"Y52","Q38","00","MG","NQ"
"MK168JG",10,52.0840256242276,-0.735130617653301,064,"Y52","Q38","00","MG","NQ"
"MK168JH",10,52.0814375571885,-0.740296888491241,064,"Y52","Q38","00","MG","NQ"
"MK168JJ",10,52.0805175648595,-0.741709135089305,064,"Y52","Q38","00","MG","NQ"
"MK168JL",10,52.0811127066646,-0.742713934889526,064,"Y52","Q38","00","MG","NQ"
"MK168JQ",10,52.0821505475542,-0.739707663556365,064,"Y52","Q38","00","MG","NQ"
"MK168JR",10,52.0857157732256,-0.728427581443176,064,"Y52","Q38","00","MG","NR"
"MK168JS",10,52.0868478566848,-0.725023907022436,064,"Y52","Q38","00","MG","NR"
"MK168JT",10,52.0889151872277,-0.719987782600433,064,"Y52","Q38","00","MG","NR"
"MK168JX",10,52.0981687874647,-0.720978456267169,064,"Y52","Q38","00","MG","NT"
"MK168JY",10,52.0979096090974,-0.722781527644133,064,"Y52","Q38","00","MG","NT"
"MK168JZ",10,52.0969661527049,-0.722837667928434,064,"Y52","Q38","00","MG","NT"
"MK168LB",10,52.096505240306,-0.723449363964502,064,"Y52","Q38","00","MG","NT"
"MK168LD",10,52.0966719454281,-0.725561380547817,064,"Y52","Q38","00","MG","NT"
"MK168LE",10,52.1006923706154,-0.72319844087951,064,"Y52","Q38","00","MG","NT"
"MK168LF",10,52.1050426284823,-0.743150822368988,064,"Y52","Q38","00","MG","NT"
"MK168LG",10,52.1081413391355,-0.766689989977038,064,"Y52","Q38","00","MG","NT"
"MK168LH",10,52.1156314796053,-0.763314121767559,064,"Y52","Q38","00","MG","NT"
"MK168LJ",10,52.0824092915448,-0.737000528374699,064,"Y52","Q38","00","MG","NQ"
"MK168LL",10,52.1337310908656,-0.778913814671951,064,"Y52","Q38","00","MG","NT"
"MK168LN",10,52.1346538739907,-0.784689068334895,064,"Y52","Q38","00","MG","NT"
"MK168LP",10,52.1519949174554,-0.8002512258032,064,"Y52","Q38","00","MG","NT"
"MK168LQ",10,52.1155954420885,-0.777101830198522,064,"Y52","Q38","00","MG","NT"
"MK168LR",10,52.1591588821966,-0.808055104697661,064,"Y51","Q33","34","UG","JF"
"MK168LS",10,52.161818881571,-0.799943241266128,064,"Y51","Q33","34","UG","JF"
"MK168LT",10,52.1006502176482,-0.761392515746237,064,"Y52","Q38","00","MG","NT"
"MK168LU",10,52.1037179821301,-0.779675200250434,064,"Y52","Q38","00","MG","NT"
"MK168LW",10,52.1413188557663,-0.795467396503399,064,"Y52","Q38","00","MG","NT"
"MK168LX",10,52.1086828088862,-0.735469865419854,064,"Y52","Q38","00","MG","NT"
"MK168LY",10,52.1155406546701,-0.776154034099128,064,"Y52","Q38","00","MG","NT"
"MK168LZ",10,52.0820971146988,-0.738074677448078,064,"Y52","Q38","00","MG","NQ"
"MK168NA",10,52.1346853817769,-0.780772518167383,064,"Y52","Q38","00","MG","NT"
"MK168NB",10,52.1321583278287,-0.778109430991597,064,"Y52","Q38","00","MG","NT"
"MK168ND",10,52.0888988757708,-0.752011638937983,064,"Y52","Q38","00","MG","NQ"
"MK168NE",10,52.1279888596976,-0.776601916306416,064,"Y52","Q38","00","MG","NT"
"MK168NG",10,52.089584895556,-0.753116400801395,064,"Y52","Q38","00","MG","NQ"
"MK168NH",10,52.1296570741725,-0.77620561118034,064,"Y52","Q38","00","MG","NT"
"MK168NJ",10,52.0922094602786,-0.719484802021959,064,"Y52","Q38","00","MG","NT"
"MK168NL",10,52.0905071329348,-0.718380412573212,064,"Y52","Q38","00","MG","NT"
"MK168NP",10,52.1300701328401,-0.777888973140506,064,"Y52","Q38","00","MG","NT"
"MK168NQ",10,52.1284550932527,-0.77561036136662,064,"Y52","Q38","00","MG","NT"
"MK168NR",10,52.1307295257913,-0.777315772084747,064,"Y52","Q38","00","MG","NT"
"MK168NS",10,52.1314883399359,-0.777660245873398,064,"Y52","Q38","00","MG","NT"
"MK168NT",10,52.1285849198287,-0.777725080081473,064,"Y52","Q38","00","MG","NT"
"MK168NU",10,52.1263941617633,-0.775418504584888,064,"Y52","Q38","00","MG","NT"
"MK168NW",10,52.1311855453415,-0.778808084616884,064,"Y52","Q38","00","MG","NT"
"MK168NX",10,52.1325678615327,-0.777718365345162,064,"Y52","Q38","00","MG","NT"
"MK168NY",10,52.1327533839714,-0.781745694494146,064,"Y52","Q38","00","MG","NT"
"MK168NZ",10,52.1354957040543,-0.786112656207517,064,"Y52","Q38","00","MG","NT"
"MK168PA",10,52.1473981158613,-0.797364085969676,064,"Y52","Q38","00","MG","NT"
"MK168PB",10,52.1559708578122,-0.787251492257402,064,"Y51","Q33","34","UG","JF"
"MK168PE",10,52.1329460802194,-0.780381687745534,064,"Y52","Q38","00","MG","NT"
"MK168PG",10,52.0868108407136,-0.739138536754237,064,"Y52","Q38","00","MG","NQ"
"MK168PH",10,52.0856071319571,-0.740923835488951,064,"Y52","Q38","00","MG","NQ"
"MK168PJ",10,52.0859708741567,-0.741307662666432,064,"Y52","Q38","00","MG","NQ"
"MK168PL",10,52.0864795770079,-0.740111148682134,064,"Y52","Q38","00","MG","NQ"
"MK168PN",10,52.0882082043681,-0.74117173933346,064,"Y52","Q38","00","MG","NQ"
"MK168PP",10,52.0891212801453,-0.740795743996047,064,"Y52","Q38","00","MG","NQ"
"MK168PQ",10,52.0874774438185,-0.74009764392972,064,"Y52","Q38","00","MG","NQ"
"MK168PR",10,52.0874267260596,-0.742084047350382,064,"Y52","Q38","00","MG","NQ"
"MK168PS",10,52.0879681210115,-0.74395165489276,064,"Y52","Q38","00","MG","NQ"
"MK168PT",10,52.0898556528732,-0.743052080092494,064,"Y52","Q38","00","MG","NQ"
"MK168PU",10,52.0890669718692,-0.742446613852117,064,"Y52","Q38","00","MG","NQ"
"MK168PW",10,52.0886282121286,-0.741772944721728,064,"Y52","Q38","00","MG","NQ"
"MK168PX",10,52.0909892419959,-0.742275803602985,064,"Y52","Q38","00","MG","NQ"
"MK168PY",10,52.0864641982142,-0.72529755213288,064,"Y52","Q38","00","MG","NR"
"MK168PZ",10,52.0854060029756,-0.745672786844219,064,"Y52","Q38","00","MG","NQ"
"MK168QA",10,52.0861038178286,-0.744500221414542,064,"Y52","Q38","00","MG","NQ"
"MK168QB",10,52.0860847746079,-0.745245098875589,064,"Y52","Q38","00","MG","NQ"
"MK168QD",10,52.0861491052408,-0.746221158590994,064,"Y52","Q38","00","MG","NQ"
"MK168QE",10,52.0870685477087,-0.745596986291001,064,"Y52","Q38","00","MG","NQ"
"MK168QF",10,52.085581758029,-0.746981391388546,064,"Y52","Q38","00","MG","NQ"
"MK168QG",10,52.0860141322054,-0.74705685226781,064,"Y52","Q38","00","MG","NQ"
"MK168QH",10,52.0896925789493,-0.742093316521238,064,"Y52","Q38","00","MG","NQ"
"MK168QJ",10,52.0905526615275,-0.741806396153015,064,"Y52","Q38","00","MG","NQ"
"MK168QL",10,52.0900051026542,-0.741048195278456,064,"Y52","Q38","00","MG","NQ"
"MK168QN",10,52.1305808646852,-0.776852338418021,064,"Y52","Q38","00","MG","NT"
"MK168QP",10,52.0877358793593,-0.74832222945484,064,"Y52","Q38","00","MG","NQ"
"MK168QQ",10,52.0899881059315,-0.741982833031943,064,"Y52","Q38","00","MG","NQ"
"MK168QR",10,52.0904472671827,-0.749647619305237,064,"Y52","Q38","00","MG","NQ"
"MK168QS",10,52.0913093929607,-0.747857325964106,064,"Y52","Q38","00","MG","NQ"
"MK168QT",10,52.0864641982142,-0.72529755213288,064,"Y52","Q38","00","MG","NR"
"MK168QW",10,52.0861342905928,-0.734735320744394,064,"Y52","Q38","00","MG","NQ"
"MK168QZ",10,52.094713551197,-0.7190773633979,064,"Y52","Q38","00","MG","NT"
"MK168RA",10,52.0871950253675,-0.748191407524773,064,"Y52","Q38","00","MG","NQ"
"MK168RB",10,52.088534293482,-0.749000487972038,064,"Y52","Q38","00","MG","NQ"
"MK168RD",10,52.088960141131,-0.750156251537267,064,"Y52","Q38","00","MG","NQ"
"MK168RE",10,52.0895335617615,-0.748271932917191,064,"Y52","Q38","00","MG","NQ"
"MK168RF",10,52.0893984256272,-0.747399951612209,064,"Y52","Q38","00","MG","NQ"
"MK168RG",10,52.088455722667,-0.746681963580615,064,"Y52","Q38","00","MG","NQ"
"MK168RH",10,52.0905377846163,-0.748010291336462,064,"Y52","Q38","00","MG","NQ"
"MK168RJ",10,52.087613293889,-0.746939090547481,064,"Y52","Q38","00","MG","NQ"
"MK168RL",10,52.0884152802988,-0.74795292417715,064,"Y52","Q38","00","MG","NQ"
"MK168RN",10,52.0898489307058,-0.748336089740024,064,"Y52","Q38","00","MG","NQ"
"MK168RP",10,52.0859464109341,-0.747452811388531,064,"Y52","Q38","00","MG","NQ"
"MK168RQ",10,52.0879478728776,-0.746272919035301,064,"Y52","Q38","00","MG","NQ"
"MK168RR",10,52.0851459770623,-0.747431434818355,064,"Y52","Q38","00","MG","NQ"
"MK168RS",10,52.0857266600673,-0.74792599815048,064,"Y52","Q38","00","MG","NQ"
"MK168RT",10,52.0842220003163,-0.745093015117047,064,"Y52","Q38","00","MG","NQ"
"MK168RU",10,52.0900678574601,-0.744403570289055,064,"Y52","Q38","00","MG","NQ"
"MK168RW",10,52.0865472328144,-0.746458118844638,064,"Y52","Q38","00","MG","NQ"
"MK168RX",10,52.0907040131775,-0.744195960804688,064,"Y52","Q38","00","MG","NQ"
"MK168RY",10,52.0905111058026,-0.745500456387274,064,"Y52","Q38","00","MG","NQ"
"MK168RZ",10,52.091022682793,-0.746259728386777,064,"Y52","Q38","00","MG","NQ"
"MK168SA",10,52.0893531114164,-0.743985749794077,064,"Y52","Q38","00","MG","NQ"
"MK168SB",10,52.0873888212481,-0.743588438356932,064,"Y52","Q38","00","MG","NQ"
"MK168SD",10,52.0872948277753,-0.747429656718578,064,"Y52","Q38","00","MG","NQ"
"MK168SE",10,52.0853480640621,-0.726847204304249,064,"Y52","Q38","00","MG","NR"
"MK168SF",10,52.0865149492425,-0.723340358620798,064,"Y52","Q38","00","MG","NR"
"MK168SG",10,52.0884454625392,-0.750798246239837,064,"Y52","Q38","00","MG","NQ"
"MK168SH",10,52.086765265218,-0.750057019543664,064,"Y52","Q38","00","MG","NQ"
"MK168SJ",10,52.087269854274,-0.750159685218296,064,"Y52","Q38","00","MG","NQ"
"MK168SL",10,52.0919945020671,-0.745488049497679,064,"Y52","Q38","00","MG","NQ"
"MK168SN",10,52.0872811781472,-0.749531768990544,064,"Y52","Q38","00","MG","NQ"
"MK168SP",10,52.0918271498059,-0.746660489647097,064,"Y52","Q38","00","MG","NQ"
"MK168SQ",10,52.0881481720028,-0.752441257441331,064,"Y52","Q38","00","MG","NQ"
"MK168SR",10,52.0927552818133,-0.746853441248562,064,"Y52","Q38","00","MG","NQ"
"MK168ST",10,52.0926509655664,-0.745498832986345,064,"Y52","Q38","00","MG","NQ"
"MK168TA",10,52.0916518351607,-0.744548868754077,064,"Y52","Q38","00","MG","NQ"
"MK168TB",10,52.0911194373483,-0.742680848123488,064,"Y52","Q38","00","MG","NQ"
"MK168TD",10,52.0921438658192,-0.744316105391001,064,"Y52","Q38","00","MG","NQ"
"MK168TE",10,52.1304785472035,-0.77825764476045,064,"Y52","Q38","00","MG","NT"
"MK168TH",10,52.0921294368083,-0.743805617647229,064,"Y52","Q38","00","MG","NQ"
"MK168TJ",10,52.0919673022862,-0.742934357695617,064,"Y52","Q38","00","MG","NQ"
"MK168TL",10,52.0852597121081,-0.749675832869756,064,"Y52","Q38","00","MG","NQ"
"MK168TP",10,52.0862039711947,-0.748846720724568,064,"Y52","Q38","00","MG","NQ"
"MK168TR",10,52.0862399142292,-0.749692226039261,064,"Y52","Q38","00","MG","NQ"
"MK168TT",10,52.0866161995815,-0.748718432068975,064,"Y52","Q38","00","MG","NQ"
"MK168TW",10,52.0864010705852,-0.75047585568655,064,"Y52","Q38","00","MG","NQ"
"MK168TX",10,52.0852652958786,-0.749354593680438,064,"Y52","Q38","00","MG","NQ"
"MK168TZ",10,52.0869759984019,-0.751277132818449,064,"Y52","Q38","00","MG","NQ"
"MK168UA",10,52.1295506186581,-0.778078495067963,064,"Y52","Q38","00","MG","NT"
"MK168UZ",50,52.1295506186581,-0.778078495067963,064,"Y52","Q38","00","MG","NT"
"MK168WH",50,52.0865149492425,-0.723340358620798,064,"Y52","Q38","00","MG","NR"
"MK168WL",50,52.0865149492425,-0.723340358620798,064,"Y52","Q38","00","MG","NR"
"MK168WN",10,52.0865149492425,-0.723340358620798,064,"Y52","Q38","00","MG","NR"
"MK168WW",10,52.0865149492425,-0.723340358620798,064,"Y52","Q38","00","MG","NR"
"MK168XR",10,52.0865149492425,-0.723340358620798,064,"Y52","Q38","00","MG","NR"
"MK168XU",10,52.0865149492425,-0.723340358620798,064,"Y52","Q38","00","MG","NR"
"MK168XZ",10,52.0865149492425,-0.723340358620798,064,"Y52","Q38","00","MG","NR"
"MK168YR",10,52.0865149492425,-0.723340358620798,064,"Y52","Q38","00","MG","NR"
"MK168YU",10,52.0875461517761,-0.72059617527458,064,"Y52","Q38","00","MG","NR"
"MK168YX",10,52.0874475969585,-0.720628184513739,064,"Y52","Q38","00","MG","NR"
"MK168ZG",10,52.0865149492425,-0.723340358620798,064,"Y52","Q38","00","MG","NR"
"MK168ZX",10,52.0865149492425,-0.723340358620798,064,"Y52","Q38","00","MG","NR"
"MK169AA",10,52.0856878628028,-0.719204421891059,064,"Y52","Q38","00","MG","NR"
"MK169AB",10,52.0852620829153,-0.718910120852303,064,"Y52","Q38","00","MG","NR"
"MK169AD",10,52.0858474331632,-0.718995525098069,064,"Y52","Q38","00","MG","NR"
"MK169AE",10,52.0853569901872,-0.718542534406767,064,"Y52","Q38","00","MG","NR"
"MK169AF",10,52.0855853940868,-0.717222457429799,064,"Y52","Q38","00","MG","NR"
"MK169AG",10,52.0858921078237,-0.717315828322981,064,"Y52","Q38","00","MG","NR"
"MK169AH",10,52.0867725954784,-0.714780206333537,064,"Y52","Q38","00","MG","NR"
"MK169AJ",10,52.0874722401655,-0.712979461896359,064,"Y52","Q38","00","MG","NR"
"MK169AL",10,52.0856378305146,-0.716257693596025,064,"Y52","Q38","00","MG","NR"
"MK169AN",10,52.0853950759131,-0.715432756341322,064,"Y52","Q38","00","MG","NR"
"MK169AP",10,52.0843885252326,-0.712177902075582,064,"Y52","Q38","00","MG","NR"
"MK169AQ",10,52.0863691507246,-0.715711286692518,064,"Y52","Q38","00","MG","NR"
"MK169AR",10,52.0841783460572,-0.711045589263529,064,"Y52","Q38","00","MG","NR"
"MK169AS",10,52.0853099523207,-0.7125746288031,064,"Y52","Q38","00","MG","NR"
"MK169AT",10,52.0862766046575,-0.711350017767545,064,"Y52","Q38","00","MG","NR"
"MK169AU",10,52.0858247978868,-0.711144106851395,064,"Y52","Q38","00","MG","NR"
"MK169AW",10,52.0844837594794,-0.715137841124118,064,"Y52","Q38","00","MG","NR"
"MK169AX",10,52.0853352826486,-0.71077874400117,064,"Y52","Q38","00","MG","NR"
"MK169AY",10,52.0851080667443,-0.712200975920748,064,"Y52","Q38","00","MG","NR"
"MK169AZ",10,52.0838099272367,-0.711888075378648,064,"Y52","Q38","00","MG","NR"
"MK169BA",10,52.0833785842054,-0.712732357729452,064,"Y52","Q38","00","MG","NR"
"MK169BB",10,52.0833053075029,-0.711785849246519,064,"Y52","Q38","00","MG","NR"
"MK169BD",10,52.0824728037578,-0.711299032032358,064,"Y52","Q38","00","MG","NR"
"MK169BF",10,52.0799261947066,-0.704542841913825,064,"Y52","Q38","00","MG","NR"
"MK169BG",10,52.0812928387815,-0.710282285244248,064,"Y52","Q38","00","MG","NR"
"MK169BH",10,52.0826105958784,-0.712389604247287,064,"Y52","Q38","00","MG","NR"
"MK169BJ",10,52.0845837224457,-0.716886312095385,064,"Y52","Q38","00","MG","NR"
"MK169BL",10,52.0868212599484,-0.712647902486505,064,"Y52","Q38","00","MG","NR"
"MK169BN",10,52.0858453592667,-0.713026260477358,064,"Y52","Q38","00","MG","NR"
"MK169BP",10,52.0861361757584,-0.714959033142192,064,"Y52","Q38","00","MG","NR"
"MK169BQ",10,52.0853723649568,-0.719957786301885,064,"Y52","Q38","00","MG","NR"
"MK169BS",10,52.0864901913828,-0.711971456970254,064,"Y52","Q38","00","MG","NR"
"MK169BT",10,52.0864240225033,-0.712498786143164,064,"Y52","Q38","00","MG","NR"
"MK169BU",10,52.0837504081007,-0.717975587747783,064,"Y52","Q38","00","MG","NR"
"MK169BW",10,52.0858259608129,-0.714544690244192,064,"Y52","Q38","00","MG","NR"
"MK169BX",10,52.0842815637542,-0.718865222498454,064,"Y52","Q38","00","MG","NR"
"MK169BY",10,52.0844514965658,-0.717955500019258,064,"Y52","Q38","00","MG","NR"
"MK169BZ",10,52.0840360728332,-0.719441430257772,064,"Y52","Q38","00","MG","NR"
"MK169DA",10,52.0845398940999,-0.719470794597849,064,"Y52","Q38","00","MG","NR"
"MK169DB",10,52.0831757294585,-0.719699556689195,064,"Y52","Q38","00","MG","NR"
"MK169DD",10,52.0828572190642,-0.720175676171447,064,"Y52","Q38","00","MG","NR"
"MK169DE",10,52.0820611775211,-0.719731445735751,064,"Y52","Q38","00","MG","NR"
"MK169DF",10,52.0828623607655,-0.718993419497594,064,"Y52","Q38","00","MG","NR"
"MK169DG",10,52.0833975852026,-0.719430514637572,064,"Y52","Q38","00","MG","NR"
"MK169DH",10,52.0825379374145,-0.718097888812184,064,"Y52","Q38","00","MG","NR"
"MK169DL",10,52.0832254363283,-0.717654965270514,064,"Y52","Q38","00","MG","NR"
"MK169DN",10,52.0825208561453,-0.717354092462676,064,"Y52","Q38","00","MG","NR"
"MK169DP",10,52.082719172001,-0.716574931009753,064,"Y52","Q38","00","MG","NR"
"MK169DQ",10,52.0834087456893,-0.718802647873384,064,"Y52","Q38","00","MG","NR"
"MK169DR",10,52.082714494404,-0.715319989543526,064,"Y52","Q38","00","MG","NR"
"MK169DS",10,52.0821787779153,-0.714839182893155,064,"Y52","Q38","00","MG","NR"
"MK169DT",10,52.0824778501421,-0.715881348919911,064,"Y52","Q38","00","MG","NR"
"MK169DU",10,52.0812407298905,-0.71539148623002,064,"Y52","Q38","00","MG","NR"
"MK169DW",10,52.0830825158314,-0.716914766038992,064,"Y52","Q38","00","MG","NR"
"MK169DX",10,52.0810107751597,-0.714916506968536,064,"Y52","Q38","00","MG","NR"
"MK169DY",10,52.0806991283197,-0.714370913121066,064,"Y52","Q38","00","MG","NR"
"MK169DZ",10,52.0822261012455,-0.713407636666605,064,"Y52","Q38","00","MG","NR"
"MK169EA",10,52.0818978323253,-0.713811103286782,064,"Y52","Q38","00","MG","NR"
"MK169EB",10,52.0825780022115,-0.714346119610141,064,"Y52","Q38","00","MG","NR"
"MK169ED",10,52.1153169060403,-0.749682228008094,064,"Y52","Q38","00","MG","NT"
"MK169EE",10,52.0827660361228,-0.713450487811261,064,"Y52","Q38","00","MG","NR"
"MK169EF",10,52.0835795974194,-0.715499470474773,064,"Y52","Q38","00","MG","NR"
"MK169EJ",10,52.0860908994376,-0.716580379064076,064,"Y52","Q38","00","MG","NR"
"MK169EN",10,52.1149462029512,-0.741879250629046,064,"Y52","Q38","00","MG","NT"
"MK169EQ",10,52.0865149492425,-0.723340358620798,064,"Y52","Q38","00","MG","NR"
"MK169ES",10,52.1185054290031,-0.751068182364712,064,"Y52","Q38","00","MG","NT"
"MK169ET",10,52.1261011934401,-0.729031441504327,064,"Y52","Q38","00","MG","NT"
"MK169EU",10,52.1254871377778,-0.729618616212017,064,"Y52","Q38","00","MG","NT"
"MK169EX",10,52.1092345733828,-0.748421301436541,064,"Y52","Q38","00","MG","NT"
"MK169EY",10,52.0829293415336,-0.714408994855689,064,"Y52","Q38","00","MG","NR"
"MK169EZ",10,52.0816678389547,-0.709220740186759,064,"Y52","Q38","00","MG","NR"
"MK169FB",10,52.0800765080261,-0.707588439291126,064,"Y52","Q38","00","MG","NR"
"MK169FD",10,52.0803793575114,-0.708148825837126,064,"Y52","Q38","00","MG","NR"
"MK169FE",10,52.0807823538408,-0.708823076355142,064,"Y52","Q38","00","MG","NR"
"MK169FF",10,52.080539030957,-0.708771724132737,064,"Y52","Q38","00","MG","NR"
"MK169GA",10,52.0830565642902,-0.711238437625038,064,"Y52","Q38","00","MG","NR"
"MK169GB",10,52.0838323738236,-0.709829636484394,064,"Y52","Q38","00","MG","NR"
"MK169GD",10,52.0831188979849,-0.710360999807861,064,"Y52","Q38","00","MG","NR"
"MK169GE",10,52.0828950372713,-0.709623159242557,064,"Y52","Q38","00","MG","NR"
"MK169GF",10,52.0828976365534,-0.709039325419858,064,"Y52","Q38","00","MG","NR"
"MK169HG",10,52.0830562602952,-0.688384184749382,064,"Y52","Q38","00","MG","NT"
"MK169HH",10,52.0899680492622,-0.660185782342456,064,"Y52","Q38","00","MG","NT"
"MK169HJ",10,52.0926522173464,-0.651930933891177,064,"Y52","Q38","00","MG","NT"
"MK169HL",10,52.0954193680539,-0.64078213312553,064,"Y52","Q38","00","MG","NT"
"MK169HN",10,52.0927706641189,-0.645008252758834,064,"Y52","Q38","00","MG","NT"
"MK169HP",10,52.0895210426884,-0.636100809467287,064,"Y52","Q38","00","MG","NT"
"MK169HQ",10,52.0901664059417,-0.685796515534764,064,"Y52","Q38","00","MG","NT"
"MK169HR",10,52.0840476800452,-0.63164121671394,064,"Y52","Q38","00","MG","NT"
"MK169HS",10,52.0827320109962,-0.650887175869289,064,"Y52","Q38","00","MG","NT"
"MK169HU",10,52.0955581381544,-0.668704238592576,064,"Y52","Q38","00","MG","NT"
"MK169HW",10,52.0927769808882,-0.625360091552269,064,"Y52","Q38","00","MG","NT"
"MK169JA",10,52.1003645214347,-0.709600914928079,064,"Y52","Q38","00","MG","NT"
"MK169JB",10,52.1026416975794,-0.687824356648272,064,"Y52","Q38","00","MG","NT"
"MK169JD",10,52.0957534454659,-0.680479186364399,064,"Y52","Q38","00","MG","NT"
"MK169JE",10,52.1043172842457,-0.684081130208061,064,"Y52","Q38","00","MG","NT"
"MK169JF",10,52.1055086077992,-0.684484108369631,064,"Y52","Q38","00","MG","NT"
"MK169JG",10,52.1071723945696,-0.68452276292557,064,"Y52","Q38","00","MG","NT"
"MK169JH",10,52.1038993209736,-0.68127546412115,064,"Y52","Q38","00","MG","NT"
"MK169JJ",10,52.1037249586556,-0.679353299422467,064,"Y52","Q38","00","MG","NT"
"MK169JL",10,52.1115302655098,-0.673836285431523,064,"Y52","Q38","00","MG","NT"
"MK169JN",10,52.1147139464469,-0.609131687780637,064,"Y52","Q38","00","MG","NT"
"MK169JP",10,52.1069200779516,-0.640870559674828,064,"Y52","Q38","00","MG","NT"
"MK169JQ",10,52.104074141055,-0.683241432728551,064,"Y52","Q38","00","MG","NT"
"MK169JR",10,52.1142347090984,-0.628088427928467,064,"Y52","Q38","00","MG","NT"
"MK169JS",10,52.116162293201,-0.610722370716544,064,"Y52","Q38","00","MG","NT"
"MK169JT",10,52.1295317896211,-0.609167069420392,064,"Y52","Q38","00","MG","NT"
"MK169JU",10,52.1139840348396,-0.608993755425079,064,"Y52","Q38","00","MG","NT"
"MK169JW",10,52.1040023365457,-0.657735744587343,064,"Y52","Q38","00","MG","NT"
"MK169JX",10,52.1228540726538,-0.615509957260801,064,"Y52","Q38","00","MG","NT"
"MK169JY",10,52.1274731107952,-0.63148016139043,064,"Y52","Q38","00","MG","NT"
"MK169JZ",10,52.1201922655993,-0.635529997291719,064,"Y52","Q38","00","MG","NT"
"MK169LA",10,52.1177456174136,-0.631558987967536,064,"Y52","Q38","00","MG","NT"
"MK169LB",10,52.1159890557467,-0.628180623728238,064,"Y52","Q38","00","MG","NT"
"MK169LG",10,52.0937345993667,-0.651445786529169,064,"Y52","Q38","00","MG","NT"
"MK169LH",10,52.0933067100928,-0.64862678122586,064,"Y52","Q38","00","MG","NT"
"MK169LJ",10,52.0925899120814,-0.647276298265292,064,"Y52","Q38","00","MG","NT"
"MK169LL",10,52.0924214083852,-0.649047651461944,064,"Y52","Q38","00","MG","NT"
"MK169LN",10,52.0906168840039,-0.650853738671122,064,"Y52","Q38","00","MG","NT"
"MK169LP",10,52.094420383529,-0.652446956636131,064,"Y52","Q38","00","MG","NT"
"MK169LR",10,52.0943433076688,-0.651996747345516,064,"Y52","Q38","00","MG","NT"
"MK169LS",10,52.096257476796,-0.655851428271175,064,"Y52","Q38","00","MG","NT"
"MK169LT",10,52.0990000036564,-0.655082829391057,064,"Y52","Q38","00","MG","NT"
"MK169LU",10,52.0953855640354,-0.651147839005953,064,"Y52","Q38","00","MG","NT"
"MK169LW",10,52.0902939816693,-0.650921863201439,064,"Y52","Q38","00","MG","NT"
"MK169LX",10,52.095005227259,-0.650911143200165,064,"Y52","Q38","00","MG","NT"
"MK169LY",10,52.0941638268381,-0.650454796996334,064,"Y52","Q38","00","MG","NT"
"MK169LZ",10,52.0945339346843,-0.649013039867623,064,"Y52","Q38","00","MG","NT"
"MK169NA",10,52.1086243775221,-0.705230037194113,064,"Y52","Q38","00","MG","NT"
"MK169NB",10,52.1086892289321,-0.704585653339338,064,"Y52","Q38","00","MG","NT"
"MK169ND",10,52.1089400077685,-0.698781199439424,064,"Y52","Q38","00","MG","NT"
"MK169NE",10,52.1082636931988,-0.70023190701972,064,"Y52","Q38","00","MG","NT"
"MK169NF",10,52.1105601400738,-0.698938481813164,064,"Y52","Q38","00","MG","NT"
"MK169NG",10,52.1088621674331,-0.695804561904976,064,"Y52","Q38","00","MG","NT"
"MK169NH",10,52.1098872500151,-0.695000706775869,064,"Y52","Q38","00","MG","NT"
"MK169NJ",10,52.1093618953988,-0.694650977324907,064,"Y52","Q38","00","MG","NT"
"MK169NL",10,52.1085502139237,-0.705845484001498,064,"Y52","Q38","00","MG","NT"
"MK169NN",10,52.1059417256498,-0.703292720368862,064,"Y52","Q38","00","MG","NT"
"MK169NP",10,52.1085227250615,-0.707437935132776,064,"Y52","Q38","00","MG","NT"
"MK169NQ",10,52.1073728169096,-0.695278532749941,064,"Y52","Q38","00","MG","NT"
"MK169NR",10,52.1089031110935,-0.707689781252581,064,"Y52","Q38","00","MG","NT"
"MK169NS",10,52.1080067278674,-0.710402492521998,064,"Y52","Q38","00","MG","NT"
"MK169NT",10,52.109252002484,-0.718237355161995,064,"Y52","Q38","00","MG","NT"
"MK169NU",10,52.1100976317526,-0.705932111847574,064,"Y52","Q38","00","MG","NT"
"MK169NW",10,52.1091039697246,-0.702237229235119,064,"Y52","Q38","00","MG","NT"
"MK169NX",10,52.1123525682971,-0.704946804052131,064,"Y52","Q38","00","MG","NT"
"MK169NY",10,52.1126344183196,-0.704412905165627,064,"Y52","Q38","00","MG","NT"
"MK169NZ",10,52.1096509693146,-0.70455778409032,064,"Y52","Q38","00","MG","NT"
"MK169PA",10,52.1106730513772,-0.701841203276381,064,"Y52","Q38","00","MG","NT"
"MK169PB",10,52.1104355001854,-0.70149763046623,064,"Y52","Q38","00","MG","NT"
"MK169PD",10,52.1121523924484,-0.700644561034674,064,"Y52","Q38","00","MG","NT"
"MK169PE",10,52.1126895691053,-0.699621289371359,064,"Y52","Q38","00","MG","NT"
"MK169PF",10,52.1123178005127,-0.69852223178139,064,"Y52","Q38","00","MG","NT"
"MK169PG",10,52.111826510428,-0.698814001534337,064,"Y52","Q38","00","MG","NT"
"MK169PL",10,52.11109755435,-0.700383159279318,064,"Y52","Q38","00","MG","NT"
"MK169PN",10,52.1127372694761,-0.700685973890341,064,"Y52","Q38","00","MG","NT"
"MK169PP",10,52.1097421069789,-0.706307472183412,064,"Y52","Q38","00","MG","NT"
"MK169PQ",10,52.1099901160995,-0.704328913562067,064,"Y52","Q38","00","MG","NT"
"MK169PR",10,52.1067832475805,-0.702961675591925,064,"Y52","Q38","00","MG","NT"
"MK169PS",10,52.0802260235293,-0.704008810541791,064,"Y52","Q38","00","MG","NR"
"MK169PT",10,52.0856739070091,-0.717920473298005,064,"Y52","Q38","00","MG","NR"
"MK169PU",10,52.106430458706,-0.702767487107065,064,"Y52","Q38","00","MG","NT"
"MK169PW",10,52.1147525021737,-0.684577156067744,064,"Y52","Q38","00","MG","NT"
"MK169PX",10,52.0789407044267,-0.702411651093261,064,"Y52","Q38","00","MG","NR"
"MK169PZ",10,52.11105583027,-0.706400880526186,064,"Y52","Q38","00","MG","NT"
"MK169QB",10,52.0813767823654,-0.699101258720416,064,"Y52","Q38","00","MG","NR"
"MK169QJ",10,52.0814265736657,-0.700354852671587,064,"Y52","Q38","00","MG","NR"
"MK169QP",10,52.1120103622044,-0.705716099834605,064,"Y52","Q38","00","MG","NT"
"MK169QS",10,52.0799748377296,-0.703242654508003,064,"Y52","Q38","00","MG","NR"
"MK169TG",10,52.0806107117559,-0.706288807079896,064,"Y52","Q38","00","MG","NR"
"MK169WD",50,52.0865149492425,-0.723340358620798,064,"Y52","Q38","00","MG","NR"
"MK169WL",50,52.0865149492425,-0.723340358620798,064,"Y52","Q38","00","MG","NR"
"MK169WR",50,52.0865149492425,-0.723340358620798,064,"Y52","Q38","00","MG","NR"
"MK169WT",50,52.0865149492425,-0.723340358620798,064,"Y52","Q38","00","MG","NR"
"MK169ZH",10,52.0865149492425,-0.723340358620798,064,"Y52","Q38","00","MG","NR"
"MK169ZN",10,52.0865149492425,-0.723340358620798,064,"Y52","Q38","00","MG","NR"
"MK169ZS",10,52.0865149492425,-0.723340358620798,064,"Y52","Q38","00","MG","NR"
"MK170AA",10,51.9844321041159,-0.763231765469116,064,"Y52","Q38","11","UB","HN"
"MK170AD",10,51.9778084430472,-0.765219555223687,064,"Y52","Q38","11","UB","HN"
"MK170AE",10,51.9775195977188,-0.765970036011794,064,"Y52","Q38","11","UB","HN"
"MK170AF",10,51.9756066952349,-0.76790069652415,064,"Y52","Q38","11","UB","HN"
"MK170AG",10,51.9751696038591,-0.766515034904695,064,"Y52","Q38","11","UB","HN"
"MK170AH",10,51.9759403318443,-0.768852446224652,064,"Y52","Q38","11","UB","HN"
"MK170AJ",10,51.9745947715188,-0.769151378675442,064,"Y52","Q38","11","UB","HN"
"MK170AL",10,51.975767778427,-0.772132960247994,064,"Y52","Q38","11","UB","HN"
"MK170AN",10,51.9751827892984,-0.771217183428898,064,"Y52","Q38","11","UB","HN"
"MK170AP",10,51.9764456742014,-0.769027866499943,064,"Y52","Q38","11","UB","HN"
"MK170AQ",10,51.9760614617472,-0.767538803607958,064,"Y52","Q38","11","UB","HN"
"MK170AR",10,51.9770218200816,-0.770817449650992,064,"Y52","Q38","11","UB","HN"
"MK170AS",10,51.9767876297099,-0.77163918300642,064,"Y52","Q38","11","UB","HN"
"MK170AT",10,51.9764518402795,-0.774793165974215,064,"Y52","Q38","11","UB","HN"
"MK170AU",10,51.9758971705881,-0.774196813127828,064,"Y52","Q38","11","UB","HN"
"MK170AW",10,51.9761136615576,-0.770813181905528,064,"Y52","Q38","11","UB","HN"
"MK170AX",10,51.9767235485958,-0.764652444096974,064,"Y52","Q38","11","UB","HN"
"MK170AY",10,51.9765598431308,-0.772213224640243,064,"Y52","Q38","11","UB","HN"
"MK170BA",10,51.9742903864388,-0.768417231566454,064,"Y52","Q38","11","UB","HN"
"MK170BB",10,51.9753601752858,-0.764966556790994,064,"Y52","Q38","11","UB","HN"
"MK170BD",10,51.9661973744379,-0.773500734745897,064,"Y52","Q38","11","UB","HN"
"MK170BE",10,51.9751860049988,-0.774114307082609,064,"Y52","Q38","11","UB","HN"
"MK170BG",10,51.9738912104898,-0.764642980365097,064,"Y52","Q38","11","UB","HN"
"MK170BH",10,51.9712893918246,-0.76861595790303,064,"Y52","Q38","11","UB","HN"
"MK170BJ",10,51.9735135567532,-0.768074570106187,064,"Y52","Q38","11","UB","HN"
"MK170BL",10,51.9735117057958,-0.769617802201656,064,"Y52","Q38","11","UB","HN"
"MK170BN",10,51.9726545897624,-0.769335557268485,064,"Y52","Q38","11","UB","HN"
"MK170BP",10,51.9724773801585,-0.770446817879212,064,"Y52","Q38","11","UB","HN"
"MK170BQ",10,51.9702569330969,-0.749137509230503,064,"Y52","Q38","11","UB","HN"
"MK170BS",10,51.9716560878631,-0.769290119974907,064,"Y52","Q38","11","UB","HN"
"MK170BT",10,51.9710780582402,-0.76990281225569,064,"Y52","Q38","11","UB","HN"
"MK170BU",10,51.964799828174,-0.780918506130028,064,"Y52","Q38","11","UB","HN"
"MK170BW",10,51.9727748030587,-0.768793615454392,064,"Y52","Q38","11","UB","HN"
"MK170BX",10,51.9696554819379,-0.77230000319527,064,"Y52","Q38","11","UB","HN"
"MK170BY",10,51.9700372089887,-0.773556047631772,064,"Y52","Q38","11","UB","HN"
"MK170BZ",10,51.9711179049298,-0.771998006444295,064,"Y52","Q38","11","UB","HN"
"MK170DA",10,51.970583201942,-0.770731573029383,064,"Y52","Q38","11","UB","HN"
"MK170DB",10,51.9707932826505,-0.771046088666283,064,"Y52","Q38","11","UB","HN"
"MK170DD",10,51.9711245797964,-0.772638355594576,064,"Y52","Q38","11","UB","HN"
"MK170DE",10,51.9705319338242,-0.772712774615017,064,"Y52","Q38","11","UB","HN"
"MK170DF",10,51.9731817303414,-0.773324623211555,064,"Y52","Q38","11","UB","HN"
"MK170DG",10,51.9725443945144,-0.774288294842462,064,"Y52","Q38","11","UB","HN"
"MK170DH",10,51.9773315873361,-0.765188985074013,064,"Y52","Q38","11","UB","HN"
"MK170DJ",10,51.9724934752241,-0.77198952340547,064,"Y52","Q38","11","UB","HN"
"MK170DL",10,51.9741369985242,-0.772672523085348,064,"Y52","Q38","11","UB","HN"
"MK170DN",10,51.9751681169111,-0.772396851433131,064,"Y52","Q38","11","UB","HN"
"MK170DP",10,51.9741936994733,-0.772074074227838,064,"Y52","Q38","11","UB","HN"
"MK170DQ",10,51.9729873968494,-0.771932348015468,064,"Y52","Q38","11","UB","HN"
"MK170DR",10,51.9746270579078,-0.764506275529583,064,"Y52","Q38","11","UB","HN"
"MK170DS",10,51.9768744017709,-0.767036038432262,064,"Y52","Q38","11","UB","HN"
"MK170DT",10,51.9763594584072,-0.766802665553534,064,"Y52","Q38","11","UB","HN"
"MK170DW",10,51.9738093454442,-0.77142945157807,064,"Y52","Q38","11","UB","HN"
"MK170EA",10,51.9537157326699,-0.73843646983749,064,"Y52","Q38","11","UB","HE"
"MK170EB",10,51.9657209073783,-0.741127074087906,064,"Y52","Q38","11","UB","HE"
"MK170ED",10,51.9622443516565,-0.749855390902461,064,"Y52","Q38","11","UB","HE"
"MK170EE",10,51.9698140658545,-0.733777486016926,064,"Y52","Q38","11","UB","HE"
"MK170EF",10,52.0086858070166,-0.865527195460959,064,"Y52","Q38","11","UB","HF"
"MK170EG",10,51.9830706040239,-0.790571892789804,064,"Y52","Q38","11","UB","HN"
"MK170EH",10,51.9874333880702,-0.856496501919742,064,"Y52","Q38","11","UB","HF"
"MK170EJ",10,51.995271661353,-0.861860778654765,064,"Y52","Q38","11","UB","HF"
"MK170EL",10,51.997389901494,-0.859622179300728,064,"Y52","Q38","11","UB","HF"
"MK170EN",10,51.9975293023099,-0.863813642539457,064,"Y52","Q38","11","UB","HF"
"MK170EP",10,52.0011861041074,-0.862613967121783,064,"Y52","Q38","11","UB","HF"
"MK170EQ",10,51.9853572443778,-0.817421089283698,064,"Y52","Q38","11","UB","HF"
"MK170ER",10,52.0037184478063,-0.862287564020093,064,"Y52","Q38","11","UB","HF"
"MK170ES",10,51.9998138945106,-0.863901478780343,064,"Y52","Q38","11","UB","HF"
"MK170ET",10,51.9990250949018,-0.866019016104352,064,"Y52","Q38","11","UB","HF"
"MK170EU",10,52.0020664376719,-0.866262656761586,064,"Y52","Q38","11","UB","HF"
"MK170EW",10,51.9991184788005,-0.860787282421538,064,"Y52","Q38","11","UB","HF"
"MK170EX",10,52.0026965036651,-0.866334146104881,064,"Y52","Q38","11","UB","HF"
"MK170EY",10,52.0030600635003,-0.86861210341946,064,"Y52","Q38","11","UB","HF"
"MK170EZ",10,52.0090285089497,-0.876897475186993,064,"Y52","Q38","11","UB","HK"
"MK170FA",10,51.9683834511852,-0.850270783737654,064,"Y52","Q38","11","UB","HF"
"MK170GN",10,51.9994703330005,-0.861841715226727,064,"Y52","Q38","11","UB","HF"
"MK170HA",10,52.006252797129,-0.889496111250262,064,"Y52","Q38","11","UB","HK"
"MK170HB",10,52.0113151540289,-0.892401463264353,064,"Y52","Q38","11","UB","HK"
"MK170HD",10,52.015310316093,-0.905242510426748,064,"Y52","Q38","11","UB","HK"
"MK170HE",10,52.0107222490061,-0.916631808935285,064,"Y52","Q38","11","UB","HK"
"MK170HF",10,52.0155691802835,-0.906008498198198,064,"Y52","Q38","11","UB","HK"
"MK170HG",10,52.0164851144817,-0.905884155855657,064,"Y52","Q38","11","UB","HK"
"MK170HJ",10,52.0196654089831,-0.906578954387312,064,"Y52","Q38","11","UB","HK"
"MK170HL",10,52.0022094590227,-0.888824084466738,064,"Y52","Q38","11","UB","HF"
"MK170HN",10,51.9958244754053,-0.880140935407278,064,"Y52","Q38","11","UB","HF"
"MK170HP",10,51.9500830709566,-0.813678291604694,064,"Y52","Q38","11","UB","HN"
"MK170HQ",10,52.0161646798775,-0.905265375910355,064,"Y52","Q38","11","UB","HK"
"MK170HR",10,51.96858741316,-0.770757061134971,064,"Y52","Q38","11","UB","HN"
"MK170HW",10,52.0165741392309,-0.899994845861094,064,"Y52","Q38","11","UB","HK"
"MK170HX",10,51.961602194015,-0.801381437975183,064,"Y52","Q38","11","UB","HN"
"MK170HY",10,51.9461133115388,-0.858696872929726,064,"Y52","Q38","11","UB","HW"
"MK170HZ",10,51.9363602306939,-0.838710583676985,064,"Y52","Q38","11","UB","HW"
"MK170JA",10,51.9444907357162,-0.812807396232661,064,"Y52","Q38","11","UB","HN"
"MK170JB",10,51.9521651997174,-0.772079199215133,064,"Y52","Q38","11","UB","HE"
"MK170JD",10,51.9413079949235,-0.80216965293827,064,"Y52","Q38","11","UB","HW"
"MK170JE",10,51.9434945762775,-0.787402824407438,064,"Y52","Q38","11","UB","HW"
"MK170JF",10,51.9472871555821,-0.782877417594429,064,"Y52","Q38","11","UB","HE"
"MK170JG",10,51.9484085123808,-0.780024332967432,064,"Y52","Q38","11","UB","HE"
"MK170JH",10,51.947976864035,-0.777417038684106,064,"Y52","Q38","11","UB","HE"
"MK170JJ",10,51.9479849315632,-0.781665428426989,064,"Y52","Q38","11","UB","HE"
"MK170JN",10,51.951112979698,-0.770332707695537,064,"Y52","Q38","11","UB","HE"
"MK170JP",10,51.9512011691874,-0.77620893226147,064,"Y52","Q38","11","UB","HE"
"MK170JQ",10,51.9483459241803,-0.778323663694419,064,"Y52","Q38","11","UB","HE"
"MK170JR",10,51.94974014515,-0.779246122054603,064,"Y52","Q38","11","UB","HE"
"MK170JS",10,51.9501347621702,-0.777416567021067,064,"Y52","Q38","11","UB","HE"
"MK170JT",10,51.9516130107603,-0.773447543195828,064,"Y52","Q38","11","UB","HE"
"MK170JU",10,51.9490090416374,-0.778974963780475,064,"Y52","Q38","11","UB","HE"
"MK170JW",10,51.9515223438783,-0.775967371247464,064,"Y52","Q38","11","UB","HE"
"MK170JX",10,51.9485268172349,-0.779293612870264,064,"Y52","Q38","11","UB","HE"
"MK170JY",10,51.9489658446274,-0.778277720011718,064,"Y52","Q38","11","UB","HE"
"MK170JZ",10,51.9527307702679,-0.762547016566251,064,"Y52","Q38","11","UB","HE"
"MK170LA",10,51.9469555839455,-0.758864822162712,064,"Y52","Q38","11","UB","HE"
"MK170LB",10,51.956014870303,-0.763620826928535,064,"Y52","Q38","11","UB","HE"
"MK170LD",10,51.9600486856209,-0.768458213218694,064,"Y52","Q38","11","UB","HE"
"MK170LE",10,51.9452467833034,-0.803999776338335,064,"Y52","Q38","11","UB","HN"
"MK170LF",10,51.9516496577804,-0.771787703606778,064,"Y52","Q38","11","UB","HE"
"MK170LH",10,52.0178761167429,-0.90754064191143,064,"Y52","Q38","11","UB","HK"
"MK170LJ",10,51.95177406746,-0.764770591650562,064,"Y52","Q38","11","UB","HE"
"MK170LL",10,51.9977653440468,-0.823736361384286,064,"Y52","Q38","11","UB","HF"
"MK170LN",10,51.9932475367863,-0.814344018862174,064,"Y52","Q38","11","UB","HF"
"MK170LP",10,51.9974075775699,-0.821225819064821,064,"Y52","Q38","11","UB","HF"
"MK170LQ",10,51.9492391816956,-0.782097057940143,064,"Y52","Q38","11","UB","HE"
"MK170LR",10,51.9890025868831,-0.828611615191599,064,"Y52","Q38","11","UB","HF"
"MK170LS",10,51.9992415789225,-0.825707863963051,064,"Y52","Q38","11","UB","HF"
"MK170LT",10,51.9986743473687,-0.822925953988072,064,"Y52","Q38","11","UB","HF"
"MK170LU",10,51.9972559099713,-0.824944118661508,064,"Y52","Q38","11","UB","HF"
"MK170LW",10,51.9971395163914,-0.821393083586039,064,"Y52","Q38","11","UB","HF"
"MK170LX",10,51.998867537052,-0.826970365983608,064,"Y52","Q38","11","UB","HF"
"MK170LY",10,51.9993552526808,-0.827190685690675,064,"Y52","Q38","11","UB","HF"
"MK170LZ",10,52.0000878328352,-0.82852626117224,064,"Y52","Q38","11","UB","HF"
"MK170NA",10,52.0025488893163,-0.827369446607756,064,"Y52","Q38","11","UB","HF"
"MK170ND",10,52.00523797463,-0.829251361782238,064,"Y52","Q38","11","UB","HF"
"MK170NF",10,52.0200380495273,-0.848480769991767,064,"Y52","Q38","11","UB","HK"
"MK170NG",10,52.0002738344131,-0.829147783939025,064,"Y52","Q38","11","UB","HF"
"MK170NH",10,52.0029795381253,-0.863049251693988,064,"Y52","Q38","11","UB","HF"
"MK170NL",10,51.9989058360207,-0.866706651260436,064,"Y52","Q38","11","UB","HF"
"MK170NP",10,51.9657874932916,-0.879448581029891,064,"Y52","Q38","11","UB","HF"
"MK170NQ",10,51.9993293990836,-0.841845367492303,064,"Y52","Q38","11","UB","HF"
"MK170NR",10,51.9813773776614,-0.844929282088153,064,"Y52","Q38","11","UB","HF"
"MK170NT",10,51.9858053840744,-0.838058524126033,064,"Y52","Q38","11","UB","HF"
"MK170NU",10,51.9854780168746,-0.902358523873848,064,"Y52","Q38","11","UB","HF"
"MK170NX",10,51.9832463332371,-0.910873182881051,064,"Y52","Q38","11","UB","HF"
"MK170NY",10,51.9620780546712,-0.882699384695698,064,"Y52","Q38","11","UB","HF"
"MK170NZ",10,51.974656461282,-0.86015566618049,064,"Y52","Q38","11","UB","HF"
"MK170PA",10,51.9689305315486,-0.849208701160569,064,"Y52","Q38","11","UB","HF"
"MK170PB",10,51.9681028391253,-0.849157116301577,064,"Y52","Q38","11","UB","HF"
"MK170PD",10,51.9622390250384,-0.856380784162712,064,"Y52","Q38","11","UB","HF"
"MK170PE",10,51.9697578568557,-0.846465353569783,064,"Y52","Q38","11","UB","HF"
"MK170PF",10,51.9700205302233,-0.851262446819271,064,"Y52","Q38","11","UB","HF"
"MK170PG",10,51.9676568815059,-0.844932649295041,064,"Y52","Q38","11","UB","HF"
"MK170PH",10,51.9588374475526,-0.843194576334137,064,"Y52","Q38","11","UB","HF"
"MK170PJ",10,51.9554725604773,-0.823911937602351,064,"Y52","Q38","11","UB","HN"
"MK170PL",10,51.963713632176,-0.816345975236846,064,"Y52","Q38","11","UB","HN"
"MK170PN",10,51.9678420287221,-0.809352043001678,064,"Y52","Q38","11","UB","HN"
"MK170PP",10,51.9787925626769,-0.816414575339827,064,"Y52","Q38","11","UB","HF"
"MK170PR",10,51.9825178342548,-0.830207753503005,064,"Y52","Q38","11","UB","HF"
"MK170PS",10,51.9816782003393,-0.838034253971248,064,"Y52","Q38","11","UB","HF"
"MK170PT",10,51.9810704664495,-0.846640773200835,064,"Y52","Q38","11","UB","HF"
"MK170PU",10,51.9776248352149,-0.848272557908337,064,"Y52","Q38","11","UB","HF"
"MK170PX",10,51.9844924535715,-0.852712520041783,064,"Y52","Q38","11","UB","HF"
"MK170PY",10,51.9767010490604,-0.850349096702047,064,"Y52","Q38","11","UB","HF"
"MK170PZ",10,51.9813501263614,-0.845818189223257,064,"Y52","Q38","11","UB","HF"
"MK170QB",10,51.9781849797404,-0.816794579369081,064,"Y52","Q38","11","UB","HF"
"MK170QD",10,52.0303889836085,-0.69027546953929,064,"Y52","Q38","00","MG","NX"
"MK170QE",10,51.9739897692087,-0.874978418537153,064,"Y52","Q38","11","UB","HF"
"MK170QF",10,51.9730921543151,-0.871375941912638,064,"Y52","Q38","11","UB","HF"
"MK170QG",10,51.9730239371292,-0.872702436035052,064,"Y52","Q38","11","UB","HF"
"MK170QH",10,51.9729765140249,-0.875265835543522,064,"Y52","Q38","11","UB","HF"
"MK170QJ",10,51.9718341666969,-0.874275397890203,064,"Y52","Q38","11","UB","HF"
"MK170QL",10,51.9734236027883,-0.879723994797404,064,"Y52","Q38","11","UB","HF"
"MK170QN",10,51.9720989022985,-0.881300143557051,064,"Y52","Q38","11","UB","HF"
"MK170QP",10,51.9720467465899,-0.878651940699351,064,"Y52","Q38","11","UB","HF"
"MK170QQ",10,51.9730480425761,-0.873342384662239,064,"Y52","Q38","11","UB","HF"
"MK170QR",10,51.9708865878365,-0.877676439574107,064,"Y52","Q38","11","UB","HF"
"MK170QS",10,51.9732044737278,-0.876541239775582,064,"Y52","Q38","11","UB","HF"
"MK170QU",10,51.9717163857393,-0.880785594491442,064,"Y52","Q38","11","UB","HF"
"MK170QW",10,51.9709803785676,-0.879027930969303,064,"Y52","Q38","11","UB","HF"
"MK170QX",10,51.9712427221343,-0.879196075054402,064,"Y52","Q38","11","UB","HF"
"MK170QY",10,51.9732193455813,-0.881883683804598,064,"Y52","Q38","11","UB","HF"
"MK170RA",10,51.9777754321842,-0.8759610163561,064,"Y52","Q38","11","UB","HF"
"MK170RB",10,51.9845920698367,-0.877989235784053,064,"Y52","Q38","11","UB","HF"
"MK170RD",10,51.9838627029995,-0.866605771362274,064,"Y52","Q38","11","UB","HF"
"MK170RF",10,51.9810801052009,-0.884993268467095,064,"Y52","Q38","11","UB","HF"
"MK170RG",10,51.9742284693546,-0.880213468852444,064,"Y52","Q38","11","UB","HF"
"MK170RH",10,51.9743628628999,-0.878273844897048,064,"Y52","Q38","11","UB","HF"
"MK170RJ",10,51.9575661928163,-0.833724143902011,064,"Y52","Q38","11","UB","HN"
"MK170RQ",10,51.9744161215564,-0.879146023304237,064,"Y52","Q38","11","UB","HF"
"MK170RS",10,51.9486760713324,-0.814137368606037,064,"Y52","Q38","11","UB","HN"
"MK170RT",10,51.9510699825491,-0.812575479051874,064,"Y52","Q38","11","UB","HN"
"MK170RU",10,51.9496398392574,-0.808961064688133,064,"Y52","Q38","11","UB","HN"
"MK170RW",10,51.9499151914188,-0.8112964202487,064,"Y52","Q38","11","UB","HN"
"MK170RX",10,51.9495196492734,-0.814871745902225,064,"Y52","Q38","11","UB","HN"
"MK170RY",10,51.9529136764416,-0.813516292985787,064,"Y52","Q38","11","UB","HN"
"MK170RZ",10,51.9539078707889,-0.814028475535037,064,"Y52","Q38","11","UB","HN"
"MK170SA",10,51.9533909354906,-0.816268527645977,064,"Y52","Q38","11","UB","HN"
"MK170SB",10,51.954019195177,-0.81526245369456,064,"Y52","Q38","11","UB","HN"
"MK170SH",10,51.9384950503947,-0.83183298010426,064,"Y52","Q38","11","UB","HW"
"MK170SJ",10,51.9383767205915,-0.828068416828773,064,"Y52","Q38","11","UB","HW"
"MK170SL",10,51.9362050008883,-0.829390508457061,064,"Y52","Q38","11","UB","HW"
"MK170SN",10,51.9355777971167,-0.836868900515731,064,"Y52","Q38","11","UB","HW"
"MK170SP",10,51.9402407746224,-0.839250486592206,064,"Y52","Q38","11","UB","HW"
"MK170SR",10,51.9403025908684,-0.83731407775791,064,"Y52","Q38","11","UB","HW"
"MK170SS",10,51.9530055732876,-0.849048853124959,064,"Y52","Q38","11","UB","HW"
"MK170ST",10,51.9565488112398,-0.836311820268973,064,"Y52","Q38","11","UB","HW"
"MK170SU",10,51.9379708998355,-0.828849966114712,064,"Y52","Q38","11","UB","HW"
"MK170SW",10,51.9396994308343,-0.839060794397925,064,"Y52","Q38","11","UB","HW"
"MK170SX",10,51.9400508120392,-0.838222524124503,064,"Y52","Q38","11","UB","HW"
"MK170TA",10,51.9727099227154,-0.772915322218892,064,"Y52","Q38","11","UB","HN"
"MK170WY",10,52.0303889836085,-0.69027546953929,064,"Y52","Q38","00","MG","NX"
"MK170XP",10,52.0303889836085,-0.69027546953929,064,"Y52","Q38","00","MG","NX"
"MK170YP",10,52.0303889836085,-0.69027546953929,064,"Y52","Q38","00","MG","NX"
"MK170ZQ",10,52.0303889836085,-0.69027546953929,064,"Y52","Q38","00","MG","NX"
"MK178AA",10,52.0401051449512,-0.674697046874486,064,"Y52","Q38","00","MG","NE"
"MK178AB",10,52.0308902611287,-0.675596297066499,064,"Y52","Q38","00","MG","NE"
"MK178AE",10,52.0258158195905,-0.667321589102809,064,"Y52","Q38","00","MG","NE"
"MK178AF",10,52.0229973964042,-0.666953541412355,064,"Y52","Q38","00","MG","NE"
"MK178AG",10,52.0246027256213,-0.664209433833759,064,"Y52","Q38","00","MG","NE"
"MK178AH",10,52.0407928118293,-0.67428304219373,064,"Y52","Q38","00","MG","NE"
"MK178AJ",10,52.0296169059351,-0.654468579900447,064,"Y52","Q38","00","MG","NE"
"MK178AN",10,52.0325624364628,-0.646304146717845,064,"Y52","Q38","00","MG","NE"
"MK178AP",10,52.0307020496336,-0.6440279951041,064,"Y52","Q38","00","MG","NE"
"MK178AQ",10,52.0274712468994,-0.662651798762718,064,"Y52","Q38","00","MG","NE"
"MK178AR",10,52.0310580694703,-0.646058030781757,064,"Y52","Q38","00","MG","NE"
"MK178AS",10,52.026066477019,-0.649065573439958,064,"Y52","Q38","00","MG","NE"
"MK178AT",10,52.0251322396783,-0.64992450967844,064,"Y52","Q38","00","MG","NE"
"MK178AU",10,52.0347335925756,-0.644328810638897,064,"Y52","Q38","00","MG","NE"
"MK178AW",10,52.0315709457138,-0.644526497085364,064,"Y52","Q38","00","MG","NE"
"MK178AX",10,52.0362197512838,-0.643773600059526,064,"Y52","Q38","00","MG","NE"
"MK178AY",10,52.0409081595177,-0.64490020765693,064,"Y51","Q35","00","KC","MD"
"MK178AZ",10,52.0400914544626,-0.640346746508017,064,"Y51","Q35","00","KC","MD"
"MK178BA",10,52.0423376078732,-0.638645539009689,064,"Y51","Q35","00","KC","MD"
"MK178BB",10,52.0430934502328,-0.636362505146767,064,"Y51","Q35","00","KC","MD"
"MK178BD",10,52.0432247938832,-0.637612486601005,064,"Y51","Q35","00","KC","MD"
"MK178BE",10,52.0432227494733,-0.639770557812538,064,"Y51","Q35","00","KC","MD"
"MK178BG",10,52.0443555856068,-0.639765331388259,064,"Y51","Q35","00","KC","MD"
"MK178BH",10,52.0445743545945,-0.637688105433817,064,"Y51","Q35","00","KC","MD"
"MK178BJ",10,52.0440646688732,-0.636376692541079,064,"Y51","Q35","00","KC","MD"
"MK178BL",10,52.043347061167,-0.634969574446595,064,"Y51","Q35","00","KC","MD"
"MK178BN",10,52.0397244984813,-0.626536029048661,064,"Y51","Q35","00","KC","MD"
"MK178BP",10,52.034384926675,-0.62741398440195,064,"Y51","Q35","00","KC","MD"
"MK178BQ",10,52.0459384309624,-0.642137894096129,064,"Y51","Q35","00","KC","MD"
"MK178BS",10,52.0314538559147,-0.613596950809316,064,"Y51","Q35","00","KC","MD"
"MK178BT",10,52.053222582069,-0.634464465195979,064,"Y51","Q35","00","KC","MD"
"MK178BU",10,52.0513112859584,-0.656704636618003,064,"Y51","Q35","00","KC","MD"
"MK178BW",10,52.0419567086778,-0.619046009129361,064,"Y51","Q35","00","KC","MD"
"MK178BX",10,52.0430281099086,-0.639266128527339,064,"Y51","Q35","00","KC","MD"
"MK178BY",10,52.0410252049926,-0.643351143913812,064,"Y51","Q35","00","KC","MD"
"MK178BZ",10,52.0303889836085,-0.69027546953929,064,"Y52","Q38","00","MG","NX"
"MK178DA",10,52.0288536600133,-0.658500007831858,064,"Y52","Q38","00","MG","NE"
"MK178DB",10,52.0339051154337,-0.677446103255986,064,"Y52","Q38","00","MG","NE"
"MK178DD",10,52.0135537849656,-0.628328348064872,064,"Y51","Q35","00","KC","NE"
"MK178DE",10,52.0137052706241,-0.663411962083519,064,"Y52","Q38","00","MG","NE"
"MK178DF",10,52.0140623748963,-0.62799221902974,064,"Y51","Q35","00","KC","NE"
"MK178DG",10,52.0142490903073,-0.628583949046994,064,"Y51","Q35","00","KC","NE"
"MK178DH",10,52.0145684984823,-0.620515954526819,064,"Y51","Q35","00","KC","NE"
"MK178DJ",10,52.0139797796416,-0.627076731593813,064,"Y51","Q35","00","KC","NE"
"MK178DL",10,52.0203455160671,-0.63558236410751,064,"Y51","Q35","00","KC","NE"
"MK178DN",10,52.0133821543897,-0.629805312756317,064,"Y51","Q35","00","KC","NE"
"MK178DP",10,52.012569149009,-0.630252710208278,064,"Y51","Q35","00","KC","NE"
"MK178DQ",10,52.0152659142214,-0.6263379061472,064,"Y51","Q35","00","KC","NE"
"MK178DR",10,52.0116493979784,-0.633122115998195,064,"Y51","Q35","00","KC","NE"
"MK178DS",10,52.0116493979784,-0.633122115998195,064,"Y51","Q35","00","KC","NE"
"MK178DT",10,52.0116857445937,-0.637812835002808,064,"Y51","Q35","00","KC","NE"
"MK178DU",10,52.012026342103,-0.636942803778472,064,"Y51","Q35","00","KC","NE"
"MK178DW",10,52.0135537849656,-0.628328348064872,064,"Y51","Q35","00","KC","NE"
"MK178DX",10,52.0123955836783,-0.63621759949302,064,"Y51","Q35","00","KC","NE"
"MK178DZ",10,52.012895365686,-0.632792724691477,064,"Y51","Q35","00","KC","NE"
"MK178EA",10,52.0128614415551,-0.632968613948616,064,"Y51","Q35","00","KC","NE"
"MK178EB",10,52.0107162048088,-0.637944268304957,064,"Y51","Q35","00","KC","NE"
"MK178ED",10,52.010877377832,-0.637108849328804,064,"Y51","Q35","00","KC","NE"
"MK178EE",10,52.0112403815667,-0.635844737262425,064,"Y51","Q35","00","KC","NE"
"MK178EF",10,52.0114313246488,-0.636028351424723,064,"Y51","Q35","00","KC","NE"
"MK178EG",10,52.0106139108088,-0.636096915582941,064,"Y51","Q35","00","KC","NE"
"MK178EH",10,52.0098424138762,-0.633920256231055,064,"Y51","Q35","00","KC","NE"
"MK178EJ",10,52.0107158464634,-0.632480313601896,064,"Y51","Q35","00","KC","NE"
"MK178EL",10,52.0102043945771,-0.631796524090348,064,"Y51","Q35","00","KC","NE"
"MK178EN",10,52.0102359662565,-0.630644497668317,064,"Y51","Q35","00","KC","NE"
"MK178EP",10,52.0310732729371,-0.61334633099946,064,"Y51","Q35","00","KC","MD"
"MK178EQ",10,52.0105005734109,-0.63407506106153,064,"Y51","Q35","00","KC","NE"
"MK178ER",10,52.0089623629229,-0.630916491050591,064,"Y51","Q35","00","KC","NE"
"MK178ES",10,52.0118246441974,-0.631178841304592,064,"Y51","Q35","00","KC","NE"
"MK178EW",10,52.0372023205849,-0.658920777712801,064,"Y52","Q38","00","MG","NE"
"MK178GD",10,52.0147544528831,-0.6544772972866,064,"Y52","Q38","00","MG","NE"
"MK178GE",10,52.0149095844029,-0.653889767425635,064,"Y52","Q38","00","MG","NE"
"MK178GG",10,52.0152063520505,-0.652321656485594,064,"Y52","Q38","00","MG","NE"
"MK178GH",10,52.0158263700004,-0.652288455326331,064,"Y52","Q38","00","MG","NE"
"MK178GJ",10,52.0158047272511,-0.651968517129938,064,"Y52","Q38","00","MG","NE"
"MK178GL",10,52.0171817521097,-0.652087429800794,064,"Y52","Q38","00","MG","NE"
"MK178GN",10,52.0168317216304,-0.652928583660674,064,"Y52","Q38","00","MG","NE"
"MK178GP",10,52.0173292291205,-0.652403597094211,064,"Y52","Q38","00","MG","NE"
"MK178GQ",10,52.0169428921043,-0.651642858320441,064,"Y52","Q38","00","MG","NE"
"MK178GR",10,52.0161382990416,-0.652832830655823,064,"Y52","Q38","00","MG","NE"
"MK178GS",10,52.0152318276554,-0.653763520699106,064,"Y52","Q38","00","MG","NE"
"MK178HA",10,52.0251322396783,-0.64992450967844,064,"Y52","Q38","00","MG","NE"
"MK178HE",10,52.014717319073,-0.62864249277301,064,"Y51","Q35","00","KC","NE"
"MK178HH",10,52.0166180187176,-0.62585932117106,064,"Y51","Q35","00","KC","NE"
"MK178HL",10,52.027481431428,-0.619870886811866,064,"Y51","Q35","00","KC","NE"
"MK178HN",10,52.0162697128771,-0.627604106831516,064,"Y51","Q35","00","KC","NE"
"MK178HP",10,52.0173771134064,-0.629275233405042,064,"Y51","Q35","00","KC","NE"
"MK178HQ",10,52.0151180495436,-0.627537339922747,064,"Y51","Q35","00","KC","NE"
"MK178HR",10,52.016686047739,-0.634804765633715,064,"Y51","Q35","00","KC","NE"
"MK178HS",10,52.0220088036391,-0.624746810060326,064,"Y51","Q35","00","KC","NE"
"MK178HT",10,52.0191304486209,-0.630824710544691,064,"Y51","Q35","00","KC","NE"
"MK178HU",10,52.0197563041746,-0.633618292259984,064,"Y51","Q35","00","KC","NE"
"MK178HW",10,52.0161472738511,-0.628671634763622,064,"Y51","Q35","00","KC","NE"
"MK178HX",10,52.0202745728398,-0.633340175357253,064,"Y51","Q35","00","KC","NE"
"MK178HY",10,52.0209118832436,-0.633247883968057,064,"Y51","Q35","00","KC","NE"
"MK178HZ",10,52.0200511278683,-0.631131795401467,064,"Y51","Q35","00","KC","NE"
"MK178JA",10,52.0187230895353,-0.631361781315409,064,"Y51","Q35","00","KC","NE"
"MK178JB",10,52.017752543929,-0.631405971193471,064,"Y51","Q35","00","KC","NE"
"MK178JH",10,52.0116513544604,-0.627104280324486,064,"Y51","Q35","00","KC","NE"
"MK178JJ",10,52.0114317357606,-0.626775872612431,064,"Y51","Q35","00","KC","NE"
"MK178JL",10,52.0128467118864,-0.62090404343001,064,"Y51","Q35","00","KC","NE"
"MK178JN",10,52.0123207197434,-0.628220341137135,064,"Y51","Q35","00","KC","NE"
"MK178JP",10,52.0096442972014,-0.629249244339742,064,"Y51","Q35","00","KC","NE"
"MK178JR",10,52.0081039414008,-0.629004911269781,064,"Y51","Q35","00","KC","NE"
"MK178JS",10,52.0128703398722,-0.62677554757893,064,"Y51","Q35","00","KC","NE"
"MK178JT",10,52.0123894953282,-0.624094607631302,064,"Y51","Q35","00","KC","NE"
"MK178JU",10,52.0118991598964,-0.619840350090519,064,"Y51","Q35","00","KC","NE"
"MK178JW",10,52.0108438475093,-0.618022345673051,064,"Y51","Q35","00","KC","NE"
"MK178JX",10,52.0120007018622,-0.619298098454067,064,"Y51","Q35","00","KC","NE"
"MK178JY",10,52.0128712862657,-0.618397024636759,064,"Y51","Q35","00","KC","NE"
"MK178JZ",10,52.0132655700025,-0.620585166192272,064,"Y51","Q35","00","KC","NE"
"MK178LA",10,52.0133902582209,-0.621251619271403,064,"Y51","Q35","00","KC","NE"
"MK178LF",10,52.0114658719284,-0.642132471653012,064,"Y51","Q35","00","KC","NE"
"MK178LH",10,52.0256836061216,-0.671537806721443,064,"Y52","Q38","00","MG","NE"
"MK178LJ",10,52.0266567376237,-0.668535529985469,064,"Y52","Q38","00","MG","NE"
"MK178LL",10,52.0267226815967,-0.669597599961857,064,"Y52","Q38","00","MG","NE"
"MK178LN",10,52.0266116942432,-0.671714368389708,064,"Y52","Q38","00","MG","NE"
"MK178LP",10,52.0244572508737,-0.674416262141996,064,"Y52","Q38","00","MG","NE"
"MK178LQ",10,52.0259671504947,-0.646678181781711,064,"Y52","Q38","00","MG","NE"
"MK178LR",10,52.0240346093211,-0.673612564745627,064,"Y52","Q38","00","MG","NE"
"MK178LU",10,52.0258662746965,-0.674185125687528,064,"Y52","Q38","00","MG","NE"
"MK178LW",10,52.0253747079332,-0.674447440413699,064,"Y52","Q38","00","MG","NE"
"MK178LX",10,52.0252948613603,-0.678545447373364,064,"Y52","Q38","00","MG","NE"
"MK178LY",10,52.0246054879976,-0.67480540578301,064,"Y52","Q38","00","MG","NE"
"MK178NA",10,52.0250323046846,-0.673583052280493,064,"Y52","Q38","00","MG","NE"
"MK178NB",10,52.0156713714489,-0.650529880928398,064,"Y52","Q38","00","MG","NE"
"MK178ND",10,52.0155691852222,-0.651028407669481,064,"Y52","Q38","00","MG","NE"
"MK178NE",10,52.0159366997069,-0.650929921237784,064,"Y52","Q38","00","MG","NE"
"MK178NG",10,52.0109691103701,-0.64506163663946,064,"Y52","Q38","00","MG","NE"
"MK178NH",10,52.0104924027055,-0.645046893276577,064,"Y52","Q38","00","MG","NE"
"MK178NJ",10,52.0103876687138,-0.64454009058638,064,"Y51","Q35","00","KC","NE"
"MK178NL",10,52.0102689143164,-0.643596601483349,064,"Y51","Q35","00","KC","NE"
"MK178NN",10,52.010830063272,-0.642355704680496,064,"Y51","Q35","00","KC","NE"
"MK178NP",10,52.0130774111976,-0.64387596422218,064,"Y51","Q35","00","KC","NE"
"MK178NQ",10,52.0112562289988,-0.645009252627694,064,"Y52","Q38","00","MG","NE"
"MK178NR",10,52.0118463174685,-0.64159640244672,064,"Y51","Q35","00","KC","NE"
"MK178NS",10,52.0121077964231,-0.643220438450771,064,"Y51","Q35","00","KC","NE"
"MK178NT",10,52.0130416894328,-0.644678466597935,064,"Y52","Q38","00","MG","NE"
"MK178NU",10,52.0130589394723,-0.646178791517571,064,"Y52","Q38","00","MG","NE"
"MK178NW",10,52.0110641639936,-0.643164578002897,064,"Y51","Q35","00","KC","NE"
"MK178NX",10,52.01320576271,-0.646436644999167,064,"Y52","Q38","00","MG","NE"
"MK178NY",10,52.0144999375597,-0.647169897356789,064,"Y52","Q38","00","MG","NE"
"MK178PA",10,52.0094530110364,-0.646141905369304,064,"Y51","Q35","00","KC","NE"
"MK178PB",10,52.0126220184528,-0.649630775098234,064,"Y52","Q38","00","MG","NE"
"MK178PD",10,52.0129858581689,-0.649211826327279,064,"Y52","Q38","00","MG","NE"
"MK178PG",10,52.01164277848,-0.648917138185327,064,"Y52","Q38","00","MG","NE"
"MK178PH",10,52.0122891468709,-0.650398490623262,064,"Y52","Q38","00","MG","NE"
"MK178PJ",10,52.0121763046295,-0.650751590122197,064,"Y52","Q38","00","MG","NE"
"MK178PL",10,52.013448455132,-0.650349040202705,064,"Y52","Q38","00","MG","NE"
"MK178PN",10,52.0136029419435,-0.651276967463333,064,"Y52","Q38","00","MG","NE"
"MK178PP",10,52.0126051006543,-0.652079240259668,064,"Y52","Q38","00","MG","NE"
"MK178PQ",10,52.0114079165796,-0.64882221609495,064,"Y52","Q38","00","MG","NE"
"MK178PR",10,52.0130165669405,-0.652678870925632,064,"Y52","Q38","00","MG","NE"
"MK178PS",10,52.0139854474379,-0.651702615014238,064,"Y52","Q38","00","MG","NE"
"MK178PT",10,52.0131650432934,-0.65386926167805,064,"Y52","Q38","00","MG","NE"
"MK178PU",10,52.013560354054,-0.654629686833849,064,"Y52","Q38","00","MG","NE"
"MK178PW",10,52.0132657259861,-0.651665962257159,064,"Y52","Q38","00","MG","NE"
"MK178PX",10,52.0132234594215,-0.655047788995958,064,"Y52","Q38","00","MG","NE"
"MK178PY",10,52.0135170669191,-0.655563558301585,064,"Y52","Q38","00","MG","NE"
"MK178PZ",10,52.0138711083588,-0.655072085325175,064,"Y52","Q38","00","MG","NE"
"MK178QA",10,52.0142848911635,-0.651941333406633,064,"Y52","Q38","00","MG","NE"
"MK178QB",10,52.0127630706874,-0.653313046826243,064,"Y52","Q38","00","MG","NE"
"MK178QD",10,52.0124070371929,-0.654416567322555,064,"Y52","Q38","00","MG","NE"
"MK178QE",10,52.0120926188643,-0.653653735646197,064,"Y52","Q38","00","MG","NE"
"MK178QF",10,52.0116904718714,-0.652296143435634,064,"Y52","Q38","00","MG","NE"
"MK178QG",10,52.0114170024571,-0.652756053051071,064,"Y52","Q38","00","MG","NE"
"MK178QH",10,52.0104792943325,-0.648602486571616,064,"Y52","Q38","00","MG","NE"
"MK178QJ",10,52.0100986161489,-0.648337116905462,064,"Y51","Q35","00","KC","NE"
"MK178QL",10,52.0104892199162,-0.652609069268316,064,"Y52","Q38","00","MG","NE"
"MK178QN",10,52.0142081708915,-0.653094802139963,064,"Y52","Q38","00","MG","NE"
"MK178QP",10,52.0126220184528,-0.649630775098234,064,"Y52","Q38","00","MG","NE"
"MK178QQ",10,52.01082941161,-0.650908663756736,064,"Y52","Q38","00","MG","NE"
"MK178QR",10,52.010012401419,-0.64552764088321,064,"Y51","Q35","00","KC","NE"
"MK178QU",10,52.0098390911339,-0.647660133217338,064,"Y51","Q35","00","KC","NE"
"MK178QW",10,52.0111407026022,-0.653755157373568,064,"Y52","Q38","00","MG","NE"
"MK178QX",10,52.0126405578354,-0.647327970418788,064,"Y52","Q38","00","MG","NE"
"MK178QY",10,52.0122981712138,-0.647265439242552,064,"Y52","Q38","00","MG","NE"
"MK178RA",10,52.0118705418181,-0.646826635284785,064,"Y52","Q38","00","MG","NE"
"MK178RB",10,52.0116744750302,-0.646978258146327,064,"Y52","Q38","00","MG","NE"
"MK178RE",10,52.0119204040376,-0.645688597111902,064,"Y52","Q38","00","MG","NE"
"MK178RF",10,52.0111489787106,-0.646629839732829,064,"Y52","Q38","00","MG","NE"
"MK178RG",10,52.0108322174894,-0.646449977890989,064,"Y52","Q38","00","MG","NE"
"MK178RH",10,52.011028832283,-0.647128866702443,064,"Y52","Q38","00","MG","NE"
"MK178RJ",10,52.011132757629,-0.648349670799162,064,"Y52","Q38","00","MG","NE"
"MK178RL",10,52.0123308210932,-0.647759871467158,064,"Y52","Q38","00","MG","NE"
"MK178RN",10,52.0123308210932,-0.647759871467158,064,"Y52","Q38","00","MG","NE"
"MK178RQ",10,52.0106149952917,-0.646325397034596,064,"Y52","Q38","00","MG","NE"
"MK178RR",10,52.0133709406718,-0.647509945953237,064,"Y52","Q38","00","MG","NE"
"MK178RT",10,52.0145196269418,-0.648101898280308,064,"Y52","Q38","00","MG","NE"
"MK178RU",10,52.0148139643499,-0.649462784636342,064,"Y52","Q38","00","MG","NE"
"MK178RW",10,52.0132363242855,-0.648315430351982,064,"Y52","Q38","00","MG","NE"
"MK178RX",10,52.0149614189346,-0.648992043069645,064,"Y51","Q35","00","KC","NE"
"MK178RY",10,52.0149692925967,-0.650463571455586,064,"Y52","Q38","00","MG","NE"
"MK178RZ",10,52.015429000251,-0.649779424387854,064,"Y52","Q38","00","MG","NE"
"MK178SA",10,52.0153897344151,-0.65027605683055,064,"Y52","Q38","00","MG","NE"
"MK178SB",10,52.0163980787164,-0.650391437736015,064,"Y52","Q38","00","MG","NE"
"MK178SD",10,52.0112558780314,-0.647326009997543,064,"Y52","Q38","00","MG","NE"
"MK178SG",10,52.0181113761008,-0.653968548163592,064,"Y52","Q38","00","MG","NE"
"MK178SH",10,52.0165536903848,-0.649847574753038,064,"Y51","Q35","00","KC","NE"
"MK178SJ",10,52.0157751657481,-0.648603228034157,064,"Y51","Q35","00","KC","NE"
"MK178SL",10,52.0163034957931,-0.649199349391534,064,"Y51","Q35","00","KC","NE"
"MK178SN",10,52.0164896667994,-0.64740133345029,064,"Y51","Q35","00","KC","NE"
"MK178SP",10,52.0170197044866,-0.64579693499763,064,"Y51","Q35","00","KC","NE"
"MK178SR",10,52.0181895077629,-0.64901139005081,064,"Y51","Q35","00","KC","NE"
"MK178SS",10,52.018527178286,-0.647879090254658,064,"Y51","Q35","00","KC","NE"
"MK178ST",10,52.0170108885751,-0.648944883418255,064,"Y51","Q35","00","KC","NE"
"MK178SU",10,52.0175022305219,-0.648667773035481,064,"Y51","Q35","00","KC","NE"
"MK178SX",10,52.0097746896525,-0.645185131526395,064,"Y51","Q35","00","KC","NE"
"MK178SY",10,52.0101860733785,-0.646556894972341,064,"Y51","Q35","00","KC","NE"
"MK178SZ",10,52.0075787294859,-0.645003759884691,064,"Y51","Q35","00","KC","NE"
"MK178TA",10,52.0080625067347,-0.64954946412291,064,"Y51","Q35","00","KC","NE"
"MK178TE",10,52.0086353444308,-0.64775469650762,064,"Y51","Q35","00","KC","NE"
"MK178TF",10,52.007014200025,-0.649085658553287,064,"Y51","Q35","00","KC","NE"
"MK178TG",10,52.005935000193,-0.650633326715679,064,"Y51","Q35","00","KC","NE"
"MK178TH",10,52.0045389944279,-0.650427641627766,064,"Y51","Q35","00","KC","NE"
"MK178TJ",10,52.0029606019842,-0.652354387213276,064,"Y51","Q35","00","KC","NE"
"MK178TL",10,52.0037377550043,-0.653481942091087,064,"Y51","Q35","00","KC","NE"
"MK178TN",10,52.0022653414541,-0.65524512349059,064,"Y51","Q35","00","KC","NE"
"MK178TP",10,52.0032490459818,-0.65556527977052,064,"Y51","Q35","00","KC","NE"
"MK178TQ",10,52.0038705513128,-0.65094306846537,064,"Y51","Q35","00","KC","NE"
"MK178TR",10,52.0023076315194,-0.653437447071346,064,"Y51","Q35","00","KC","NE"
"MK178TS",10,51.9998891277207,-0.655024983740819,064,"Y51","Q35","00","KC","NE"
"MK178TT",10,52.0070243249104,-0.648400593982652,064,"Y51","Q35","00","KC","NE"
"MK178TW",10,52.0013313835451,-0.656132592076926,064,"Y51","Q35","00","KC","NE"
"MK178TX",10,52.0006656814008,-0.658468723557988,064,"Y51","Q35","00","KC","NE"
"MK178UA",10,52.0187923142641,-0.65375866040929,064,"Y52","Q38","00","MG","NE"
"MK178UB",10,52.019550147744,-0.654770624646658,064,"Y52","Q38","00","MG","NE"
"MK178UD",10,52.0182089119169,-0.654635978129947,064,"Y52","Q38","00","MG","NE"
"MK178UE",10,52.0206314858888,-0.658133876179261,064,"Y52","Q38","00","MG","NE"
"MK178UF",10,52.0232385294217,-0.658886616484675,064,"Y52","Q38","00","MG","NE"
"MK178UG",10,52.0214880719471,-0.660716998558973,064,"Y52","Q38","00","MG","NE"
"MK178UH",10,52.0226097439098,-0.657360534340574,064,"Y52","Q38","00","MG","NE"
"MK178UJ",10,52.0214372705283,-0.657832858833433,064,"Y52","Q38","00","MG","NE"
"MK178UL",10,52.0209020240923,-0.655837686130474,064,"Y52","Q38","00","MG","NE"
"MK178UN",10,52.0191082216227,-0.655439677514464,064,"Y52","Q38","00","MG","NE"
"MK178UP",10,52.0193660553928,-0.652823316391225,064,"Y52","Q38","00","MG","NE"
"MK178UQ",10,52.0229413859379,-0.6596388034311,064,"Y52","Q38","00","MG","NE"
"MK178UR",10,52.0217349426764,-0.653189377336437,064,"Y52","Q38","00","MG","NE"
"MK178UT",10,52.0204674061424,-0.650851927513669,064,"Y52","Q38","00","MG","NE"
"MK178UU",10,52.0197521428464,-0.649634698242312,064,"Y52","Q38","00","MG","NE"
"MK178UW",10,52.0188299216925,-0.652329359307724,064,"Y52","Q38","00","MG","NE"
"MK178UX",10,52.0195993696201,-0.650426264037365,064,"Y52","Q38","00","MG","NE"
"MK178UY",10,52.0200266893733,-0.653196958020508,064,"Y52","Q38","00","MG","NE"
"MK178UZ",10,52.0231673284938,-0.661322701792843,064,"Y52","Q38","00","MG","NE"
"MK178WE",10,52.0303889836085,-0.69027546953929,064,"Y52","Q38","00","MG","NX"
"MK178WF",10,52.0303889836085,-0.69027546953929,064,"Y52","Q38","00","MG","NX"
"MK178WU",10,52.0303889836085,-0.69027546953929,064,"Y52","Q38","00","MG","NX"
"MK178XB",10,52.0303889836085,-0.69027546953929,064,"Y52","Q38","00","MG","NX"
"MK178XE",10,52.0303889836085,-0.69027546953929,064,"Y52","Q38","00","MG","NX"
"MK178XG",10,52.0187446022532,-0.648805217886369,064,"Y51","Q35","00","KC","NE"
"MK178XH",10,52.0178194538544,-0.648104446391307,064,"Y51","Q35","00","KC","NE"
"MK178XJ",10,52.0172270707866,-0.648195165167399,064,"Y51","Q35","00","KC","NE"
"MK178XQ",10,52.018464799616,-0.648711636074691,064,"Y51","Q35","00","KC","NE"
"MK178YP",10,52.0303889836085,-0.69027546953929,064,"Y52","Q38","00","MG","NX"
"MK178YX",10,52.0120183672154,-0.647171879770613,064,"Y52","Q38","00","MG","NE"
"MK178ZH",10,52.0303889836085,-0.69027546953929,064,"Y52","Q38","00","MG","NX"
"MK178ZJ",10,52.0303889836085,-0.69027546953929,064,"Y52","Q38","00","MG","NX"
"MK178ZP",10,52.0303889836085,-0.69027546953929,064,"Y52","Q38","00","MG","NX"
"MK178ZR",10,52.0303889836085,-0.69027546953929,064,"Y52","Q38","00","MG","NX"
"MK178ZT",10,52.0303889836085,-0.69027546953929,064,"Y52","Q38","00","MG","NX"
"MK178ZX",10,52.0303889836085,-0.69027546953929,064,"Y52","Q38","00","MG","NX"
"MK179AA",10,51.9794482579189,-0.702798209430468,064,"Y52","Q38","11","UB","HE"
"MK179AB",10,51.9708653374225,-0.69094871255201,064,"Y52","Q38","11","UB","HE"
"MK179AD",10,51.9690560060135,-0.688337501386265,064,"Y52","Q38","11","UB","HE"
"MK179AE",10,51.9676649838498,-0.690998282922382,064,"Y52","Q38","11","UB","HE"
"MK179AF",10,51.9650648429867,-0.703038789459491,064,"Y52","Q38","11","UB","HE"
"MK179AG",10,51.9652573025742,-0.687138368132912,064,"Y52","Q38","11","UB","HE"
"MK179AH",10,51.9601752245559,-0.687767109137517,064,"Y52","Q38","11","UB","HE"
"MK179AJ",10,51.9613558166274,-0.685593129234056,064,"Y52","Q38","11","UB","HE"
"MK179AL",10,51.9627952410006,-0.683251346742524,064,"Y52","Q38","11","UB","HE"
"MK179AP",10,51.9618720804886,-0.682710762816632,064,"Y52","Q38","11","UB","HE"
"MK179AQ",10,51.9622560829367,-0.688113885241675,064,"Y52","Q38","11","UB","HE"
"MK179AR",10,51.9620952422645,-0.684174249450892,064,"Y52","Q38","11","UB","HE"
"MK179AS",10,51.9646227650326,-0.684260352727229,064,"Y52","Q38","11","UB","HE"
"MK179AT",10,51.9673827659837,-0.682621995732639,064,"Y52","Q38","11","UB","HE"
"MK179AU",10,51.9669433462254,-0.681921619959142,064,"Y52","Q38","11","UB","HE"
"MK179AW",10,51.9633363717098,-0.682595065572173,064,"Y52","Q38","11","UB","HE"
"MK179AX",10,51.9682890710564,-0.677646131003779,064,"Y52","Q38","11","UB","HE"
"MK179AY",10,51.9705144606288,-0.682864991579713,064,"Y52","Q38","11","UB","HE"
"MK179AZ",10,51.965670182789,-0.68626750814642,064,"Y52","Q38","11","UB","HE"
"MK179BA",10,51.9664136210391,-0.686012874683013,064,"Y52","Q38","11","UB","HE"
"MK179BB",10,51.9548637344994,-0.717361589051496,064,"Y52","Q38","11","UB","HE"
"MK179BD",10,51.9691394623555,-0.712193971040823,064,"Y52","Q38","11","UB","HE"
"MK179BE",10,51.9681843697536,-0.690808471358425,064,"Y52","Q38","11","UB","HE"
"MK179BF",10,51.9694348318533,-0.716188698271839,064,"Y52","Q38","11","UB","HE"
"MK179BG",10,51.9707328291359,-0.704170792367482,064,"Y52","Q38","11","UB","HE"
"MK179BH",10,51.9506029135482,-0.698610531660347,064,"Y52","Q38","11","UB","HE"
"MK179BJ",10,51.9636672331351,-0.684040890235279,064,"Y52","Q38","11","UB","HE"
"MK179BL",10,51.9649228483595,-0.686172911416069,064,"Y52","Q38","11","UB","HE"
"MK179BN",10,51.9637826587493,-0.716495725822439,064,"Y52","Q38","11","UB","HE"
"MK179BP",10,51.9585310382541,-0.721390142695772,064,"Y52","Q38","11","UB","HE"
"MK179BQ",10,51.9636867314584,-0.685786948525201,064,"Y52","Q38","11","UB","HE"
"MK179BS",10,51.9599029576906,-0.716912153902945,064,"Y52","Q38","11","UB","HE"
"MK179BT",10,51.9586131277041,-0.719015578652203,064,"Y52","Q38","11","UB","HE"
"MK179BU",10,51.956403219718,-0.719194978186775,064,"Y52","Q38","11","UB","HE"
"MK179BW",10,51.9593945250896,-0.719764660545093,064,"Y52","Q38","11","UB","HE"
"MK179BX",10,51.9559080260971,-0.718306821576993,064,"Y52","Q38","11","UB","HE"
"MK179BY",10,51.9553272183093,-0.717814044323256,064,"Y52","Q38","11","UB","HE"
"MK179BZ",10,51.9555275357485,-0.718870667182316,064,"Y52","Q38","11","UB","HE"
"MK179DB",10,51.9558352243108,-0.71410317940279,064,"Y52","Q38","11","UB","HE"
"MK179DD",10,51.9513705412805,-0.715293117235201,064,"Y52","Q38","11","UB","HE"
"MK179DE",10,51.9573363549447,-0.721496891617527,064,"Y52","Q38","11","UB","HE"
"MK179DF",10,51.9589202449372,-0.717493245962986,064,"Y52","Q38","11","UB","HE"
"MK179DG",10,51.9612322999577,-0.711023330851232,064,"Y52","Q38","11","UB","HE"
"MK179DH",10,51.9568391564245,-0.722078599136937,064,"Y52","Q38","11","UB","HE"
"MK179DJ",10,51.9564131990744,-0.716808027772437,064,"Y52","Q38","11","UB","HE"
"MK179DL",10,51.9829004408864,-0.569955464204706,064,"Y51","Q35","00","KC","NE"
"MK179DN",10,51.9908363986967,-0.699192281587367,064,"Y52","Q38","00","MG","NE"
"MK179DP",10,51.9906209644945,-0.58533686187738,064,"Y51","Q35","00","KC","NE"
"MK179DQ",10,51.9556236371706,-0.716961539538119,064,"Y52","Q38","11","UB","HE"
"MK179DR",10,51.9889022776643,-0.577759706316605,064,"Y51","Q35","00","KC","NE"
"MK179DS",10,51.9877054663669,-0.57025388347743,064,"Y51","Q35","00","KC","NE"
"MK179DT",10,51.9834178514706,-0.569618626941013,064,"Y51","Q35","00","KC","NE"
"MK179DU",10,51.9816399492752,-0.568335623072877,064,"Y51","Q35","00","KC","NE"
"MK179DW",10,51.9919926971016,-0.605363589508547,064,"Y51","Q35","00","KC","NE"
"MK179DX",10,51.97839631335,-0.575194943311729,064,"Y51","Q35","00","KC","NE"
"MK179DY",10,51.9851539561497,-0.562296695929248,064,"Y51","Q35","00","KC","NE"
"MK179DZ",10,51.9871215232281,-0.559961861396288,064,"Y51","Q35","00","KC","NE"
"MK179EA",10,51.9905903923486,-0.55907869272738,064,"Y51","Q35","00","KC","NE"
"MK179EB",10,51.9963850024567,-0.571230096443598,064,"Y51","Q35","00","KC","NE"
"MK179ED",10,51.9854430736723,-0.557263382364319,064,"Y51","Q35","00","KC","NE"
"MK179EE",10,51.9872407517608,-0.550623108037383,064,"Y51","Q35","00","KC","NE"
"MK179EF",10,51.9871613855136,-0.547829563351413,064,"Y51","Q35","00","KC","NE"
"MK179EG",10,51.977965599967,-0.546568979371063,064,"Y51","Q35","00","KC","NE"
"MK179EH",10,51.979780422003,-0.534119112571019,064,"Y51","Q35","00","KC","NE"
"MK179EJ",10,51.9810020354814,-0.534020992918696,064,"Y51","Q35","00","KC","NE"
"MK179EL",10,51.9808919616475,-0.535291397024178,064,"Y51","Q35","00","KC","NE"
"MK179EN",10,51.980511002587,-0.532857587215533,064,"Y51","Q35","00","KC","NE"
"MK179EP",10,51.9884191380466,-0.536123537987496,064,"Y51","Q35","00","KC","NE"
"MK179EQ",10,51.9789043816308,-0.537423795662433,064,"Y51","Q35","00","KC","NE"
"MK179ER",10,51.9781884128229,-0.518984805962515,064,"Y51","Q35","00","KC","NE"
"MK179ET",10,51.9568244830793,-0.721555109372924,064,"Y52","Q38","11","UB","HE"
"MK179EU",10,51.9592555843883,-0.719390220269652,064,"Y52","Q38","11","UB","HE"
"MK179EW",10,51.9881818951279,-0.536568175657438,064,"Y51","Q35","00","KC","NE"
"MK179EX",10,51.9535645195002,-0.717777007140983,064,"Y52","Q38","11","UB","HE"
"MK179EZ",10,51.9858190300844,-0.554193154121877,064,"Y51","Q35","00","KC","NE"
"MK179FA",10,51.9642505637029,-0.685552127956488,064,"Y52","Q38","11","UB","HE"
"MK179FB",10,52.0019952486283,-0.554983139615652,064,"Y51","Q35","00","KC","NE"
"MK179FE",10,51.9955124500697,-0.699246130013264,064,"Y52","Q38","00","MG","NE"
"MK179FG",10,51.9883547144353,-0.535280957648218,064,"Y51","Q35","00","KC","NE"
"MK179FH",50,51.9883547144353,-0.535280957648218,064,"Y51","Q35","00","KC","NE"
"MK179FL",50,51.9883547144353,-0.535280957648218,064,"Y51","Q35","00","KC","NE"
"MK179HA",10,51.9674207753176,-0.659694435888639,064,"Y52","Q38","11","UB","HE"
"MK179HD",10,51.9682507731867,-0.642667368724652,064,"Y51","Q35","00","KC","NE"
"MK179HF",10,51.9627458405404,-0.620040488705673,064,"Y51","Q35","00","KC","NE"
"MK179HG",10,51.9598814674555,-0.61730494165038,064,"Y51","Q35","00","KC","NE"
"MK179HH",10,51.9721241579231,-0.607843918078823,064,"Y51","Q35","00","KC","NE"
"MK179HL",10,51.9715495030694,-0.595793216628146,064,"Y51","Q35","00","KC","NE"
"MK179HN",10,51.9651598378437,-0.595308776105659,064,"Y51","Q35","00","KC","NE"
"MK179HP",10,51.9683113073265,-0.586665362457045,064,"Y51","Q35","00","KC","NE"
"MK179HQ",10,51.9692571399674,-0.614046762644919,064,"Y51","Q35","00","KC","NE"
"MK179HR",10,51.9679265691432,-0.588322378678776,064,"Y51","Q35","00","KC","NE"
"MK179HS",10,51.9611131890469,-0.584752223919111,064,"Y51","Q35","00","KC","NE"
"MK179HT",10,51.9823045074403,-0.612595706132213,064,"Y51","Q35","00","KC","NE"
"MK179HU",10,51.9944799358596,-0.624192114405687,064,"Y51","Q35","00","KC","NE"
"MK179HW",10,51.9487528728932,-0.597014565581274,064,"Y51","Q35","00","KC","NE"
"MK179HX",10,51.9943940164116,-0.628389550479703,064,"Y51","Q35","00","KC","NE"
"MK179HY",10,51.9995245155169,-0.630403233906841,064,"Y51","Q35","00","KC","NE"
"MK179HZ",10,51.9902030993892,-0.649314854243366,064,"Y51","Q35","00","KC","NE"
"MK179JA",10,51.9981493244786,-0.637422549948801,064,"Y51","Q35","00","KC","NE"
"MK179JB",10,52.0033694053226,-0.682935207438206,064,"Y52","Q38","00","MG","NE"
"MK179JF",10,52.0024063532098,-0.682846929626841,064,"Y52","Q38","00","MG","NE"
"MK179JH",10,51.9971702469224,-0.709365209867774,064,"Y52","Q38","00","MG","NE"
"MK179JJ",10,51.9952522980019,-0.707468585613857,064,"Y52","Q38","00","MG","NE"
"MK179JL",10,52.0036213429624,-0.678134873594544,064,"Y52","Q38","00","MG","NE"
"MK179JN",10,52.0038403643467,-0.695362682168302,064,"Y52","Q38","00","MG","NE"
"MK179JP",10,52.0024769234672,-0.688366064460382,064,"Y52","Q38","00","MG","NE"
"MK179JQ",10,52.0030058702745,-0.680177956325701,064,"Y52","Q38","00","MG","NE"
"MK179JR",10,52.0021595394561,-0.686510672588434,064,"Y52","Q38","00","MG","NE"
"MK179JS",10,52.0022256509727,-0.685183072848365,064,"Y52","Q38","00","MG","NE"
"MK179JT",10,52.0024070350348,-0.682103951411065,064,"Y52","Q38","00","MG","NE"
"MK179JU",10,52.0030029634543,-0.683936586345084,064,"Y52","Q38","00","MG","NE"
"MK179JW",10,52.0030162909699,-0.68754905977948,064,"Y52","Q38","00","MG","NE"
"MK179JX",10,52.0030746609203,-0.680700382117696,064,"Y52","Q38","00","MG","NE"
"MK179JY",10,52.0035575965488,-0.679666410975409,064,"Y52","Q38","00","MG","NE"
"MK179JZ",10,52.0029209055084,-0.679015016904486,064,"Y52","Q38","00","MG","NE"
"MK179LA",10,52.0024360172971,-0.679874223905465,064,"Y52","Q38","00","MG","NE"
"MK179LB",10,52.0019509903613,-0.678315184021946,064,"Y52","Q38","00","MG","NE"
"MK179LD",10,52.0013136325138,-0.679208002210963,064,"Y52","Q38","00","MG","NE"
"MK179LE",10,52.0014361939511,-0.679714257511056,064,"Y52","Q38","00","MG","NE"
"MK179LF",10,52.0002492587916,-0.677301900534854,064,"Y52","Q38","00","MG","NE"
"MK179LH",10,52.0013525334899,-0.677866649989305,064,"Y52","Q38","00","MG","NE"
"MK179LJ",10,51.990935005414,-0.666201775990094,064,"Y52","Q38","00","MG","NE"
"MK179LN",10,51.9835628309799,-0.680632976538681,064,"Y52","Q38","00","MG","NE"
"MK179LQ",10,52.0009421304678,-0.670959252409991,064,"Y52","Q38","00","MG","NE"
"MK179LR",10,51.9839673232916,-0.679820191922215,064,"Y52","Q38","00","MG","NE"
"MK179LS",10,51.9839361247746,-0.67864160193356,064,"Y52","Q38","00","MG","NE"
"MK179LT",10,51.9833628313026,-0.678833210361247,064,"Y52","Q38","00","MG","NE"
"MK179LU",10,51.9832356928184,-0.677919570532724,064,"Y52","Q38","00","MG","NE"
"MK179LW",10,51.9549164559602,-0.715599249318854,064,"Y52","Q38","11","UB","HE"
"MK179LX",10,51.9835550236485,-0.677531565168363,064,"Y52","Q38","00","MG","NE"
"MK179LY",10,51.9833623457478,-0.677187760154273,064,"Y52","Q38","00","MG","NE"
"MK179LZ",10,51.9830059146306,-0.67667404467105,064,"Y52","Q38","00","MG","NE"
"MK179NA",10,51.9835352183171,-0.674969290762839,064,"Y52","Q38","00","MG","NE"
"MK179NB",10,51.9819118928968,-0.673735804164265,064,"Y52","Q38","00","MG","NE"
"MK179NE",10,51.9781048504647,-0.671809830747779,064,"Y52","Q38","00","MG","NE"
"MK179NF",10,51.9761589267177,-0.666698815685632,064,"Y52","Q38","11","UB","HE"
"MK179NG",10,51.9813461622276,-0.675397902236135,064,"Y52","Q38","00","MG","NE"
"MK179NH",10,51.9820608324069,-0.676585403692303,064,"Y52","Q38","00","MG","NE"
"MK179NJ",10,51.9824216644195,-0.675890387795298,064,"Y52","Q38","00","MG","NE"
"MK179NN",10,51.9860833545972,-0.686529545793678,064,"Y52","Q38","00","MG","NE"
"MK179NP",10,51.9844922163765,-0.680926034186598,064,"Y52","Q38","00","MG","NE"
"MK179NQ",10,51.9794215370461,-0.677755201141003,064,"Y52","Q38","00","MG","NE"
"MK179NR",10,51.9838009042209,-0.681820047029974,064,"Y52","Q38","00","MG","NE"
"MK179NS",10,51.9836442922723,-0.683091513648268,064,"Y52","Q38","00","MG","NE"
"MK179NT",10,51.9865855658937,-0.686412916499614,064,"Y52","Q38","00","MG","NE"
"MK179NU",10,51.9881900661477,-0.688390258137962,064,"Y52","Q38","00","MG","NE"
"MK179NW",10,51.9817722297338,-0.677307403184288,064,"Y52","Q38","00","MG","NE"
"MK179NZ",10,51.9818394300304,-0.672092534657829,064,"Y52","Q38","00","MG","NE"
"MK179PB",10,51.9838509468639,-0.680668196933814,064,"Y52","Q38","00","MG","NE"
"MK179PE",10,52.0303889836085,-0.69027546953929,064,"Y52","Q38","00","MG","NX"
"MK179PG",10,51.9895257454445,-0.607362637324418,064,"Y51","Q35","00","KC","NE"
"MK179PH",10,51.987343792035,-0.622138961904377,064,"Y51","Q35","00","KC","NE"
"MK179PJ",10,51.98754616047,-0.62329779722946,064,"Y51","Q35","00","KC","NE"
"MK179PL",10,51.9873776615431,-0.62580780186236,064,"Y51","Q35","00","KC","NE"
"MK179PP",10,51.9823232856095,-0.641979967746983,064,"Y51","Q35","00","KC","NE"
"MK179PT",10,51.9875186414693,-0.619410303241646,064,"Y51","Q35","00","KC","NE"
"MK179PU",10,51.9870287316223,-0.619804002678915,064,"Y51","Q35","00","KC","NE"
"MK179PW",10,51.9841815122143,-0.633172036035053,064,"Y51","Q35","00","KC","NE"
"MK179PX",10,51.9879572928658,-0.618479332963145,064,"Y51","Q35","00","KC","NE"
"MK179PY",10,51.9868968679225,-0.618526524012241,064,"Y51","Q35","00","KC","NE"
"MK179PZ",10,51.988930285277,-0.619410585828201,064,"Y51","Q35","00","KC","NE"
"MK179QA",10,51.9908670898856,-0.621258929022566,064,"Y51","Q35","00","KC","NE"
"MK179QB",10,51.9900739921073,-0.619564746017374,064,"Y51","Q35","00","KC","NE"
"MK179QD",10,51.9930794287782,-0.619763623897528,064,"Y51","Q35","00","KC","NE"
"MK179QE",10,51.9917362200951,-0.618698024859947,064,"Y51","Q35","00","KC","NE"
"MK179QF",10,51.9922268085914,-0.618362508516355,064,"Y51","Q35","00","KC","NE"
"MK179QG",10,51.9918682533933,-0.619990200767952,064,"Y51","Q35","00","KC","NE"
"MK179QH",10,51.991126381523,-0.62113445193306,064,"Y51","Q35","00","KC","NE"
"MK179QJ",10,51.9904525677992,-0.620412382413693,064,"Y51","Q35","00","KC","NE"
"MK179QL",10,51.9899061185039,-0.619817493064467,064,"Y51","Q35","00","KC","NE"
"MK179QN",10,52.0046639494697,-0.588958826005827,064,"Y51","Q35","00","KC","NE"
"MK179QP",10,51.968341573009,-0.599736493347172,064,"Y51","Q35","00","KC","NE"
"MK179QQ",10,51.9899575401155,-0.620369338779299,064,"Y51","Q35","00","KC","NE"
"MK179QR",10,51.9874852999113,-0.620401616131969,064,"Y51","Q35","00","KC","NE"
"MK179QS",10,51.9863233238601,-0.620990700133654,064,"Y51","Q35","00","KC","NE"
"MK179QU",10,51.9915033832979,-0.618778010823037,064,"Y51","Q35","00","KC","NE"
"MK179QX",10,51.9911897106222,-0.619632388492714,064,"Y51","Q35","00","KC","NE"
"MK179QY",10,51.990906813689,-0.619276982753531,064,"Y51","Q35","00","KC","NE"
"MK179QZ",10,51.9893450453446,-0.618742467048368,064,"Y51","Q35","00","KC","NE"
"MK179RB",10,51.9919308918361,-0.698971231448329,064,"Y52","Q38","00","MG","NE"
"MK179RD",10,52.0085141156101,-0.672672748216065,064,"Y52","Q38","00","MG","NE"
"MK179RE",10,52.0303889836085,-0.69027546953929,064,"Y52","Q38","00","MG","NX"
"MK179RQ",10,51.9581058459658,-0.719495744057727,064,"Y52","Q38","11","UB","HE"
"MK179RT",10,51.9667204625785,-0.686920944040383,064,"Y52","Q38","11","UB","HE"
"MK179WA",10,51.9830526845531,-0.596816898010812,064,"Y51","Q35","00","KC","NE"
"MK179WG",10,52.0303889836085,-0.69027546953929,064,"Y52","Q38","00","MG","NX"
"MK179WX",10,52.0303889836085,-0.69027546953929,064,"Y52","Q38","00","MG","NX"
"MK179XQ",10,52.0303889836085,-0.69027546953929,064,"Y52","Q38","00","MG","NX"
"MK179ZF",10,52.0303889836085,-0.69027546953929,064,"Y52","Q38","00","MG","NX"
"MK179ZH",10,52.0303889836085,-0.69027546953929,064,"Y52","Q38","00","MG","NX"
"MK179ZU",10,52.0303889836085,-0.69027546953929,064,"Y52","Q38","00","MG","NX"
"MK181AA",10,52.000612555461,-0.985908314542347,064,"Y52","Q38","11","UB","GX"
"MK181AB",10,51.9892178802599,-0.981388956311903,064,"Y52","Q38","11","UB","GY"
"MK181AE",10,51.9938273823148,-0.983134088383261,064,"Y52","Q38","11","UB","GY"
"MK181AF",10,51.9979241318782,-0.985896219686071,064,"Y52","Q38","11","UB","GY"
"MK181AG",10,51.9973480972535,-0.986870574666774,064,"Y52","Q38","11","UB","GY"
"MK181AH",10,51.9966510364053,-0.986318249456713,064,"Y52","Q38","11","UB","GY"
"MK181AJ",10,51.9956899602358,-0.987476039959876,064,"Y52","Q38","11","UB","GY"
"MK181AL",10,51.9948166398641,-0.988384199193701,064,"Y52","Q38","11","UB","GY"
"MK181AP",10,51.9965302905033,-0.985869444814354,064,"Y52","Q38","11","UB","GY"
"MK181AQ",10,51.9975460803068,-0.985846496810683,064,"Y52","Q38","11","UB","GY"
"MK181AR",10,51.9949763768608,-0.982918718239635,064,"Y52","Q38","11","UB","GY"
"MK181AS",10,51.9957847660611,-0.984910412540237,064,"Y52","Q38","11","UB","GY"
"MK181AT",10,51.9946887772253,-0.983973908496479,064,"Y52","Q38","11","UB","GY"
"MK181AU",10,51.9942974355342,-0.985512068791715,064,"Y52","Q38","11","UB","GY"
"MK181AW",10,51.9948218550122,-0.986898455232515,064,"Y52","Q38","11","UB","GY"
"MK181AX",10,51.9934847998909,-0.986156706220057,064,"Y52","Q38","11","UB","GY"
"MK181AY",10,51.9958426782491,-0.982243652998685,064,"Y52","Q38","11","UB","GY"
"MK181AZ",10,51.9960635773771,-0.982835825314898,064,"Y52","Q38","11","UB","GY"
"MK181BA",10,51.9999556177057,-0.986884554282148,064,"Y52","Q38","11","UB","GX"
"MK181BB",10,51.9976400829169,-0.981110460661758,064,"Y52","Q38","11","UB","GY"
"MK181BD",10,51.9975197728184,-0.981754088695943,064,"Y52","Q38","11","UB","GY"
"MK181BE",10,51.9963903643705,-0.980075545049505,064,"Y52","Q38","11","UB","GY"
"MK181BF",10,51.9951054842618,-0.981211680883039,064,"Y52","Q38","11","UB","GY"
"MK181BG",10,51.9972552533389,-0.982357284987357,064,"Y52","Q38","11","UB","GY"
"MK181BH",10,51.9873974593608,-0.978823550440116,064,"Y52","Q38","11","UB","GY"
"MK181BJ",10,51.9907172027332,-0.98113648885933,064,"Y52","Q38","11","UB","GY"
"MK181BL",10,51.990896432439,-0.982108189630094,064,"Y52","Q38","11","UB","GY"
"MK181BN",10,51.9908016316324,-0.981542355736095,064,"Y52","Q38","11","UB","GY"
"MK181BP",10,51.9992763316765,-0.988400226339902,064,"Y52","Q38","11","UB","GX"
"MK181BQ",10,51.9963510417949,-0.983848894566278,064,"Y52","Q38","11","UB","GY"
"MK181BS",10,51.9992270213567,-0.988940294194463,064,"Y52","Q38","11","UB","GX"
"MK181BT",10,51.9984619366198,-0.989889760131461,064,"Y52","Q38","11","UB","GX"
"MK181BU",10,51.9985635654057,-0.990207929109522,064,"Y52","Q38","11","UB","GX"
"MK181BX",10,51.9977175725462,-0.990110432524116,064,"Y52","Q38","11","UB","GX"
"MK181BY",10,51.9971064248696,-0.990138747014814,064,"Y52","Q38","11","UB","GX"
"MK181BZ",10,51.9969226411276,-0.990725507141702,064,"Y52","Q38","11","UB","GX"
"MK181DA",10,51.9974179260744,-0.990816332260652,064,"Y52","Q38","11","UB","GX"
"MK181DB",10,51.99722377818,-0.991243103385419,064,"Y52","Q38","11","UB","GX"
"MK181DD",10,51.9971006706553,-0.991566315193597,064,"Y52","Q38","11","UB","GX"
"MK181DE",10,51.9936109491107,-0.991426232220349,064,"Y52","Q38","11","UB","GY"
"MK181DF",10,51.9936109491107,-0.991426232220349,064,"Y52","Q38","11","UB","GY"
"MK181DG",10,51.9975940829927,-0.988292477755463,064,"Y52","Q38","11","UB","GX"
"MK181DH",10,51.992620254749,-0.991230023245486,064,"Y52","Q38","11","UB","GY"
"MK181DJ",10,51.9917411817002,-0.990419627905583,064,"Y52","Q38","11","UB","GY"
"MK181DL",10,51.9934449019893,-0.990934768861739,064,"Y52","Q38","11","UB","GY"
"MK181DN",10,51.9919280776842,-0.991245574754245,064,"Y52","Q38","11","UB","GY"
"MK181DP",10,51.9942306683201,-0.993451377877707,064,"Y52","Q38","11","UB","GY"
"MK181DQ",10,51.9967046425672,-0.991516949225872,064,"Y52","Q38","11","UB","GX"
"MK181DR",10,51.9944067716294,-0.995122384337181,064,"Y52","Q38","11","UB","GY"
"MK181DS",10,51.9943002659441,-0.995284980878933,064,"Y52","Q38","11","UB","GY"
"MK181DT",10,51.9942864320003,-0.994717263913186,064,"Y52","Q38","11","UB","GY"
"MK181DU",10,51.9963733204425,-0.994830752318144,064,"Y52","Q38","11","UB","GY"
"MK181DW",10,51.9945343141896,-0.993211532289948,064,"Y52","Q38","11","UB","GY"
"MK181DX",10,51.9960047584684,-0.994839004619752,064,"Y52","Q38","11","UB","GY"
"MK181DY",10,51.9973440422518,-0.994794450706911,064,"Y52","Q38","11","UB","GY"
"MK181DZ",10,51.9973020262171,-0.996193704669181,064,"Y52","Q38","11","UB","GY"
"MK181EA",10,51.9947561402752,-0.985530833301817,064,"Y52","Q38","11","UB","GY"
"MK181EE",10,51.9977471944939,-0.994625198087025,064,"Y52","Q38","11","UB","GY"
"MK181EF",10,51.99731313171,-0.993280303110655,064,"Y52","Q38","11","UB","GY"
"MK181EG",10,51.9960060939283,-0.991838513980579,064,"Y52","Q38","11","UB","GX"
"MK181EH",10,52.0018598843365,-0.988764448051925,064,"Y52","Q38","11","UB","GX"
"MK181EJ",10,51.993598180927,-0.993086879238252,064,"Y52","Q38","11","UB","GY"
"MK181EL",10,51.9992790664409,-0.987671844131003,064,"Y52","Q38","11","UB","GX"
"MK181EN",10,51.9986732794249,-0.987277651982855,064,"Y52","Q38","11","UB","GX"
"MK181EP",10,51.9976153124356,-0.98867071194197,064,"Y52","Q38","11","UB","GX"
"MK181EQ",10,51.9994467531113,-0.988352686229231,064,"Y52","Q38","11","UB","GX"
"MK181ER",10,51.9971396296735,-0.988768822783123,064,"Y52","Q38","11","UB","GX"
"MK181ES",10,51.9973707346498,-0.989506472095807,064,"Y52","Q38","11","UB","GX"
"MK181ET",10,51.9976091978753,-0.989005864674991,064,"Y52","Q38","11","UB","GX"
"MK181EU",10,51.9985860314367,-0.988634275736093,064,"Y52","Q38","11","UB","GX"
"MK181EW",10,51.9987583131308,-0.987756419554702,064,"Y52","Q38","11","UB","GX"
"MK181EX",10,51.9984023692024,-0.98818686382569,064,"Y52","Q38","11","UB","GX"
"MK181EY",10,51.9985826553634,-0.988241064805545,064,"Y52","Q38","11","UB","GX"
"MK181EZ",10,51.9990898139351,-0.989715401174918,064,"Y52","Q38","11","UB","GX"
"MK181FB",10,52.0138243990442,-0.975978177291963,064,"Y52","Q38","11","UB","HK"
"MK181FD",10,52.0026886112852,-0.986851998579226,064,"Y52","Q38","11","UB","GX"
"MK181FF",10,51.9913458754654,-0.987311855530098,064,"Y52","Q38","11","UB","GY"
"MK181FG",10,51.9909441100049,-0.987641318497391,064,"Y52","Q38","11","UB","GY"
"MK181FH",10,51.9921095906426,-0.992494007581707,064,"Y52","Q38","11","UB","GY"
"MK181FJ",10,51.9910386165904,-0.992372401527996,064,"Y52","Q38","11","UB","GY"
"MK181FL",50,51.9919879406267,-0.994040525504252,064,"Y52","Q38","11","UB","GY"
"MK181FN",10,51.9929283760595,-0.995723482731709,064,"Y52","Q38","11","UB","GY"
"MK181FP",10,51.9932891832404,-0.992700568713687,064,"Y52","Q38","11","UB","GY"
"MK181FQ",10,51.9938567242108,-0.993882136251566,064,"Y52","Q38","11","UB","GY"
"MK181FR",10,51.9932590398546,-0.99443441474123,064,"Y52","Q38","11","UB","GY"
"MK181FS",10,51.992915456853,-0.994209080497282,064,"Y52","Q38","11","UB","GY"
"MK181FT",10,51.9925831597288,-0.992148403453843,064,"Y52","Q38","11","UB","GY"
"MK181FU",10,51.9921448612076,-0.994517624652178,064,"Y52","Q38","11","UB","GY"
"MK181FW",10,51.9902253171833,-0.986652644771942,064,"Y52","Q38","11","UB","GY"
"MK181FX",10,51.9896787229131,-0.986868866291673,064,"Y52","Q38","11","UB","GY"
"MK181FY",10,51.9993520266121,-0.997254909916234,064,"Y52","Q38","11","UB","GY"
"MK181GB",10,52.0016623251623,-0.983568413248307,064,"Y52","Q38","11","UB","GX"
"MK181GF",10,52.0057357251842,-0.975317785908791,064,"Y52","Q38","11","UB","GX"
"MK181GG",10,52.0060900998596,-0.974712380129044,064,"Y52","Q38","11","UB","GX"
"MK181GH",10,52.0069528166553,-0.976732317350963,064,"Y52","Q38","11","UB","GX"
"MK181GJ",10,51.9976759901394,-0.979026721982687,064,"Y52","Q38","11","UB","GY"
"MK181GL",10,51.9985145426595,-0.978264774573632,064,"Y52","Q38","11","UB","GY"
"MK181GN",10,51.9989893989562,-0.980147588395386,064,"Y52","Q38","11","UB","GY"
"MK181GP",10,51.9987469704587,-0.98226520207114,064,"Y52","Q38","11","UB","GY"
"MK181GQ",10,52.0065086642136,-0.974251185018946,064,"Y52","Q38","11","UB","GX"
"MK181GR",10,51.9978985994557,-0.991300768690435,064,"Y52","Q38","11","UB","GX"
"MK181GS",10,51.9976831055178,-0.991334742736698,064,"Y52","Q38","11","UB","GX"
"MK181GT",10,52.0024281683015,-0.98167186976222,064,"Y52","Q38","11","UB","GX"
"MK181GU",10,51.9996078020692,-0.981998053231748,064,"Y52","Q38","11","UB","GY"
"MK181GW",10,51.9976536436452,-0.991044087127536,064,"Y52","Q38","11","UB","GX"
"MK181GX",10,51.9972970641106,-0.991401679953115,064,"Y52","Q38","11","UB","GX"
"MK181GZ",10,52.000612555461,-0.985908314542347,064,"Y52","Q38","11","UB","GX"
"MK181HA",10,51.9991938149034,-0.990310282070075,064,"Y52","Q38","11","UB","GX"
"MK181HB",10,51.9993885835233,-0.989956306280119,064,"Y52","Q38","11","UB","GX"
"MK181HD",10,51.9995590056133,-0.989908771945588,064,"Y52","Q38","11","UB","GX"
"MK181HE",10,52.0000472965771,-0.989184017441714,064,"Y52","Q38","11","UB","GX"
"MK181HF",10,52.0000265686547,-0.98886401785698,064,"Y52","Q38","11","UB","GX"
"MK181HG",10,52.0000398065514,-0.989358986000247,064,"Y52","Q38","11","UB","GX"
"MK181HH",10,51.999956900318,-0.991225381220016,064,"Y52","Q38","11","UB","GX"
"MK181HJ",10,51.9862725388996,-0.981819819071836,064,"Y52","Q38","11","UB","GY"
"MK181HL",10,52.0002629146989,-0.989164595045313,064,"Y52","Q38","11","UB","GX"
"MK181HN",10,52.0155634987802,-0.976419346340324,064,"Y52","Q38","11","UB","HK"
"MK181HP",10,52.0001596514211,-0.991803492303843,064,"Y52","Q38","11","UB","GX"
"MK181HQ",10,52.0092683729754,-0.976256992167907,064,"Y52","Q38","11","UB","GX"
"MK181HR",10,51.9931702235311,-0.991407003885007,064,"Y52","Q38","11","UB","GY"
"MK181HS",10,52.0004170828263,-0.992467781734638,064,"Y52","Q38","11","UB","GX"
"MK181HT",10,52.0010071147836,-0.993124617727283,064,"Y52","Q38","11","UB","GX"
"MK181HU",10,52.0017429929234,-0.992962437684788,064,"Y52","Q38","11","UB","GX"
"MK181HX",10,52.0015287107086,-0.9941908848726,064,"Y52","Q38","11","UB","GX"
"MK181HY",10,52.0011299092524,-0.994869903843443,064,"Y52","Q38","11","UB","GX"
"MK181HZ",10,52.0009857459385,-0.993780610274714,064,"Y52","Q38","11","UB","GX"
"MK181JA",10,52.0017274371421,-0.997464051102522,064,"Y52","Q38","11","UB","GX"
"MK181JB",10,52.0087245499108,-0.978862768726028,064,"Y52","Q38","11","UB","GX"
"MK181JD",10,52.0011507576414,-0.997316694735668,064,"Y52","Q38","11","UB","GX"
"MK181JE",10,52.0024393115574,-0.988183263035847,064,"Y52","Q38","11","UB","GX"
"MK181JF",10,52.0002064121664,-0.994118548452936,064,"Y52","Q38","11","UB","GX"
"MK181JG",10,52.0087082356688,-0.978018109918942,064,"Y52","Q38","11","UB","GX"
"MK181JH",10,52.0082914445971,-0.977648799394711,064,"Y52","Q38","11","UB","GX"
"MK181JJ",10,52.0096828820412,-0.977398549269477,064,"Y52","Q38","11","UB","GX"
"MK181JL",10,52.0009556826613,-0.987124186594067,064,"Y52","Q38","11","UB","GX"
"MK181JN",10,52.0003361928624,-0.988274372807701,064,"Y52","Q38","11","UB","GX"
"MK181JP",10,52.0000648357972,-0.98599352236534,064,"Y52","Q38","11","UB","GX"
"MK181JQ",10,52.0086127645629,-0.978413659560214,064,"Y52","Q38","11","UB","GX"
"MK181JR",10,52.0005154844759,-0.995568302716953,064,"Y52","Q38","11","UB","GX"
"MK181JS",10,52.0001892139702,-0.986864715085951,064,"Y52","Q38","11","UB","GX"
"MK181JT",10,52.0003294368415,-0.987487920442883,064,"Y52","Q38","11","UB","GX"
"MK181JU",10,52.000197851032,-0.987869623162799,064,"Y52","Q38","11","UB","GX"
"MK181JW",10,52.000612555461,-0.985908314542347,064,"Y52","Q38","11","UB","GX"
"MK181JX",10,52.0005277018424,-0.987541715295451,064,"Y52","Q38","11","UB","GX"
"MK181JZ",10,52.0021120691955,-0.987768187662182,064,"Y52","Q38","11","UB","GX"
"MK181LA",10,52.0019881984651,-0.986955212947513,064,"Y52","Q38","11","UB","GX"
"MK181LB",10,52.0038647949099,-0.985616310902605,064,"Y52","Q38","11","UB","GX"
"MK181LD",10,52.0048340432664,-0.986453927918532,064,"Y52","Q38","11","UB","GX"
"MK181LE",10,52.0051284338624,-0.98618504960928,064,"Y52","Q38","11","UB","GX"
"MK181LF",10,52.0059229001832,-0.987609390159246,064,"Y52","Q38","11","UB","GX"
"MK181LG",10,52.0039596267885,-0.988280099116344,064,"Y52","Q38","11","UB","GX"
"MK181LH",10,52.0050605548227,-0.987701685187866,064,"Y52","Q38","11","UB","GX"
"MK181LJ",10,52.004163022563,-0.989979969494876,064,"Y52","Q38","11","UB","GX"
"MK181LL",10,52.0052336034706,-0.987960011969439,064,"Y52","Q38","11","UB","GX"
"MK181LN",10,52.0047992641611,-0.989732559245638,064,"Y52","Q38","11","UB","GX"
"MK181LP",10,52.0025104441529,-0.993338539464556,064,"Y52","Q38","11","UB","GX"
"MK181LQ",10,52.0043661455524,-0.988504023884988,064,"Y52","Q38","11","UB","GX"
"MK181LR",10,52.0031684052353,-0.993527729128373,064,"Y52","Q38","11","UB","GX"
"MK181LS",10,52.0016296421992,-0.992324025433039,064,"Y52","Q38","11","UB","GX"
"MK181LT",10,52.0031206392886,-0.990047130807883,064,"Y52","Q38","11","UB","GX"
"MK181LU",10,52.0026092483,-0.990175178324268,064,"Y52","Q38","11","UB","GX"
"MK181LW",10,52.0033267510795,-0.992067406096683,064,"Y52","Q38","11","UB","GX"
"MK181LX",10,52.0021661347305,-0.991976931579652,064,"Y52","Q38","11","UB","GX"
"MK181LY",10,52.0020241951713,-0.99010093775708,064,"Y52","Q38","11","UB","GX"
"MK181LZ",10,52.001597326796,-0.990649527489432,064,"Y52","Q38","11","UB","GX"
"MK181NA",10,52.0034816936663,-0.988116059673854,064,"Y52","Q38","11","UB","GX"
"MK181NB",10,52.0027109912366,-0.988410218686062,064,"Y52","Q38","11","UB","GX"
"MK181ND",10,52.0018640085166,-0.989245074373395,064,"Y52","Q38","11","UB","GX"
"MK181NF",10,51.9938851151402,-0.991944400836249,064,"Y52","Q38","11","UB","GY"
"MK181NG",10,52.0000708748741,-0.987741386321735,064,"Y52","Q38","11","UB","GX"
"MK181NH",10,52.0008707372174,-0.985611142761219,064,"Y52","Q38","11","UB","GX"
"MK181NJ",10,51.9999858410522,-0.987262604809654,064,"Y52","Q38","11","UB","GX"
"MK181NL",10,51.9996094174718,-0.987402196406753,064,"Y52","Q38","11","UB","GX"
"MK181NP",10,52.0000633869931,-0.987916355183471,064,"Y52","Q38","11","UB","GX"
"MK181NQ",10,52.0019097698653,-0.986199485250021,064,"Y52","Q38","11","UB","GX"
"MK181NR",10,52.0002666369717,-0.987503903790176,064,"Y52","Q38","11","UB","GX"
"MK181NS",10,52.0003294368415,-0.987487920442883,064,"Y52","Q38","11","UB","GX"
"MK181NT",10,52.0012461551502,-0.985355018353548,064,"Y52","Q38","11","UB","GX"
"MK181NU",10,52.0015817683162,-0.985697043314909,064,"Y52","Q38","11","UB","GX"
"MK181NW",10,52.0001505271143,-0.987593923068812,064,"Y52","Q38","11","UB","GX"
"MK181NX",10,52.0021476733605,-0.984591703499483,064,"Y52","Q38","11","UB","GX"
"MK181NY",10,52.0026204073518,-0.983109690774183,064,"Y52","Q38","11","UB","GX"
"MK181NZ",10,52.0022940871399,-0.983845453943539,064,"Y52","Q38","11","UB","GX"
"MK181PA",10,51.988365159392,-0.983636419327262,064,"Y52","Q38","11","UB","GY"
"MK181PB",10,52.0036161387241,-0.983888360082017,064,"Y52","Q38","11","UB","GX"
"MK181PD",10,52.003465707317,-0.984168553647507,064,"Y52","Q38","11","UB","GX"
"MK181PE",10,52.0053881560581,-0.983979354134191,064,"Y52","Q38","11","UB","GX"
"MK181PF",10,52.0050757136042,-0.985283006226859,064,"Y52","Q38","11","UB","GX"
"MK181PG",10,52.0056580492628,-0.986085674186796,064,"Y52","Q38","11","UB","GX"
"MK181PH",10,52.0052070544919,-0.982788850255685,064,"Y52","Q38","11","UB","GX"
"MK181PJ",10,52.0046918992537,-0.982480026933799,064,"Y52","Q38","11","UB","GX"
"MK181PL",10,52.0068056088105,-0.980494441453571,064,"Y52","Q38","11","UB","GX"
"MK181PN",10,52.0073731924763,-0.98062723687987,064,"Y52","Q38","11","UB","GX"
"MK181PP",10,52.0099873311098,-0.982447365276174,064,"Y52","Q38","11","UB","GX"
"MK181PQ",10,52.0059365512492,-0.9850158758285,064,"Y52","Q38","11","UB","GX"
"MK181PR",10,52.0067947520091,-0.984442848628083,064,"Y52","Q38","11","UB","GX"
"MK181PS",10,52.0069793475782,-0.986041251704921,064,"Y52","Q38","11","UB","GX"
"MK181PT",10,52.0051876218295,-0.981580118804296,064,"Y52","Q38","11","UB","GX"
"MK181PU",10,52.0008543886065,-0.985800882269809,064,"Y52","Q38","11","UB","GX"
"MK181PW",10,52.0086839857676,-0.980408056155384,064,"Y52","Q38","11","UB","GX"
"MK181PX",10,52.0042445085799,-0.983772156975892,064,"Y52","Q38","11","UB","GX"
"MK181PY",10,51.9982881417997,-0.990592843144267,064,"Y52","Q38","11","UB","GX"
"MK181PZ",10,52.0125414578489,-0.974229830319064,064,"Y52","Q38","11","UB","HK"
"MK181QA",10,52.0096711168761,-0.976043826133835,064,"Y52","Q38","11","UB","GX"
"MK181QB",10,52.0101912222513,-0.974851789447918,064,"Y52","Q38","11","UB","HK"
"MK181QD",10,52.0102761516284,-0.973247149241129,064,"Y52","Q38","11","UB","HK"
"MK181QE",10,52.011645408982,-0.972516433572412,064,"Y52","Q38","11","UB","HK"
"MK181QF",10,52.0113367542783,-0.973208308080979,064,"Y52","Q38","11","UB","HK"
"MK181QG",10,52.0114208981258,-0.97151621931648,064,"Y52","Q38","11","UB","HK"
"MK181QH",10,52.0128157881093,-0.969604606523778,064,"Y52","Q38","11","UB","HK"
"MK181QJ",10,52.0145659465504,-0.975436680839076,064,"Y52","Q38","11","UB","HK"
"MK181QL",10,52.0124036480602,-0.971828817181706,064,"Y52","Q38","11","UB","HK"
"MK181QN",10,52.0126620811412,-0.972595145798015,064,"Y52","Q38","11","UB","HK"
"MK181QP",10,52.0139358034958,-0.974314519262029,064,"Y52","Q38","11","UB","HK"
"MK181QQ",10,52.0123239284034,-0.969907316068546,064,"Y52","Q38","11","UB","HK"
"MK181QR",10,52.0139989913825,-0.975376772712525,064,"Y52","Q38","11","UB","HK"
"MK181QS",10,52.0136309394391,-0.975443462855258,064,"Y52","Q38","11","UB","HK"
"MK181QT",10,52.0131472868259,-0.974623964914376,064,"Y52","Q38","11","UB","HK"
"MK181QU",10,52.0126124634791,-0.973091687814737,064,"Y52","Q38","11","UB","HK"
"MK181QW",10,52.0128899868899,-0.972954197985242,064,"Y52","Q38","11","UB","HK"
"MK181QX",10,52.0136805311186,-0.972877816031779,064,"Y52","Q38","11","UB","HK"
"MK181QY",10,52.0140096022669,-0.973496844210308,064,"Y52","Q38","11","UB","HK"
"MK181QZ",10,52.0131042579181,-0.970719942221758,064,"Y52","Q38","11","UB","HK"
"MK181RA",10,51.9943451896866,-0.992123413076877,064,"Y52","Q38","11","UB","GY"
"MK181RB",10,52.0128785515371,-0.971643083675367,064,"Y52","Q38","11","UB","HK"
"MK181RD",10,52.0152112732454,-0.976237952166273,064,"Y52","Q38","11","UB","HK"
"MK181RE",10,52.0153190107965,-0.977255507861361,064,"Y52","Q38","11","UB","HK"
"MK181RF",10,52.0139511289599,-0.977111837393106,064,"Y52","Q38","11","UB","HK"
"MK181RG",10,52.0135226888612,-0.976436766420902,064,"Y52","Q38","11","UB","HK"
"MK181RH",10,52.0114418539727,-0.973919851350871,064,"Y52","Q38","11","UB","HK"
"MK181RJ",10,52.0078794682859,-0.976798601797523,064,"Y52","Q38","11","UB","GX"
"MK181RL",10,52.0101567737944,-0.973992948933829,064,"Y52","Q38","11","UB","HK"
"MK181RN",10,52.0097659228693,-0.973506511935048,064,"Y52","Q38","11","UB","HK"
"MK181RP",10,52.0008704424827,-0.984533196498641,064,"Y52","Q38","11","UB","GX"
"MK181RQ",10,51.9880018805418,-0.982173803105758,064,"Y52","Q38","11","UB","GY"
"MK181RR",10,52.000612555461,-0.985908314542347,064,"Y52","Q38","11","UB","GX"
"MK181RS",10,52.0006709664669,-0.985382587678805,064,"Y52","Q38","11","UB","GX"
"MK181RT",10,51.9877935562709,-0.983037723667538,064,"Y52","Q38","11","UB","GY"
"MK181RU",10,51.9947834943225,-0.993963321498637,064,"Y52","Q38","11","UB","GY"
"MK181RW",10,52.0094837224884,-0.974139466657943,064,"Y52","Q38","11","UB","HK"
"MK181RX",10,52.0149079174613,-0.97547258533593,064,"Y52","Q38","11","UB","HK"
"MK181RY",10,51.9887153645567,-0.986715845897748,064,"Y52","Q38","11","UB","GY"
"MK181RZ",10,51.9875091045242,-0.982374285984937,064,"Y52","Q38","11","UB","GY"
"MK181SB",10,52.0010824664921,-0.985140213670149,064,"Y52","Q38","11","UB","GX"
"MK181SD",10,52.0033531383081,-0.979465721187338,064,"Y52","Q38","11","UB","GX"
"MK181SE",10,51.9922771704716,-0.990014344146238,064,"Y52","Q38","11","UB","GY"
"MK181SF",10,51.9989075023162,-0.992574496799782,064,"Y52","Q38","11","UB","GY"
"MK181SG",10,52.0100599076044,-0.97836614155852,064,"Y52","Q38","11","UB","GX"
"MK181SH",10,51.989941931447,-0.978823938023646,064,"Y52","Q38","11","UB","GY"
"MK181SL",10,51.9864295630835,-0.981262893477991,064,"Y52","Q38","11","UB","GY"
"MK181SN",10,51.998800521799,-0.991630091401738,064,"Y52","Q38","11","UB","GY"
"MK181SP",10,52.0170126349104,-0.97867411287704,064,"Y52","Q38","11","UB","HK"
"MK181SQ",10,51.9881604165013,-0.981791576659282,064,"Y52","Q38","11","UB","GY"
"MK181SR",10,51.9885926555514,-0.978752681687613,064,"Y52","Q38","11","UB","GY"
"MK181SS",10,51.9971153062387,-0.98489489172586,064,"Y52","Q38","11","UB","GY"
"MK181ST",10,51.9976471215939,-0.999769192143839,064,"Y52","Q38","11","UB","GY"
"MK181SU",10,51.9986348024767,-0.996440658768831,064,"Y52","Q38","11","UB","GY"
"MK181SW",10,52.0166659701261,-0.972926037062466,064,"Y52","Q38","11","UB","HK"
"MK181SY",10,51.989941931447,-0.978823938023646,064,"Y52","Q38","11","UB","GY"
"MK181SZ",10,51.9856700432263,-0.975586378590851,064,"Y52","Q38","11","UB","GY"
"MK181TA",10,51.9768920757924,-0.970123045054505,064,"Y52","Q38","11","UB","HX"
"MK181TB",10,51.9895540257896,-0.991196966299737,064,"Y52","Q38","11","UB","GY"
"MK181TD",10,52.0018103669563,-0.983011505601478,064,"Y52","Q38","11","UB","GX"
"MK181TE",10,52.0023835980244,-0.973427715128346,064,"Y52","Q38","11","UB","GX"
"MK181TF",10,51.9866755956546,-0.98060200737321,064,"Y52","Q38","11","UB","GY"
"MK181TG",10,51.9885347412073,-0.990812103305577,064,"Y52","Q38","11","UB","GY"
"MK181TH",10,51.9860103035733,-0.985815782747853,064,"Y52","Q38","11","UB","GY"
"MK181TJ",10,52.0030578930168,-0.972392556008556,064,"Y52","Q38","11","UB","GX"
"MK181TL",10,51.9911270422344,-0.997467732543311,064,"Y52","Q38","11","UB","GY"
"MK181TN",10,51.9878743838621,-1.00088977092906,064,"Y52","Q38","11","UB","HX"
"MK181TP",10,52.0045811012377,-0.980064227724184,064,"Y52","Q38","11","UB","GX"
"MK181TQ",10,52.000612555461,-0.985908314542347,064,"Y52","Q38","11","UB","GX"
"MK181TR",10,52.0050532068669,-0.980592525125564,064,"Y52","Q38","11","UB","GX"
"MK181TS",10,52.0056186482206,-0.980477701446466,064,"Y52","Q38","11","UB","GX"
"MK181TT",10,52.0057437770108,-0.979353082731853,064,"Y52","Q38","11","UB","GX"
"MK181TU",10,52.0060387484834,-0.980191353711541,064,"Y52","Q38","11","UB","GX"
"MK181TW",10,52.0030388236282,-0.975364792753332,064,"Y52","Q38","11","UB","GX"
"MK181TX",10,52.0052360875814,-0.978869305063704,064,"Y52","Q38","11","UB","GX"
"MK181TY",10,52.0050615038659,-0.978436228504462,064,"Y52","Q38","11","UB","GX"
"MK181TZ",10,52.004947442565,-0.977724980026322,064,"Y52","Q38","11","UB","GX"
"MK181UA",10,52.0047544537608,-0.979317309870745,064,"Y52","Q38","11","UB","GX"
"MK181UB",10,52.0040910147369,-0.979536350199942,064,"Y52","Q38","11","UB","GX"
"MK181UD",10,52.0052036900856,-0.978243603369696,064,"Y52","Q38","11","UB","GX"
"MK181UE",10,52.0036324643367,-0.978497892458398,064,"Y52","Q38","11","UB","GX"
"MK181UF",10,52.0043395845549,-0.978132163981244,064,"Y52","Q38","11","UB","GX"
"MK181UG",10,52.0047355068363,-0.977132511706958,064,"Y52","Q38","11","UB","GX"
"MK181UH",10,51.9870062627442,-0.981409997613769,064,"Y52","Q38","11","UB","GY"
"MK181UJ",10,51.9999110469558,-0.986929260131622,064,"Y52","Q38","11","UB","GX"
"MK181UL",10,51.9878263024284,-0.981624400086472,064,"Y52","Q38","11","UB","GY"
"MK181UN",10,52.0030383650227,-0.984658958063393,064,"Y52","Q38","11","UB","GX"
"MK181UP",10,51.998185573346,-0.985977709727594,064,"Y52","Q38","11","UB","GY"
"MK181UQ",10,52.0041718809354,-0.980568840090691,064,"Y52","Q38","11","UB","GX"
"MK181UR",10,52.000612555461,-0.985908314542347,064,"Y52","Q38","11","UB","GX"
"MK181UU",10,52.004472926637,-0.975885638910384,064,"Y52","Q38","11","UB","GX"
"MK181UW",10,52.002656798015,-0.984201429737074,064,"Y52","Q38","11","UB","GX"
"MK181UX",10,52.004989111229,-0.976310907930045,064,"Y52","Q38","11","UB","GX"
"MK181UY",10,52.0055273272444,-0.976167514622674,064,"Y52","Q38","11","UB","GX"
"MK181UZ",10,52.0058672675255,-0.977004735729675,064,"Y52","Q38","11","UB","GX"
"MK181WA",10,51.9872983907799,-0.982961562141087,064,"Y52","Q38","11","UB","GY"
"MK181WB",10,52.0041724925971,-0.992135819940243,064,"Y52","Q38","11","UB","GX"
"MK181WD",10,51.9989409911703,-0.990184872303621,064,"Y52","Q38","11","UB","GX"
"MK181WE",10,51.9994456400886,-0.99031918398267,064,"Y52","Q38","11","UB","GX"
"MK181WH",10,52.000612555461,-0.985908314542347,064,"Y52","Q38","11","UB","GX"
"MK181WQ",10,52.000612555461,-0.985908314542347,064,"Y52","Q38","11","UB","GX"
"MK181WS",10,52.000612555461,-0.985908314542347,064,"Y52","Q38","11","UB","GX"
"MK181WY",10,52.000612555461,-0.985908314542347,064,"Y52","Q38","11","UB","GX"
"MK181WZ",10,52.000612555461,-0.985908314542347,064,"Y52","Q38","11","UB","GX"
"MK181XA",10,52.0039625646634,-0.976130372151075,064,"Y52","Q38","11","UB","GX"
"MK181XB",10,52.0038330383833,-0.974676536735558,064,"Y52","Q38","11","UB","GX"
"MK181XD",10,52.0034848655713,-0.974961279080917,064,"Y52","Q38","11","UB","GX"
"MK181XE",10,52.0043536542318,-0.974577234074159,064,"Y52","Q38","11","UB","GX"
"MK181XF",10,52.0029333557334,-0.976678285584733,064,"Y52","Q38","11","UB","GX"
"MK181XG",10,51.9997160371686,-0.987254125627135,064,"Y52","Q38","11","UB","GX"
"MK181XJ",10,51.9866715906733,-0.98221851662091,064,"Y52","Q38","11","UB","GY"
"MK181XN",10,52.0032691201803,-0.977034822815634,064,"Y52","Q38","11","UB","GX"
"MK181XP",10,52.0025289248389,-0.972564909591096,064,"Y52","Q38","11","UB","GX"
"MK181XR",10,52.0030050134229,-0.97457891232607,064,"Y52","Q38","11","UB","GX"
"MK181XT",10,51.9877755541988,-0.985120594962225,064,"Y52","Q38","11","UB","GY"
"MK181YF",10,52.000612555461,-0.985908314542347,064,"Y52","Q38","11","UB","GX"
"MK181YH",10,52.0040713904924,-0.972107126185829,064,"Y52","Q38","11","UB","GX"
"MK181YJ",10,52.0043594738366,-0.974212899204653,064,"Y52","Q38","11","UB","GX"
"MK181YL",10,52.0040312715664,-0.972661627971492,064,"Y52","Q38","11","UB","GX"
"MK181YN",10,52.0049034820376,-0.972670798051212,064,"Y52","Q38","11","UB","GX"
"MK181YQ",10,52.004723212855,-0.973650993789379,064,"Y52","Q38","11","UB","GX"
"MK181YR",10,52.0040468623483,-0.973418805828244,064,"Y52","Q38","11","UB","GX"
"MK181YS",10,52.0030183784724,-0.971985566746108,064,"Y52","Q38","11","UB","GX"
"MK181YW",10,52.003423812124,-0.973112566397197,064,"Y52","Q38","11","UB","GX"
"MK181YX",10,52.000612555461,-0.985908314542347,064,"Y52","Q38","11","UB","GX"
"MK181ZN",10,52.000612555461,-0.985908314542347,064,"Y52","Q38","11","UB","GX"
"MK181ZR",10,52.000612555461,-0.985908314542347,064,"Y52","Q38","11","UB","GX"
"MK181ZW",10,52.000612555461,-0.985908314542347,064,"Y52","Q38","11","UB","GX"
"MK182AA",10,51.9964736175893,-0.93065278696322,064,"Y52","Q38","11","UB","HF"
"MK182AB",10,51.9986021287784,-0.937346254783346,064,"Y52","Q38","11","UB","HF"
"MK182AE",10,51.9688089538769,-0.948735487901248,064,"Y52","Q38","11","UB","JE"
"MK182AG",10,51.9682763521639,-0.949504880544975,064,"Y52","Q38","11","UB","JE"
"MK182AH",10,51.9738893549804,-0.95080034791939,064,"Y52","Q38","11","UB","JE"
"MK182AJ",10,51.9715162796871,-0.951874783986586,064,"Y52","Q38","11","UB","JE"
"MK182AL",10,51.9705720281194,-0.953876580930923,064,"Y52","Q38","11","UB","JE"
"MK182AN",10,51.9700573143823,-0.953626538748597,064,"Y52","Q38","11","UB","JE"
"MK182AP",10,51.970184909689,-0.95280837472731,064,"Y52","Q38","11","UB","JE"
"MK182AQ",10,51.9676469387197,-0.950509415379205,064,"Y52","Q38","11","UB","JE"
"MK182AR",10,51.9690152861806,-0.949691398878118,064,"Y52","Q38","11","UB","JE"
"MK182AS",10,51.9678387665387,-0.948830965879761,064,"Y52","Q38","11","UB","JE"
"MK182AT",10,51.9675146346978,-0.94878032324332,064,"Y52","Q38","11","UB","JE"
"MK182AU",10,51.9683019483781,-0.946330985171366,064,"Y52","Q38","11","UB","JE"
"MK182AW",10,51.9699857783949,-0.951648459577392,064,"Y52","Q38","11","UB","JE"
"MK182AX",10,51.9696948314989,-0.952295749207869,064,"Y52","Q38","11","UB","JE"
"MK182AY",10,51.9689219766381,-0.956389617465475,064,"Y52","Q38","11","UB","JE"
"MK182AZ",10,51.9680125488686,-0.957255003552443,064,"Y52","Q38","11","UB","JE"
"MK182BA",10,51.9688986187862,-0.956797744514062,064,"Y52","Q38","11","UB","JE"
"MK182BB",10,51.9688917374991,-0.959068732033006,064,"Y52","Q38","11","UB","JE"
"MK182BD",10,51.9687728190147,-0.958838581969132,064,"Y52","Q38","11","UB","JE"
"MK182BE",10,51.9679871718444,-0.960487089697288,064,"Y52","Q38","11","UB","JE"
"MK182BF",10,51.9672475602916,-0.957170861899058,064,"Y52","Q38","11","UB","JE"
"MK182BG",10,51.9676243900338,-0.96115050949284,064,"Y52","Q38","11","UB","JE"
"MK182BH",10,51.9672060048892,-0.960607051877669,064,"Y52","Q38","11","UB","JE"
"MK182BJ",10,51.9671145709998,-0.960434494545731,064,"Y52","Q38","11","UB","JE"
"MK182BL",10,51.9638971585868,-0.968776134365565,064,"Y52","Q38","11","UB","JE"
"MK182BN",10,51.9577558172991,-0.952428495735153,064,"Y52","Q38","11","UB","JE"
"MK182BP",10,51.96740902377,-0.962218083732415,064,"Y52","Q38","11","UB","JE"
"MK182BQ",10,51.9674415202965,-0.959786462085801,064,"Y52","Q38","11","UB","JE"
"MK182BS",10,51.9683799385482,-0.949022096718711,064,"Y52","Q38","11","UB","JE"
"MK182BT",10,51.9664241912649,-0.961673150671986,064,"Y52","Q38","11","UB","JE"
"MK182BU",10,51.9983823975973,-0.926004399968637,064,"Y52","Q38","11","UB","HF"
"MK182BW",10,51.9588441215352,-0.970827648421928,064,"Y52","Q38","11","UB","JE"
"MK182BX",10,51.9677524713059,-0.956314884140862,064,"Y52","Q38","11","UB","JE"
"MK182DA",10,51.9972357647258,-0.923511947214038,064,"Y52","Q38","11","UB","HF"
"MK182DB",10,51.9982699666833,-0.924521342323954,064,"Y52","Q38","11","UB","HF"
"MK182DD",10,51.9980473656696,-0.924759732989591,064,"Y52","Q38","11","UB","HF"
"MK182DE",10,51.9975653588537,-0.924159509857686,064,"Y52","Q38","11","UB","HF"
"MK182DF",10,51.9967548564068,-0.920085982500416,064,"Y52","Q38","11","UB","HF"
"MK182DG",10,51.9960338992519,-0.918923525929443,064,"Y52","Q38","11","UB","HF"
"MK182DH",10,51.9983849972295,-0.919405851769547,064,"Y52","Q38","11","UB","HF"
"MK182DJ",10,51.9965647290294,-0.916026751518614,064,"Y52","Q38","11","UB","HF"
"MK182DL",10,51.9962868711134,-0.916120854086429,064,"Y52","Q38","11","UB","HF"
"MK182DN",10,51.9949872156738,-0.91558419405646,064,"Y52","Q38","11","UB","HF"
"MK182DP",10,51.9956973420001,-0.912639408409597,064,"Y52","Q38","11","UB","HF"
"MK182DQ",10,51.9970144113698,-0.917996835600472,064,"Y52","Q38","11","UB","HF"
"MK182DR",10,51.9954432422707,-0.913359260435206,064,"Y52","Q38","11","UB","HF"
"MK182DS",10,51.9960844971348,-0.910751086277309,064,"Y52","Q38","11","UB","HF"
"MK182DT",10,51.9956603576772,-0.909610717011894,064,"Y52","Q38","11","UB","HF"
"MK182DU",10,51.994977188124,-0.909627310478444,064,"Y52","Q38","11","UB","HF"
"MK182DW",10,51.9942483563859,-0.916388543744222,064,"Y52","Q38","11","UB","HF"
"MK182DX",10,51.9952132358656,-0.907932016227071,064,"Y52","Q38","11","UB","HF"
"MK182DY",10,51.9940752964004,-0.896773916347208,064,"Y52","Q38","11","UB","HF"
"MK182DZ",10,51.9911015948098,-0.923265800887839,064,"Y52","Q38","11","UB","HF"
"MK182EA",10,51.9802924836013,-0.931955358322463,064,"Y52","Q38","11","UB","HF"
"MK182EB",10,51.9871892789105,-0.932024332386572,064,"Y52","Q38","11","UB","HF"
"MK182ED",10,52.0115778540216,-0.930569666598405,064,"Y52","Q38","11","UB","HF"
"MK182EH",10,51.996828705153,-0.910529108293428,064,"Y52","Q38","11","UB","HF"
"MK182EJ",10,51.9509770033429,-0.972899322499393,064,"Y52","Q38","11","UB","HU"
"MK182EN",10,51.9450064868519,-0.95547522052664,064,"Y52","Q38","11","UB","HU"
"MK182EP",10,51.9332208914154,-1.01193622721036,064,"Y52","Q38","11","UB","HU"
"MK182ER",10,51.9317160502554,-0.967535764649434,064,"Y52","Q38","11","UB","HU"
"MK182ES",10,51.9307593006688,-0.960983721794914,064,"Y52","Q38","11","UB","HU"
"MK182ET",10,51.9264903213136,-0.953069163167873,064,"Y52","Q38","11","UB","HU"
"MK182EU",10,51.9254333838675,-0.954533459882687,064,"Y52","Q38","11","UB","HU"
"MK182EX",10,51.9219417854527,-0.954192858578904,064,"Y52","Q38","11","UB","HU"
"MK182EY",10,51.9218871214934,-0.955124776954926,064,"Y52","Q38","11","UB","HU"
"MK182EZ",10,51.9180408081688,-0.954327103893974,064,"Y52","Q38","11","UB","HU"
"MK182FA",50,51.9104395487243,-1.00685371441387,064,"Y52","Q38","11","UB","HM"
"MK182FB",10,51.9104395487243,-1.00685371441387,064,"Y52","Q38","11","UB","HM"
"MK182FD",10,51.912152766172,-1.00530395793811,064,"Y52","Q38","11","UB","HM"
"MK182FE",10,51.9099497500281,-1.00421869715836,064,"Y52","Q38","11","UB","HM"
"MK182FF",10,51.9110708437809,-1.00070482599997,064,"Y52","Q38","11","UB","HM"
"MK182FG",10,51.9133410051198,-1.00334407946996,064,"Y52","Q38","11","UB","HM"
"MK182FH",10,51.910250428776,-1.00895129442385,064,"Y52","Q38","11","UB","HM"
"MK182FJ",10,51.9114582601265,-1.00398180734719,064,"Y52","Q38","11","UB","HM"
"MK182FL",10,51.9142595268484,-1.00139007885785,064,"Y52","Q38","11","UB","HM"
"MK182FN",10,51.9146676274922,-1.00180265847182,064,"Y52","Q38","11","UB","HM"
"MK182FP",10,51.9123366449855,-1.00153449138163,064,"Y52","Q38","11","UB","HM"
"MK182FQ",10,51.9139824610006,-1.00264655843453,064,"Y52","Q38","11","UB","HM"
"MK182FR",10,51.9135851939849,-1.00139049580853,064,"Y52","Q38","11","UB","HM"
"MK182FS",10,51.9140193869994,-1.00063938786497,064,"Y52","Q38","11","UB","HM"
"MK182FT",10,51.9715254471235,-0.9508846635963,064,"Y52","Q38","11","UB","JE"
"MK182FW",10,51.9129506283434,-1.00077941607301,064,"Y52","Q38","11","UB","HM"
"MK182FY",10,51.9243094765105,-0.93050680693573,064,"Y52","Q38","11","UB","HU"
"MK182GE",10,51.9632163746548,-0.930745615640869,064,"Y52","Q38","11","UB","JE"
"MK182GN",10,51.9394444726744,-0.985702201042909,064,"Y52","Q38","11","UB","HU"
"MK182HA",10,51.9189949498796,-0.969746885092075,064,"Y52","Q38","11","UB","HU"
"MK182HB",10,51.925109890121,-0.965753176749611,064,"Y52","Q38","11","UB","HU"
"MK182HD",10,51.9197951861696,-0.988413340946534,064,"Y52","Q38","11","UB","HU"
"MK182HE",10,51.9164126940857,-1.002956212342,064,"Y52","Q38","11","UB","HM"
"MK182HF",10,51.9159074197983,-1.00062655892885,064,"Y52","Q38","11","UB","HU"
"MK182HH",10,51.9259664188181,-0.988798174172665,064,"Y52","Q38","11","UB","HU"
"MK182HJ",10,51.9368676860895,-0.98821860352178,064,"Y52","Q38","11","UB","HU"
"MK182HN",10,51.9372805719267,-0.990231256098071,064,"Y52","Q38","11","UB","HU"
"MK182HP",10,51.9977968880732,-0.9170457499831,064,"Y52","Q38","11","UB","HF"
"MK182HQ",10,51.9162002716327,-1.00229209998859,064,"Y52","Q38","11","UB","HM"
"MK182HR",10,51.9233625632791,-0.928217147591659,064,"Y52","Q38","11","UB","HU"
"MK182HS",10,51.9628633102969,-0.939428592829393,064,"Y52","Q38","11","UB","JE"
"MK182HT",10,51.9636855295471,-0.930923668155429,064,"Y52","Q38","11","UB","JE"
"MK182HU",10,51.9646693189593,-0.930347166584249,064,"Y52","Q38","11","UB","JE"
"MK182HX",10,51.9643586634182,-0.929801464595343,064,"Y52","Q38","11","UB","JE"
"MK182HY",10,51.9650074679075,-0.930950443470239,064,"Y52","Q38","11","UB","JE"
"MK182HZ",10,51.9653318701227,-0.929050516083075,064,"Y52","Q38","11","UB","JE"
"MK182JA",10,51.9648108617392,-0.927127076741703,064,"Y52","Q38","11","UB","JE"
"MK182JD",10,51.9703925577285,-0.91808485212928,064,"Y52","Q38","11","UB","JE"
"MK182JE",10,51.9692920264069,-0.907950725884519,064,"Y52","Q38","11","UB","JE"
"MK182JF",10,51.9664254650924,-0.926710078953184,064,"Y52","Q38","11","UB","JE"
"MK182JG",10,51.9657609532082,-0.927788508672387,064,"Y52","Q38","11","UB","JE"
"MK182JH",10,51.9667443287299,-0.927168253092133,064,"Y52","Q38","11","UB","JE"
"MK182JJ",10,51.9669029754232,-0.927804928702819,064,"Y52","Q38","11","UB","JE"
"MK182JL",10,51.9685872788438,-0.930108340720712,064,"Y52","Q38","11","UB","JE"
"MK182JN",10,51.9656189996293,-0.929975229524618,064,"Y52","Q38","11","UB","JE"
"MK182JP",10,51.9504096270113,-0.914651608328164,064,"Y52","Q38","11","UB","JE"
"MK182JQ",10,51.966096599155,-0.92811528204107,064,"Y52","Q38","11","UB","JE"
"MK182JR",10,51.9507925893874,-0.921102906786261,064,"Y52","Q38","11","UB","JE"
"MK182JS",10,51.9517256690502,-0.921866275193691,064,"Y52","Q38","11","UB","JE"
"MK182JT",10,51.951375819626,-0.922936883579352,064,"Y52","Q38","11","UB","JE"
"MK182JW",10,51.9556732574983,-0.904381541537095,064,"Y52","Q38","11","UB","JE"
"MK182JX",10,51.9451041253519,-0.907767062950693,064,"Y52","Q38","11","UB","JE"
"MK182JY",10,51.9421756787393,-0.923680932912323,064,"Y52","Q38","11","UB","HU"
"MK182JZ",10,51.9400192127814,-0.928765890209726,064,"Y52","Q38","11","UB","HU"
"MK182LA",10,51.9385414920358,-0.936350863961029,064,"Y52","Q38","11","UB","HU"
"MK182LB",10,51.9388626818679,-0.937070613898168,064,"Y52","Q38","11","UB","HU"
"MK182LD",10,51.9341888628118,-0.938242848819214,064,"Y52","Q38","11","UB","HU"
"MK182LE",10,51.9342043749248,-0.948991514425903,064,"Y52","Q38","11","UB","HU"
"MK182LF",10,51.9307933690687,-0.921771572732671,064,"Y52","Q38","11","UB","HU"
"MK182LH",10,51.9340619996653,-0.989212595545866,064,"Y52","Q38","11","UB","HU"
"MK182LJ",10,51.9330174301124,-1.00167198012712,064,"Y52","Q38","11","UB","HU"
"MK182LN",10,51.9368541726814,-0.991884544965022,064,"Y52","Q38","11","UB","HU"
"MK182LP",10,51.915420573421,-0.934847139971259,064,"Y52","Q38","11","UB","HU"
"MK182LQ",10,51.9243094765105,-0.93050680693573,064,"Y52","Q38","11","UB","HU"
"MK182LR",10,51.9162218448176,-0.933970347982145,064,"Y52","Q38","11","UB","HU"
"MK182LS",10,51.920007983607,-0.931088854613685,064,"Y52","Q38","11","UB","HU"
"MK182LT",10,51.9228483312502,-0.930003482324518,064,"Y52","Q38","11","UB","HU"
"MK182LU",10,51.9229811862284,-0.928793357802296,064,"Y52","Q38","11","UB","HU"
"MK182LW",10,51.9361185671821,-0.987886348012339,064,"Y52","Q38","11","UB","HU"
"MK182LX",10,51.9240376883745,-0.929291728618269,064,"Y52","Q38","11","UB","HU"
"MK182LY",10,51.9253234117791,-0.930279117363926,064,"Y52","Q38","11","UB","HU"
"MK182LZ",10,51.9247576208997,-0.929361855618987,064,"Y52","Q38","11","UB","HU"
"MK182NA",10,51.9238905456974,-0.927942817756426,064,"Y52","Q38","11","UB","HU"
"MK182NB",10,51.9242129483554,-0.926815391851296,064,"Y52","Q38","11","UB","HU"
"MK182ND",10,51.9235942563999,-0.926015794009744,064,"Y52","Q38","11","UB","HU"
"MK182NE",10,51.9217489146026,-0.913045294269822,064,"Y52","Q38","11","UB","HU"
"MK182NF",10,51.9132880940337,-0.935668134928197,064,"Y52","Q38","11","UB","HU"
"MK182NG",10,51.9146668092579,-0.937002215403758,064,"Y52","Q38","11","UB","HU"
"MK182NL",10,51.9236582881078,-0.930086021102292,064,"Y52","Q38","11","UB","HU"
"MK182NN",10,51.9241853498394,-0.929709938222424,064,"Y52","Q38","11","UB","HU"
"MK182NP",10,51.9357350258288,-0.989291375029008,064,"Y52","Q38","11","UB","HU"
"MK182NR",10,51.9352151375472,-0.988430315047886,064,"Y52","Q38","11","UB","HU"
"MK182NS",10,51.9363066907945,-0.991998634899817,064,"Y52","Q38","11","UB","HU"
"MK182NT",10,51.9376776057908,-0.988302213301181,064,"Y52","Q38","11","UB","HU"
"MK182NU",10,51.9360983465271,-0.988672283564786,064,"Y52","Q38","11","UB","HU"
"MK182NW",10,51.9361955957333,-0.987433690052699,064,"Y52","Q38","11","UB","HU"
"MK182NX",10,51.9378206862426,-0.988211716637478,064,"Y52","Q38","11","UB","HU"
"MK182NY",10,51.9365268062939,-0.986218911026471,064,"Y52","Q38","11","UB","HU"
"MK182NZ",10,51.936243151724,-0.986690774424272,064,"Y52","Q38","11","UB","HU"
"MK182PA",10,51.9378882980097,-0.982493413551606,064,"Y52","Q38","11","UB","HU"
"MK182PB",10,51.9378268075752,-0.983702164064861,064,"Y52","Q38","11","UB","HU"
"MK182PD",10,51.937333563769,-0.98489156047987,064,"Y52","Q38","11","UB","HU"
"MK182PE",10,51.9372714743668,-0.983947450563239,064,"Y52","Q38","11","UB","HU"
"MK182PF",10,51.9382542903149,-0.987401899464283,064,"Y52","Q38","11","UB","HU"
"MK182PG",10,51.9400754828804,-0.985891634034923,064,"Y52","Q38","11","UB","HU"
"MK182PH",10,51.9377280022102,-0.985799087709633,064,"Y52","Q38","11","UB","HU"
"MK182PN",10,51.9367077207945,-0.986345749514728,064,"Y52","Q38","11","UB","HU"
"MK182PP",10,51.9348913956882,-0.989470327748425,064,"Y52","Q38","11","UB","HU"
"MK182PQ",10,51.9373202639732,-0.98334994877248,064,"Y52","Q38","11","UB","HU"
"MK182PR",10,51.9353173700313,-0.986726171179963,064,"Y52","Q38","11","UB","HU"
"MK182PS",10,51.9341447750766,-0.988381653531611,064,"Y52","Q38","11","UB","HU"
"MK182PT",10,51.934553397177,-0.986757922227934,064,"Y52","Q38","11","UB","HU"
"MK182PU",10,51.9368803694641,-0.985512726459555,064,"Y52","Q38","11","UB","HU"
"MK182PX",10,51.9366443027578,-0.983161578460366,064,"Y52","Q38","11","UB","HU"
"MK182PY",10,51.9361377997234,-0.979696542301352,064,"Y52","Q38","11","UB","HU"
"MK182PZ",10,51.9359097449599,-0.980356279125655,064,"Y52","Q38","11","UB","HU"
"MK182QA",10,51.9374748554628,-0.978357043006987,064,"Y52","Q38","11","UB","HU"
"MK182QB",10,51.9373344613274,-0.977720191935717,064,"Y52","Q38","11","UB","HU"
"MK182QD",10,51.9384319779329,-0.979862710324206,064,"Y52","Q38","11","UB","HU"
"MK182QE",10,51.9373101673458,-0.976993426892125,064,"Y52","Q38","11","UB","HU"
"MK182QF",10,51.9350557497043,-0.976230134166069,064,"Y52","Q38","11","UB","HU"
"MK182QG",10,51.9364382566335,-0.967747409928401,064,"Y52","Q38","11","UB","HU"
"MK182QH",10,51.9365443386416,-0.984080241353586,064,"Y52","Q38","11","UB","HU"
"MK182QJ",10,51.9370388975158,-0.982003506068898,064,"Y52","Q38","11","UB","HU"
"MK182QL",10,51.9370543386206,-0.987967119512836,064,"Y52","Q38","11","UB","HU"
"MK182QP",10,51.9363057594764,-0.977292640578126,064,"Y52","Q38","11","UB","HU"
"MK182QR",10,51.9361808102184,-0.976364538419935,064,"Y52","Q38","11","UB","HU"
"MK182QS",10,51.9365541901229,-0.975876021614098,064,"Y52","Q38","11","UB","HU"
"MK182QT",10,51.9372132022184,-0.97514825024797,064,"Y52","Q38","11","UB","HU"
"MK182QU",10,51.9370782285883,-0.976169563840959,064,"Y52","Q38","11","UB","HU"
"MK182QX",10,51.9369030039563,-0.975664434161104,064,"Y52","Q38","11","UB","HU"
"MK182QY",10,51.9367832235536,-0.976365377729201,064,"Y52","Q38","11","UB","HU"
"MK182RH",10,51.9385041649227,-0.98197034835443,064,"Y52","Q38","11","UB","HU"
"MK182RJ",10,51.9373953831509,-0.980598988320153,064,"Y52","Q38","11","UB","HU"
"MK182RL",10,51.9377723518372,-0.979484913115387,064,"Y52","Q38","11","UB","HU"
"MK182RP",10,51.9382932307055,-0.979414910290858,064,"Y52","Q38","11","UB","HU"
"MK182RR",10,51.9389983858056,-0.980897241432573,064,"Y52","Q38","11","UB","HU"
"MK182SA",10,51.9389556924337,-0.98636783074768,064,"Y52","Q38","11","UB","HU"
"MK182SB",10,51.9384580208402,-0.986000830154166,064,"Y52","Q38","11","UB","HU"
"MK182WS",10,52.000612555461,-0.985908314542347,064,"Y52","Q38","11","UB","GX"
"MK182WU",10,52.000612555461,-0.985908314542347,064,"Y52","Q38","11","UB","GX"
"MK182WW",10,52.000612555461,-0.985908314542347,064,"Y52","Q38","11","UB","GX"
"MK182WX",10,52.000612555461,-0.985908314542347,064,"Y52","Q38","11","UB","GX"
"MK182ZE",10,52.000612555461,-0.985908314542347,064,"Y52","Q38","11","UB","GX"
"MK182ZQ",10,52.000612555461,-0.985908314542347,064,"Y52","Q38","11","UB","GX"
"MK182ZW",10,52.000612555461,-0.985908314542347,064,"Y52","Q38","11","UB","GX"
"MK183AB",10,51.941304219285,-0.882255338935947,064,"Y52","Q38","11","UB","JE"
"MK183AD",10,51.941651341022,-0.881883016409539,064,"Y52","Q38","11","UB","JE"
"MK183AF",10,51.94126481093,-0.881892625014853,064,"Y52","Q38","11","UB","JE"
"MK183AH",10,51.9407536766388,-0.882036258851627,064,"Y52","Q38","11","UB","JE"
"MK183AJ",10,51.9406209116169,-0.882257771483563,064,"Y52","Q38","11","UB","JE"
"MK183AL",10,51.9413951945805,-0.883315065415018,064,"Y52","Q38","11","UB","JE"
"MK183AN",10,51.941827773625,-0.883420708996798,064,"Y52","Q38","11","UB","JE"
"MK183AP",10,51.9412393204749,-0.883944487176823,064,"Y52","Q38","11","UB","JE"
"MK183AQ",10,51.9408121669555,-0.882514875312949,064,"Y52","Q38","11","UB","JE"
"MK183AR",10,51.9413806876895,-0.886530481267529,064,"Y52","Q38","11","UB","JE"
"MK183AS",10,51.9417170136111,-0.888820718628097,064,"Y52","Q38","11","UB","JE"
"MK183AT",10,51.9413617715076,-0.888334871067636,064,"Y52","Q38","11","UB","JE"
"MK183AU",10,51.9407634098545,-0.887811399680928,064,"Y52","Q38","11","UB","JE"
"MK183AW",10,51.9412856106057,-0.885034418572987,064,"Y52","Q38","11","UB","JE"
"MK183AX",10,51.9404675134129,-0.88694586812731,064,"Y52","Q38","11","UB","JE"
"MK183AY",10,51.939696238743,-0.887154066871334,064,"Y52","Q38","11","UB","JE"
"MK183AZ",10,51.9402971485061,-0.88889943665664,064,"Y52","Q38","11","UB","JE"
"MK183BA",10,51.9420179499833,-0.886412869591946,064,"Y52","Q38","11","UB","JE"
"MK183BB",10,51.9430200274082,-0.88209631206456,064,"Y52","Q38","11","UB","JE"
"MK183BD",10,51.9434937863671,-0.883699414333219,064,"Y52","Q38","11","UB","JE"
"MK183BE",10,51.9429952499455,-0.883275339277784,064,"Y52","Q38","11","UB","JE"
"MK183BG",10,51.9432793132846,-0.882890028296107,064,"Y52","Q38","11","UB","JE"
"MK183BH",10,51.9427696352181,-0.885084919548466,064,"Y52","Q38","11","UB","JE"
"MK183BJ",10,51.942561266281,-0.883969877482453,064,"Y52","Q38","11","UB","JE"
"MK183BL",10,51.9427167895666,-0.888054061035531,064,"Y52","Q38","11","UB","JE"
"MK183BN",10,51.9422707681534,-0.888428788879457,064,"Y52","Q38","11","UB","JE"
"MK183BP",10,51.9396810624925,-0.886499817828092,064,"Y52","Q38","11","UB","JE"
"MK183BQ",10,51.9406341796466,-0.882708415042172,064,"Y52","Q38","11","UB","JE"
"MK183BS",10,51.938703314452,-0.886742224176615,064,"Y52","Q38","11","UB","JE"
"MK183BT",10,51.9386964371517,-0.886015049720305,064,"Y52","Q38","11","UB","JE"
"MK183BU",10,51.9381824971302,-0.886813300168868,064,"Y52","Q38","11","UB","JE"
"MK183BW",10,51.9452697018226,-0.892763018788463,064,"Y52","Q38","11","UB","JE"
"MK183BX",10,51.9420767874679,-0.885029354040429,064,"Y52","Q38","11","UB","JE"
"MK183BY",10,51.9419448972224,-0.889149691453119,064,"Y52","Q38","11","UB","JE"
"MK183DA",10,51.9192900039646,-0.887556830722403,064,"Y52","Q38","11","UB","HW"
"MK183DB",10,51.9445364513854,-0.885564876478007,064,"Y52","Q38","11","UB","JE"
"MK183DD",10,51.9477090955291,-0.876916410932058,064,"Y52","Q38","11","UB","JE"
"MK183DE",10,51.9481747474109,-0.883335866942822,064,"Y52","Q38","11","UB","JE"
"MK183DF",10,51.9442970899264,-0.884974310742017,064,"Y52","Q38","11","UB","JE"
"MK183DG",10,51.9442656408164,-0.88165798712629,064,"Y52","Q38","11","UB","JE"
"MK183DH",10,51.9445759471675,-0.883090602130296,064,"Y52","Q38","11","UB","JE"
"MK183DJ",10,51.9447865580832,-0.883492739934008,064,"Y52","Q38","11","UB","JE"
"MK183DL",10,51.945989162509,-0.883259193554922,064,"Y52","Q38","11","UB","JE"
"MK183DN",10,51.9456492534241,-0.882496529359602,064,"Y52","Q38","11","UB","JE"
"MK183DP",10,51.9451327346752,-0.8820728946396,064,"Y52","Q38","11","UB","JE"
"MK183DQ",10,51.9448839522251,-0.881438927148086,064,"Y52","Q38","11","UB","JE"
"MK183DR",10,51.9459901477488,-0.882415312157906,064,"Y52","Q38","11","UB","JE"
"MK183DS",10,51.9438954187661,-0.882438267825482,064,"Y52","Q38","11","UB","JE"
"MK183DT",10,51.9471344981827,-0.883623591360184,064,"Y52","Q38","11","UB","JE"
"MK183DU",10,51.947115352562,-0.885399120248022,064,"Y52","Q38","11","UB","JE"
"MK183DW",10,51.9448898747908,-0.883010061267469,064,"Y52","Q38","11","UB","JE"
"MK183DX",10,51.9479788543281,-0.885435916913072,064,"Y52","Q38","11","UB","JE"
"MK183DY",10,51.9475827103785,-0.883481516355945,064,"Y52","Q38","11","UB","JE"
"MK183DZ",10,51.9481226454879,-0.880689070105182,064,"Y52","Q38","11","UB","JE"
"MK183EA",10,51.9487962586221,-0.878722579984787,064,"Y52","Q38","11","UB","JE"
"MK183EB",10,51.9424036661642,-0.880627725635076,064,"Y52","Q38","11","UB","JE"
"MK183ED",10,52.000612555461,-0.985908314542347,064,"Y52","Q38","11","UB","GX"
"MK183EH",10,51.9481511327049,-0.879902663186923,064,"Y52","Q38","11","UB","JE"
"MK183EJ",10,51.947160805111,-0.87882155766514,064,"Y52","Q38","11","UB","JE"
"MK183EL",10,51.9463380914197,-0.878347390280876,064,"Y52","Q38","11","UB","JE"
"MK183EN",10,51.9458043573672,-0.876120124934039,064,"Y52","Q38","11","UB","JE"
"MK183EP",10,51.9466124560434,-0.87788951369025,064,"Y52","Q38","11","UB","JE"
"MK183ER",10,51.9410272526194,-0.888139471634356,064,"Y52","Q38","11","UB","JE"
"MK183ES",10,51.9471678652073,-0.881454866812744,064,"Y52","Q38","11","UB","JE"
"MK183ET",10,51.946936837923,-0.873254655523569,064,"Y52","Q38","11","UB","JE"
"MK183EU",10,51.9453731627944,-0.873337479772997,064,"Y52","Q38","11","UB","JE"
"MK183EW",10,51.946591401175,-0.876624236151515,064,"Y52","Q38","11","UB","JE"
"MK183EX",10,51.9476197841872,-0.877922577063927,064,"Y52","Q38","11","UB","JE"
"MK183FA",10,51.9414341172715,-0.885525361829387,064,"Y52","Q38","11","UB","JE"
"MK183FD",10,51.9491278987978,-0.880503994307056,064,"Y52","Q38","11","UB","JE"
"MK183FE",10,51.9498334234147,-0.877168913582233,064,"Y52","Q38","11","UB","JE"
"MK183FH",10,51.9495857712781,-0.878542837848225,064,"Y52","Q38","11","UB","JE"
"MK183FJ",10,51.9493700459048,-0.879493991216917,064,"Y52","Q38","11","UB","JE"
"MK183FL",10,51.9406763163477,-0.884307597459994,064,"Y52","Q38","11","UB","JE"
"MK183FN",50,51.9406763163477,-0.884307597459994,064,"Y52","Q38","11","UB","JE"
"MK183FR",10,51.9468439867159,-0.880488103776005,064,"Y52","Q38","11","UB","JE"
"MK183GA",10,51.9427042835973,-0.886730485044971,064,"Y52","Q38","11","UB","JE"
"MK183GY",10,51.8897955380962,-0.895812198186255,064,"Y52","Q38","11","UB","HR"
"MK183HA",10,51.9463877372278,-0.882623672364233,064,"Y52","Q38","11","UB","JE"
"MK183HB",10,51.9430648444181,-0.881135009514694,064,"Y52","Q38","11","UB","JE"
"MK183HD",10,51.9430326189404,-0.881528615337553,064,"Y52","Q38","11","UB","JE"
"MK183HE",10,51.9423056094928,-0.881663078774941,064,"Y52","Q38","11","UB","JE"
"MK183HF",10,51.9416906224807,-0.881285577344956,064,"Y52","Q38","11","UB","JE"
"MK183HG",10,51.9416906224807,-0.881285577344956,064,"Y52","Q38","11","UB","JE"
"MK183HH",10,51.942642634643,-0.881174608969427,064,"Y52","Q38","11","UB","JE"
"MK183HJ",10,51.9404469116188,-0.877199576666963,064,"Y52","Q38","11","UB","JE"
"MK183HL",10,51.9411682749649,-0.878359933568143,064,"Y52","Q38","11","UB","JE"
"MK183HN",10,51.9408086926983,-0.877423307190578,064,"Y52","Q38","11","UB","JE"
"MK183HP",10,51.9447137998514,-0.876787527494087,064,"Y52","Q38","11","UB","JE"
"MK183HQ",10,51.9424457042846,-0.881266796365903,064,"Y52","Q38","11","UB","JE"
"MK183HR",10,51.9404888295763,-0.877824072101715,064,"Y52","Q38","11","UB","JE"
"MK183HS",10,51.9417566074917,-0.874999246377347,064,"Y52","Q38","11","UB","JE"
"MK183HT",10,51.9413843463799,-0.875561372800572,064,"Y52","Q38","11","UB","JE"
"MK183HU",10,51.9417429719593,-0.87639618501288,064,"Y52","Q38","11","UB","JE"
"MK183HW",10,51.9443467431982,-0.876011063043836,064,"Y52","Q38","11","UB","JE"
"MK183HX",10,51.941902329541,-0.878021573497292,064,"Y52","Q38","11","UB","JE"
"MK183HY",10,51.9420096206777,-0.877015086793141,064,"Y52","Q38","11","UB","JE"
"MK183HZ",10,51.9423918491796,-0.876554552289673,064,"Y52","Q38","11","UB","JE"
"MK183JA",10,51.943308975533,-0.87561509454886,064,"Y52","Q38","11","UB","JE"
"MK183JB",10,51.9428898545167,-0.876920367680163,064,"Y52","Q38","11","UB","JE"
"MK183JD",10,51.9430260469091,-0.876116810074535,064,"Y52","Q38","11","UB","JE"
"MK183JE",10,51.9437811812223,-0.877989251483577,064,"Y52","Q38","11","UB","JE"
"MK183JF",10,51.9448533518312,-0.87727870464684,064,"Y52","Q38","11","UB","JE"
"MK183JG",10,51.9437847006959,-0.875530458579243,064,"Y52","Q38","11","UB","JE"
"MK183JH",10,51.9394229135804,-0.872599145857364,064,"Y52","Q38","11","UB","JE"
"MK183JJ",10,51.9402087868693,-0.870164580312306,064,"Y52","Q38","11","UB","JE"
"MK183JL",10,51.9380326800581,-0.871077491984103,064,"Y52","Q38","11","UB","JE"
"MK183JN",10,51.9472882448599,-0.865840056764843,064,"Y52","Q38","11","UB","JE"
"MK183JP",10,51.947839490877,-0.876447558690946,064,"Y52","Q38","11","UB","JE"
"MK183JQ",10,51.942141468999,-0.874815043811398,064,"Y52","Q38","11","UB","JE"
"MK183JR",10,51.9438532332778,-0.874233921911938,064,"Y52","Q38","11","UB","JE"
"MK183JS",10,51.9479828469318,-0.872631899851708,064,"Y52","Q38","11","UB","JE"
"MK183JT",10,51.9484221275409,-0.871558732576458,064,"Y52","Q38","11","UB","JE"
"MK183JU",10,51.9468282810095,-0.871307736944439,064,"Y52","Q38","11","UB","JE"
"MK183JW",10,51.9502793434636,-0.86553180136116,064,"Y52","Q38","11","UB","JE"
"MK183JX",10,51.912199289299,-0.886961494301811,064,"Y52","Q38","11","UB","HW"
"MK183JY",10,51.89763514315,-0.913118518477933,064,"Y52","Q38","11","UB","HR"
"MK183JZ",10,51.8941339136919,-0.897260856416254,064,"Y52","Q38","11","UB","HR"
"MK183LA",10,51.8986735512756,-0.927322174261896,064,"Y52","Q38","11","UB","HR"
"MK183LB",10,51.9091349753405,-0.909235730340912,064,"Y52","Q38","11","UB","HR"
"MK183LD",10,51.8944832431322,-0.899039815640193,064,"Y52","Q38","11","UB","HR"
"MK183LE",10,51.9249183749344,-0.860281499166816,064,"Y52","Q38","11","UB","HW"
"MK183LF",10,51.9238776681624,-0.854956347518255,064,"Y52","Q38","11","UB","HW"
"MK183LG",10,51.909596899103,-0.844561748533059,064,"Y52","Q38","11","UB","HW"
"MK183LH",10,51.9178667808052,-0.825272727823513,064,"Y52","Q38","11","UB","HW"
"MK183LJ",10,51.9185374593731,-0.827610778134122,064,"Y52","Q38","11","UB","HW"
"MK183LL",10,51.9181602238839,-0.826748183417714,064,"Y52","Q38","11","UB","HW"
"MK183LN",10,51.9122856467937,-0.792634144412894,064,"Y52","Q38","11","UB","HW"
"MK183LQ",10,51.9183396619192,-0.829418936884905,064,"Y52","Q38","11","UB","HW"
"MK183LR",10,51.9196057796137,-0.886720205946574,064,"Y52","Q38","11","UB","HW"
"MK183LS",10,51.9503209684741,-0.870798096140751,064,"Y52","Q38","11","UB","JE"
"MK183LT",10,51.9496854694567,-0.872036294579956,064,"Y52","Q38","11","UB","JE"
"MK183LU",10,51.9491282136158,-0.872996041781023,064,"Y52","Q38","11","UB","JE"
"MK183LW",10,51.9097199190274,-0.806426466459676,064,"Y52","Q38","11","UB","HW"
"MK183LX",10,51.9560461775168,-0.885672492286918,064,"Y52","Q38","11","UB","HF"
"MK183LY",10,51.9513283665798,-0.884043300879786,064,"Y52","Q38","11","UB","JE"
"MK183LZ",10,51.952352560274,-0.892530396830659,064,"Y52","Q38","11","UB","JE"
"MK183NA",10,51.9504958694856,-0.897799829354188,064,"Y52","Q38","11","UB","JE"
"MK183NB",10,51.9485567931093,-0.891416225773321,064,"Y52","Q38","11","UB","JE"
"MK183ND",10,51.9328820086017,-0.904529353272913,064,"Y52","Q38","11","UB","JE"
"MK183NE",10,51.9416104000002,-0.882305921545781,064,"Y52","Q38","11","UB","JE"
"MK183NF",10,51.9279247306906,-0.910976405214727,064,"Y52","Q38","11","UB","HU"
"MK183NG",10,51.9324469186101,-0.888802408332765,064,"Y52","Q38","11","UB","JE"
"MK183NH",10,51.9233375005868,-0.886758781698462,064,"Y52","Q38","11","UB","HW"
"MK183NJ",10,51.920232130701,-0.886399355603178,064,"Y52","Q38","11","UB","HW"
"MK183NL",10,51.9201279697842,-0.890604248738632,064,"Y52","Q38","11","UB","HW"
"MK183NN",10,51.9179133501738,-0.886500337301914,064,"Y52","Q38","11","UB","HW"
"MK183NP",10,51.9170253068599,-0.884821135653011,064,"Y52","Q38","11","UB","HW"
"MK183NQ",10,51.9232427436182,-0.887197382277004,064,"Y52","Q38","11","UB","HW"
"MK183NR",10,51.9499911274335,-0.874851436376623,064,"Y52","Q38","11","UB","JE"
"MK183NS",10,51.9173829028245,-0.885553817545023,064,"Y52","Q38","11","UB","HW"
"MK183NT",10,51.9191874832808,-0.881481398701101,064,"Y52","Q38","11","UB","HW"
"MK183NU",10,51.9212392071162,-0.888308426368748,064,"Y52","Q38","11","UB","HW"
"MK183NW",10,51.9171820685105,-0.886184006614552,064,"Y52","Q38","11","UB","HW"
"MK183PA",10,51.8996697150686,-0.876050638242847,064,"Y52","Q38","11","UB","HR"
"MK183PB",10,51.8983226412563,-0.880938555535529,064,"Y52","Q38","11","UB","HR"
"MK183PD",10,51.8978678669299,-0.875674115819448,064,"Y52","Q38","11","UB","HR"
"MK183PE",10,51.8976358275582,-0.87303478452215,064,"Y52","Q38","11","UB","HR"
"MK183PF",10,51.8984851336741,-0.869714338569626,064,"Y52","Q38","11","UB","HR"
"MK183PG",10,51.9090019461405,-0.866601071695707,064,"Y52","Q38","11","UB","HR"
"MK183PH",10,51.896921791778,-0.872645710947621,064,"Y52","Q38","11","UB","HR"
"MK183PJ",10,51.8957662310471,-0.873096084793525,064,"Y52","Q38","11","UB","HR"
"MK183PL",10,51.8951696620205,-0.873706853108596,064,"Y52","Q38","11","UB","HR"
"MK183PN",10,51.8998874204078,-0.877193421004144,064,"Y52","Q38","11","UB","HR"
"MK183PP",10,51.9011521448424,-0.878760720502388,064,"Y52","Q38","11","UB","HR"
"MK183PQ",10,51.9042007290767,-0.856386962159234,064,"Y52","Q38","11","UB","HR"
"MK183PR",10,51.899038041434,-0.880528363582439,064,"Y52","Q38","11","UB","HR"
"MK183PS",10,51.8978680388842,-0.886094779294276,064,"Y52","Q38","11","UB","HR"
"MK183PT",10,51.89601519516,-0.873743847720458,064,"Y52","Q38","11","UB","HR"
"MK183PU",10,51.8946845856879,-0.886987316177366,064,"Y52","Q38","11","UB","HR"
"MK183PW",10,51.9005716789509,-0.876347893775394,064,"Y52","Q38","11","UB","HR"
"MK183PX",10,51.9477037413255,-0.874472174798257,064,"Y52","Q38","11","UB","JE"
"MK183PY",10,51.9501706628671,-0.872940812480394,064,"Y52","Q38","11","UB","JE"
"MK183PZ",10,51.950347300458,-0.873547513473606,064,"Y52","Q38","11","UB","JE"
"MK183QA",10,51.9473424560736,-0.876183532761837,064,"Y52","Q38","11","UB","JE"
"MK183QB",10,51.9472926509995,-0.875675538376591,064,"Y52","Q38","11","UB","JE"
"MK183QD",10,51.9485898103047,-0.874988350633275,064,"Y52","Q38","11","UB","JE"
"MK183QF",10,51.8985512479031,-0.879450415999619,064,"Y52","Q38","11","UB","HR"
"MK183QH",10,51.9482538732884,-0.882199002812924,064,"Y52","Q38","11","UB","JE"
"MK183QJ",10,51.9402744347184,-0.88935096713703,064,"Y52","Q38","11","UB","JE"
"MK183QL",10,51.899046968167,-0.875804562335378,064,"Y52","Q38","11","UB","HR"
"MK183QP",10,51.9410598145986,-0.883978036496309,064,"Y52","Q38","11","UB","JE"
"MK183QR",10,51.94080567896,-0.878994521609204,064,"Y52","Q38","11","UB","JE"
"MK183QS",10,51.9205098307447,-0.886290698348239,064,"Y52","Q38","11","UB","HW"
"MK183QT",10,51.9488928744996,-0.876595841142169,064,"Y52","Q38","11","UB","JE"
"MK183QU",10,51.9487642817937,-0.877253811073349,064,"Y52","Q38","11","UB","JE"
"MK183QW",10,51.9439032231307,-0.885158658527597,064,"Y52","Q38","11","UB","JE"
"MK183QZ",10,51.9492036354413,-0.877126438594008,064,"Y52","Q38","11","UB","JE"
"MK183RA",10,51.8985335406286,-0.878535219256173,064,"Y52","Q38","11","UB","HR"
"MK183RB",10,51.9458784785411,-0.88486235625287,064,"Y52","Q38","11","UB","JE"
"MK183RD",10,51.940652342291,-0.885573827018456,064,"Y52","Q38","11","UB","JE"
"MK183RG",10,51.9417999566482,-0.890942661942802,064,"Y52","Q38","11","UB","JE"
"MK183RH",10,51.9433581937069,-0.885521330195882,064,"Y52","Q38","11","UB","JE"
"MK183RJ",10,51.9435398035596,-0.884760309961867,064,"Y52","Q38","11","UB","JE"
"MK183RQ",10,51.9479970640407,-0.878829807410247,064,"Y52","Q38","11","UB","JE"
"MK183RR",10,51.9187650327473,-0.82969868573124,064,"Y52","Q38","11","UB","HW"
"MK183RS",10,51.9505609715149,-0.89803104503415,064,"Y52","Q38","11","UB","JE"
"MK183RW",10,51.9407612932595,-0.880945002020467,064,"Y52","Q38","11","UB","JE"
"MK183RX",10,51.9478422924757,-0.877684227112632,064,"Y52","Q38","11","UB","JE"
"MK183RY",10,51.9110965864159,-0.792418881418897,064,"Y52","Q38","11","UB","HW"
"MK183RZ",10,51.9080296286018,-0.882456330842346,064,"Y52","Q38","11","UB","HR"
"MK183WA",10,52.000612555461,-0.985908314542347,064,"Y52","Q38","11","UB","GX"
"MK183WS",10,52.000612555461,-0.985908314542347,064,"Y52","Q38","11","UB","GX"
"MK183WW",10,52.000612555461,-0.985908314542347,064,"Y52","Q38","11","UB","GX"
"MK183WY",10,52.000612555461,-0.985908314542347,064,"Y52","Q38","11","UB","GX"
"MK183YY",10,52.000612555461,-0.985908314542347,064,"Y52","Q38","11","UB","GX"
"MK183YZ",10,51.9433647999882,-0.881476709343051,064,"Y52","Q38","11","UB","JE"
"MK183ZQ",10,52.000612555461,-0.985908314542347,064,"Y52","Q38","11","UB","GX"
"MK183ZS",10,52.000612555461,-0.985908314542347,064,"Y52","Q38","11","UB","GX"
"MK183ZX",10,52.000612555461,-0.985908314542347,064,"Y52","Q38","11","UB","GX"
"MK184AA",10,51.9922409098316,-1.01117681699553,064,"Y52","Q38","11","UB","HX"
"MK184AB",10,51.9999197998671,-1.01553787558761,064,"Y52","Q38","11","UB","HX"
"MK184AD",10,51.9919041041624,-1.07715896905454,064,"Y52","Q38","38","UB","HC"
"MK184AE",10,51.9955597213576,-1.0177600044973,064,"Y52","Q38","11","UB","HX"
"MK184AF",10,51.9876432642692,-1.0346364660681,064,"Y52","Q38","11","UB","HX"
"MK184AG",10,51.9890612735326,-1.06780968898676,064,"Y52","Q38","11","UB","HX"
"MK184AH",10,51.9876531645553,-1.09594462464583,064,"Y52","Q38","38","UB","HC"
"MK184AJ",10,51.9938564129,-1.09236792730696,064,"Y52","Q38","38","UB","HC"
"MK184AL",10,51.9906053571758,-1.07549629424609,064,"Y52","Q38","38","UB","HC"
"MK184AN",10,51.9891394803919,-1.07088086619787,064,"Y52","Q38","38","UB","HC"
"MK184AP",10,51.9901682621188,-1.07250524007231,064,"Y52","Q38","38","UB","HC"
"MK184AQ",10,51.9878135343437,-1.07834978887287,064,"Y52","Q38","38","UB","HC"
"MK184AR",10,51.9897607521593,-1.07213501303215,064,"Y52","Q38","38","UB","HC"
"MK184AS",10,51.9928667982777,-1.07839170693162,064,"Y52","Q38","38","UB","HC"
"MK184AT",10,51.9965233707728,-1.0688928120067,064,"Y52","Q38","38","UB","HC"
"MK184AU",10,51.9759051352754,-1.08587346802542,064,"Y52","Q38","38","UB","HC"
"MK184AW",10,51.9900304771304,-1.07099350041502,064,"Y52","Q38","38","UB","HC"
"MK184AX",10,51.9733983690787,-1.09074313830699,064,"Y52","Q38","38","UB","HC"
"MK184AY",10,51.9727729157185,-1.09125075716278,064,"Y52","Q38","38","UB","HC"
"MK184AZ",10,51.9703616796551,-1.09103749579141,064,"Y52","Q38","38","UB","HC"
"MK184BA",10,51.9619106553968,-1.09110651974934,064,"Y52","Q38","11","UB","HX"
"MK184BB",10,51.9642150824724,-1.05938834901533,064,"Y52","Q38","11","UB","HX"
"MK184BD",10,51.9866846340498,-1.05054450646173,064,"Y52","Q38","11","UB","HX"
"MK184BE",10,51.9895098491062,-1.07452855447059,064,"Y52","Q38","38","UB","HC"
"MK184BG",10,51.9913871041447,-1.07543650735295,064,"Y52","Q38","38","UB","HC"
"MK184BH",10,51.9889375977653,-1.06922486462168,064,"Y52","Q38","38","UB","HC"
"MK184BL",10,51.9905629526268,-1.01157785812963,064,"Y52","Q38","11","UB","HX"
"MK184BN",10,52.000612555461,-0.985908314542347,064,"Y52","Q38","11","UB","GX"
"MK184BP",10,51.9786667737571,-0.982938604802424,064,"Y52","Q38","11","UB","HX"
"MK184BQ",10,51.9910182230015,-1.07655093940516,064,"Y52","Q38","38","UB","HC"
"MK184BS",10,51.9777665084221,-0.992218786604976,064,"Y52","Q38","11","UB","HX"
"MK184BT",10,51.9757846478619,-0.984445175131186,064,"Y52","Q38","11","UB","HX"
"MK184BU",10,51.9820337283959,-0.994962402136826,064,"Y52","Q38","11","UB","HX"
"MK184BW",10,51.9898632234866,-1.07602128784526,064,"Y52","Q38","38","UB","HC"
"MK184BX",10,51.9648952932746,-1.01608692382689,064,"Y52","Q38","11","UB","HM"
"MK184BY",10,51.9594441297528,-0.989238646269655,064,"Y52","Q38","11","UB","HM"
"MK184BZ",10,51.9566066479382,-1.0044516643661,064,"Y52","Q38","11","UB","HM"
"MK184DA",10,51.9568079908637,-1.00380689024555,064,"Y52","Q38","11","UB","HM"
"MK184DB",10,51.9550839974051,-1.00301562266134,064,"Y52","Q38","11","UB","HM"
"MK184DD",10,51.9634664955995,-1.00974321229896,064,"Y52","Q38","11","UB","HM"
"MK184DE",10,51.964851529365,-1.00872294042638,064,"Y52","Q38","11","UB","HM"
"MK184DF",10,51.9897178295429,-1.01158189803025,064,"Y52","Q38","11","UB","HX"
"MK184DG",10,51.9970419269764,-1.02735546746742,064,"Y52","Q38","11","UB","HX"
"MK184DH",10,51.9895994856635,-1.06878881280973,064,"Y52","Q38","38","UB","HC"
"MK184DL",10,51.9683255430384,-1.07205362728727,064,"Y52","Q38","11","UB","HX"
"MK184DN",10,51.9822576005797,-1.02480716628301,064,"Y52","Q38","11","UB","HX"
"MK184DP",10,51.9519179785295,-1.0463023498723,064,"Y52","Q38","11","UB","HM"
"MK184DQ",10,52.000612555461,-0.985908314542347,064,"Y52","Q38","11","UB","GX"
"MK184DR",10,51.9469594838151,-1.03692129610782,064,"Y52","Q38","11","UB","HM"
"MK184DS",10,51.9432830577255,-1.03813477710359,064,"Y52","Q38","11","UB","HM"
"MK184DT",10,51.9501491092712,-1.02572189920676,064,"Y52","Q38","11","UB","HM"
"MK184DU",10,51.9496991119281,-1.01916946219403,064,"Y52","Q38","11","UB","HM"
"MK184DW",10,51.9781704295401,-1.04169757573686,064,"Y52","Q38","11","UB","HX"
"MK184DX",10,51.9408032641691,-1.02522605656131,064,"Y52","Q38","11","UB","HM"
"MK184DY",10,51.9362440273775,-1.02080105161913,064,"Y52","Q38","11","UB","HM"
"MK184DZ",10,51.9352418711209,-1.01922284361046,064,"Y52","Q38","11","UB","HM"
"MK184EA",10,51.9276521337695,-1.02123523903112,064,"Y52","Q38","11","UB","HM"
"MK184EB",10,51.9283129459848,-1.02719819750985,064,"Y52","Q38","11","UB","HM"
"MK184ED",10,51.9298390123388,-1.03126657976668,064,"Y52","Q38","11","UB","HM"
"MK184EE",10,51.9302752658405,-1.03292974945082,064,"Y52","Q38","11","UB","HM"
"MK184EF",10,51.9293631431945,-1.03244032083452,064,"Y52","Q38","11","UB","HM"
"MK184EG",10,51.9312444448955,-1.03599231667482,064,"Y52","Q38","11","UB","HM"
"MK184EH",10,51.9302812354803,-1.03804911183182,064,"Y52","Q38","11","UB","HM"
"MK184EJ",10,51.9304720349949,-1.03829228229765,064,"Y52","Q38","11","UB","HM"
"MK184EL",10,51.9295995097972,-1.04044886497958,064,"Y52","Q38","11","UB","HM"
"MK184EN",10,51.9295659212537,-1.04074045660014,064,"Y52","Q38","11","UB","HM"
"MK184EP",10,51.9320639772628,-1.03505845057156,064,"Y52","Q38","11","UB","HM"
"MK184EQ",10,51.9311310327881,-1.03641653046844,064,"Y52","Q38","11","UB","HM"
"MK184ER",10,51.9327028292375,-1.03511747443732,064,"Y52","Q38","11","UB","HM"
"MK184ES",10,51.9330469831253,-1.03432466970617,064,"Y52","Q38","11","UB","HM"
"MK184ET",10,51.9345912718607,-1.03405879896695,064,"Y52","Q38","11","UB","HM"
"MK184EU",10,51.9339230204814,-1.03480040445014,064,"Y52","Q38","11","UB","HM"
"MK184EW",10,51.9243716207354,-1.04326514963135,064,"Y52","Q38","11","UB","HM"
"MK184EX",10,51.9338194854585,-1.03423536448322,064,"Y52","Q38","11","UB","HM"
"MK184EY",10,51.933048813735,-1.03345193617087,064,"Y52","Q38","11","UB","HM"
"MK184EZ",10,51.9324463026295,-1.03563204003228,064,"Y52","Q38","11","UB","HM"
"MK184FD",10,51.9885533126278,-1.01102501448109,064,"Y52","Q38","11","UB","HX"
"MK184FE",10,51.9325558225074,-1.03363706287426,064,"Y52","Q38","11","UB","HM"
"MK184FG",10,51.98144187587,-1.01537505378321,064,"Y52","Q38","11","UB","HX"
"MK184HA",10,51.9377250350763,-1.0467923559011,064,"Y52","Q38","11","UB","HM"
"MK184HB",10,51.974748046224,-1.04319729860261,064,"Y52","Q38","11","UB","HX"
"MK184HE",10,51.9339019822102,-1.03333179259039,064,"Y52","Q38","11","UB","HM"
"MK184HF",10,51.9804138499796,-1.02582273184758,064,"Y52","Q38","11","UB","HX"
"MK184HJ",10,51.9811334689082,-1.00968865971577,064,"Y52","Q38","11","UB","HX"
"MK184HL",10,51.9809473701599,-1.01215347692324,064,"Y52","Q38","11","UB","HX"
"MK184HN",10,51.9805796982289,-1.01334094860986,064,"Y52","Q38","11","UB","HX"
"MK184HP",10,51.9807236789274,-1.01442981321415,064,"Y52","Q38","11","UB","HX"
"MK184HR",10,51.9810397691478,-1.01459760320824,064,"Y52","Q38","11","UB","HX"
"MK184HS",10,51.981548178457,-1.01626092186245,064,"Y52","Q38","11","UB","HX"
"MK184HT",10,51.9841230913765,-1.02099524392098,064,"Y52","Q38","11","UB","HX"
"MK184HU",10,51.9817916399625,-1.01204754460841,064,"Y52","Q38","11","UB","HX"
"MK184HW",10,51.980293988363,-1.01358018797933,064,"Y52","Q38","11","UB","HX"
"MK184HX",10,51.9815748375135,-1.01299875491861,064,"Y52","Q38","11","UB","HX"
"MK184HY",10,51.9806594790104,-1.00999031681519,064,"Y52","Q38","11","UB","HX"
"MK184HZ",10,51.9812458509264,-1.01236532055133,064,"Y52","Q38","11","UB","HX"
"MK184JA",10,51.9836522261807,-1.05695732589507,064,"Y52","Q38","11","UB","HX"
"MK184JB",10,51.9872458738151,-1.01165086971441,064,"Y52","Q38","11","UB","HX"
"MK184JD",10,51.9815763697849,-1.00782969275452,064,"Y52","Q38","11","UB","HX"
"MK184JE",10,51.9811044683351,-1.0083788548204,064,"Y52","Q38","11","UB","HX"
"MK184JF",10,51.978090885593,-1.00605761812362,064,"Y52","Q38","11","UB","HX"
"MK184JG",10,51.9794925078168,-1.00487636671825,064,"Y52","Q38","11","UB","HX"
"MK184JH",10,51.9818120124556,-1.01126081769196,064,"Y52","Q38","11","UB","HX"
"MK184JJ",10,51.9793481980822,-1.01552286614401,064,"Y52","Q38","11","UB","HX"
"MK184JQ",10,51.9817340377975,-1.00626821524276,064,"Y52","Q38","11","UB","HX"
"MK184JR",10,51.9652422495683,-1.04402555900651,064,"Y52","Q38","11","UB","HM"
"MK184JS",10,51.9742122050269,-1.0559034737931,064,"Y52","Q38","11","UB","HX"
"MK184JT",10,51.9776872943602,-1.05534998651705,064,"Y52","Q38","11","UB","HX"
"MK184JU",10,51.9736998689351,-1.06494022319689,064,"Y52","Q38","11","UB","HX"
"MK184JX",10,51.9736018796971,-1.07073634622788,064,"Y52","Q38","11","UB","HX"
"MK184JY",10,51.9776992992482,-1.0749902707112,064,"Y52","Q38","11","UB","HX"
"MK184JZ",10,51.967685105244,-1.07179028590752,064,"Y52","Q38","11","UB","HX"
"MK184LA",10,51.9648820789727,-1.07435166469579,064,"Y52","Q38","11","UB","HX"
"MK184LB",10,51.9628115640586,-1.06946032966444,064,"Y52","Q38","11","UB","HX"
"MK184LD",10,51.9578341329641,-1.06764237863505,064,"Y52","Q38","11","UB","HX"
"MK184LE",10,51.9562771728181,-1.07658072538597,064,"Y52","Q38","11","UB","HX"
"MK184LF",10,51.9553207200627,-1.06475498130536,064,"Y52","Q38","11","UB","HX"
"MK184LG",10,51.9627554770202,-1.04337983370852,064,"Y52","Q38","11","UB","HM"
"MK184LH",10,51.9620799534773,-1.04434023943604,064,"Y52","Q38","11","UB","HM"
"MK184LJ",10,51.9637652545422,-1.04150987764222,064,"Y52","Q38","11","UB","HM"
"MK184LL",10,51.9625911742461,-1.04418382560738,064,"Y52","Q38","11","UB","HM"
"MK184LN",10,51.962996410283,-1.04426253569154,064,"Y52","Q38","11","UB","HM"
"MK184LP",10,51.9622467385548,-1.04384184569686,064,"Y52","Q38","11","UB","HM"
"MK184LQ",10,51.987914186264,-1.04360124645786,064,"Y52","Q38","11","UB","HX"
"MK184LR",10,51.9614166191498,-1.04458720757109,064,"Y52","Q38","11","UB","HM"
"MK184LS",10,51.9628267904924,-1.04441168770342,064,"Y52","Q38","11","UB","HM"
"MK184LT",10,51.9637350842034,-1.04443604127099,064,"Y52","Q38","11","UB","HM"
"MK184LU",10,51.9640874590075,-1.04354069827257,064,"Y52","Q38","11","UB","HM"
"MK184LX",10,51.9636314820605,-1.04274988790015,064,"Y52","Q38","11","UB","HM"
"MK184LY",10,51.964785210878,-1.04199755692325,064,"Y52","Q38","11","UB","HM"
"MK184NA",10,51.9639908991446,-1.03940915825424,064,"Y52","Q38","11","UB","HM"
"MK184ND",10,51.9656842357862,-1.0364764286521,064,"Y52","Q38","11","UB","HM"
"MK184NH",10,51.9899026169361,-1.04488415677073,064,"Y52","Q38","11","UB","HX"
"MK184NL",10,51.9902004251914,-1.04613027503998,064,"Y52","Q38","11","UB","HX"
"MK184NN",10,51.9905863826023,-1.0460492584847,064,"Y52","Q38","11","UB","HX"
"MK184NP",10,51.9906534880723,-1.04323706718117,064,"Y52","Q38","11","UB","HX"
"MK184NQ",10,51.9746902712189,-1.06285232446184,064,"Y52","Q38","11","UB","HX"
"MK184NR",10,51.990495921301,-1.04487153676925,064,"Y52","Q38","11","UB","HX"
"MK184NS",10,51.9904841924576,-1.04897869194125,064,"Y52","Q38","11","UB","HX"
"MK184NT",10,51.9905268473271,-1.04980790840958,064,"Y52","Q38","11","UB","HX"
"MK184NU",10,51.9913532231878,-1.05082444890281,064,"Y52","Q38","11","UB","HX"
"MK184NW",10,51.9905986012776,-1.04201489959048,064,"Y52","Q38","11","UB","HX"
"MK184NX",10,51.9913643948123,-1.04997951365483,064,"Y52","Q38","11","UB","HX"
"MK184NY",10,51.9919135180621,-1.0489484182008,064,"Y52","Q38","11","UB","HX"
"MK184PA",10,51.9916922417774,-1.05049687684917,064,"Y52","Q38","11","UB","HX"
"MK184PD",10,51.9967078179332,-1.04698246859218,064,"Y52","Q38","11","UB","HX"
"MK184PF",10,51.9903272894034,-1.05182188603889,064,"Y52","Q38","11","UB","HX"
"MK184PH",10,51.9897998177632,-1.04551256416427,064,"Y52","Q38","11","UB","HX"
"MK184PJ",10,51.9902035422849,-1.04318840069262,064,"Y52","Q38","11","UB","HX"
"MK184PL",10,51.9897747677731,-1.04242568377908,064,"Y52","Q38","11","UB","HX"
"MK184PP",10,51.9895332226766,-1.04479007150346,064,"Y52","Q38","11","UB","HX"
"MK184PQ",10,51.9947231994456,-1.05621502775637,064,"Y52","Q38","11","UB","HX"
"MK184PR",10,51.9891341491537,-1.04214808348289,064,"Y52","Q38","11","UB","HX"
"MK184PS",10,51.9901096249919,-1.0504720888643,064,"Y52","Q38","11","UB","HX"
"MK184PT",10,51.9897754886396,-1.05028983203599,064,"Y52","Q38","11","UB","HX"
"MK184PZ",10,51.98957126167,-1.0494931755828,064,"Y52","Q38","11","UB","HX"
"MK184QA",10,51.989386771711,-1.04891455525457,064,"Y52","Q38","11","UB","HX"
"MK184QB",10,51.9892593908296,-1.0487279329415,064,"Y52","Q38","11","UB","HX"
"MK184QD",10,51.989980547012,-1.04896023211024,064,"Y52","Q38","11","UB","HX"
"MK184QE",10,51.989239590904,-1.04961670083105,064,"Y52","Q38","11","UB","HX"
"MK184QF",10,51.9891545501019,-1.0468806448952,064,"Y52","Q38","11","UB","HX"
"MK184QG",10,51.9889223114188,-1.04818168012282,064,"Y52","Q38","11","UB","HX"
"MK184QH",10,51.9887098243275,-1.04636581908343,064,"Y52","Q38","11","UB","HX"
"MK184QJ",10,51.988993596763,-1.04587921331194,064,"Y52","Q38","11","UB","HX"
"MK184QL",10,51.9887546803714,-1.04524352047886,064,"Y52","Q38","11","UB","HX"
"MK184QN",10,51.9889387375788,-1.04465708729762,064,"Y52","Q38","11","UB","HX"
"MK184QP",10,51.9886121645813,-1.04429996269763,064,"Y52","Q38","11","UB","HX"
"MK184QQ",10,51.9888366992274,-1.04760097637081,064,"Y52","Q38","11","UB","HX"
"MK184QR",10,51.9886638567842,-1.04402216732024,064,"Y52","Q38","11","UB","HX"
"MK184QS",10,51.9886411407047,-1.04454691531548,064,"Y52","Q38","11","UB","HX"
"MK184QU",10,51.9883566820472,-1.04273261660407,064,"Y52","Q38","11","UB","HX"
"MK184QW",10,51.9887066644217,-1.04486590543212,064,"Y52","Q38","11","UB","HX"
"MK184QX",10,51.9895581932876,-1.04343516293239,064,"Y52","Q38","11","UB","HX"
"MK184QY",10,51.9910524441394,-1.04143723309965,064,"Y52","Q38","11","UB","HX"
"MK184QZ",10,51.9912651257408,-1.04326772566875,064,"Y52","Q38","11","UB","HX"
"MK184RA",10,51.9915503046088,-1.04295580845027,064,"Y52","Q38","11","UB","HX"
"MK184RB",10,51.9919439396699,-1.04160753260906,064,"Y52","Q38","11","UB","HX"
"MK184RD",10,51.9915348093609,-1.04326197936736,064,"Y52","Q38","11","UB","HX"
"MK184RE",10,51.992362546307,-1.04222485410584,064,"Y52","Q38","11","UB","HX"
"MK184RH",10,51.9896183496546,-1.04641934083061,064,"Y52","Q38","11","UB","HX"
"MK184RL",10,51.9890267083704,-1.05109207124847,064,"Y52","Q38","11","UB","HX"
"MK184RQ",10,51.9913077076601,-1.04297554302917,064,"Y52","Q38","11","UB","HX"
"MK184WS",10,52.000612555461,-0.985908314542347,064,"Y52","Q38","11","UB","GX"
"MK184XN",10,52.000612555461,-0.985908314542347,064,"Y52","Q38","11","UB","GX"
"MK184YD",10,52.000612555461,-0.985908314542347,064,"Y52","Q38","11","UB","GX"
"MK184YQ",10,52.000612555461,-0.985908314542347,064,"Y52","Q38","11","UB","GX"
"MK184YZ",10,52.000612555461,-0.985908314542347,064,"Y52","Q38","11","UB","GX"
"MK184ZU",10,52.000612555461,-0.985908314542347,064,"Y52","Q38","11","UB","GX"
"MK185AA",10,52.0251284801945,-0.987700572167742,064,"Y52","Q38","11","UB","HK"
"MK185AB",10,52.0292078305521,-0.996864321126738,064,"Y52","Q38","11","UB","HK"
"MK185AD",10,52.0317985372704,-0.998074553811968,064,"Y52","Q38","11","UB","HK"
"MK185AE",10,52.0314850699039,-0.995049570383766,064,"Y52","Q38","11","UB","HK"
"MK185AF",10,52.0439297658774,-0.978454472140426,064,"Y52","Q38","11","UB","HK"
"MK185AG",10,52.0485709539442,-0.973492706796542,064,"Y52","Q38","11","UB","HK"
"MK185AH",10,52.0502559504984,-0.98325387579729,064,"Y52","Q38","11","UB","HK"
"MK185AJ",10,52.0500495567212,-0.990622933677834,064,"Y52","Q38","11","UB","HK"
"MK185AL",10,52.0506357728746,-0.995042990616878,064,"Y52","Q38","11","UB","HK"
"MK185AN",10,52.0486491151375,-0.998251940898097,064,"Y52","Q38","11","UB","HK"
"MK185AP",10,52.0534390622899,-0.982248257326874,064,"Y52","Q38","11","UB","HK"
"MK185AQ",10,52.0507216279883,-0.98303914409712,064,"Y52","Q38","11","UB","HK"
"MK185AR",10,52.0599016105982,-0.990386334935323,064,"Y52","Q38","11","UB","HK"
"MK185AS",10,52.0551089030876,-0.977805778628328,064,"Y52","Q38","11","UB","HK"
"MK185AT",10,52.0527944683204,-0.973235514343713,064,"Y52","Q38","11","UB","HK"
"MK185AU",10,52.0550020276671,-0.978960396135679,064,"Y52","Q38","11","UB","HK"
"MK185AW",10,52.0414669958868,-0.995277750926301,064,"Y52","Q38","11","UB","HK"
"MK185AX",10,52.0697099327802,-0.982972640416659,064,"Y52","Q38","11","UB","HK"
"MK185AY",10,52.0602710976797,-0.97589385720849,064,"Y52","Q38","11","UB","HK"
"MK185AZ",10,52.0703405029639,-0.96759552804173,064,"Y52","Q38","11","UB","HK"
"MK185BB",10,52.0576561969284,-0.963716480082403,064,"Y52","Q38","11","UB","HK"
"MK185BD",10,52.058228420601,-0.96029020839779,064,"Y52","Q38","11","UB","HK"
"MK185BE",10,52.060060786617,-0.960087224315658,064,"Y52","Q38","11","UB","HK"
"MK185BF",10,52.0571322437466,-0.959353025518017,064,"Y52","Q38","11","UB","HK"
"MK185BG",10,52.0695300658216,-0.96131164208112,064,"Y52","Q38","11","UB","HK"
"MK185BH",10,52.0607265632865,-0.955054034012052,064,"Y52","Q38","11","UB","HK"
"MK185BJ",10,52.0682678716506,-0.944724174457695,064,"Y52","Q38","11","UB","HK"
"MK185BL",10,52.0499956986248,-0.954531425935214,064,"Y52","Q38","11","UB","HK"
"MK185BN",10,52.0338856035075,-0.986642764306733,064,"Y52","Q38","11","UB","HK"
"MK185BP",10,52.0588884910724,-0.96173346899775,064,"Y52","Q38","11","UB","HK"
"MK185BQ",10,52.069848971176,-0.957715251273661,064,"Y52","Q38","11","UB","HK"
"MK185BW",10,52.0340605121748,-0.994467041861952,064,"Y52","Q38","11","UB","HK"
"MK185BZ",10,52.0182593177195,-1.01743789817496,064,"Y52","Q38","11","UB","HX"
"MK185DA",10,52.0221916469625,-1.0308616813163,064,"Y52","Q38","11","UB","HK"
"MK185DB",10,52.0309822597596,-1.01860219946013,064,"Y52","Q38","11","UB","HK"
"MK185DD",10,52.0309822597596,-1.01860219946013,064,"Y52","Q38","11","UB","HK"
"MK185DE",10,52.0309822597596,-1.01860219946013,064,"Y52","Q38","11","UB","HK"
"MK185DF",10,52.0309822597596,-1.01860219946013,064,"Y52","Q38","11","UB","HK"
"MK185DH",10,52.0246373484831,-1.03197479930496,064,"Y52","Q38","11","UB","HK"
"MK185DJ",10,52.0186894362025,-1.03466795235348,064,"Y52","Q38","11","UB","HK"
"MK185DN",10,52.0114680323165,-1.03118074581815,064,"Y52","Q38","11","UB","HX"
"MK185DP",10,52.0154996874473,-1.0448492981983,064,"Y52","Q38","11","UB","HX"
"MK185DQ",10,52.0332224916302,-1.02419461748197,064,"Y52","Q38","11","UB","HK"
"MK185DR",10,52.0064260283604,-1.04907795387432,064,"Y52","Q38","11","UB","HX"
"MK185DS",10,52.0057629792037,-1.05047600624574,064,"Y52","Q38","11","UB","HX"
"MK185DT",10,52.0056610898706,-1.05122115131032,064,"Y52","Q38","11","UB","HX"
"MK185DU",10,52.0047453383644,-1.05138619204824,064,"Y52","Q38","11","UB","HX"
"MK185DX",10,52.0037767366639,-1.05280517384854,064,"Y52","Q38","11","UB","HX"
"MK185DY",10,52.0155859034377,-1.04107340525471,064,"Y52","Q38","11","UB","HX"
"MK185DZ",10,52.0412313251468,-1.05595044549069,064,"Y52","Q38","11","UB","HX"
"MK185EA",10,52.0331267204618,-1.0454359169235,064,"Y52","Q38","11","UB","HK"
"MK185EB",10,52.0241734089407,-1.04453341122695,064,"Y52","Q38","11","UB","HK"
"MK185ED",10,52.032059952519,-1.00771871745555,064,"Y52","Q38","11","UB","HK"
"MK185EE",10,52.0309822597596,-1.01860219946013,064,"Y52","Q38","11","UB","HK"
"MK185EF",10,52.0282511575175,-1.02753862858708,064,"Y52","Q38","11","UB","HK"
"MK185EG",10,52.0209360523652,-1.0096116291689,064,"Y52","Q38","11","UB","HK"
"MK185EH",10,52.0309822597596,-1.01860219946013,064,"Y52","Q38","11","UB","HK"
"MK185EQ",10,52.0221530029085,-1.00785047221333,064,"Y52","Q38","11","UB","HK"
"MK185EX",10,52.0146398094882,-0.939079265054838,064,"Y52","Q38","11","UB","HK"
"MK185EY",10,52.0214699194184,-0.957878045480485,064,"Y52","Q38","11","UB","HK"
"MK185EZ",10,52.0162461732103,-0.926829952096608,064,"Y52","Q38","11","UB","HK"
"MK185GZ",10,52.0335572595682,-0.968486543580526,064,"Y52","Q38","11","UB","HK"
"MK185HA",10,52.0324718638297,-0.968773906336821,064,"Y52","Q38","11","UB","HK"
"MK185HB",10,52.0325652594668,-0.968144936365738,064,"Y52","Q38","11","UB","HK"
"MK185HD",10,52.0323507655206,-0.966240262296689,064,"Y52","Q38","11","UB","HK"
"MK185HE",10,52.0322311505309,-0.963881522921892,064,"Y52","Q38","11","UB","HK"
"MK185HF",10,52.0318953471988,-0.963524857477757,064,"Y52","Q38","11","UB","HK"
"MK185HG",10,52.0316473931045,-0.967029058751193,064,"Y52","Q38","11","UB","HK"
"MK185HH",10,52.031629409882,-0.971140171417009,064,"Y52","Q38","11","UB","HK"
"MK185HJ",10,52.0308384002556,-0.97219326762589,064,"Y52","Q38","11","UB","HK"
"MK185HL",10,52.0308435084044,-0.973811162508958,064,"Y52","Q38","11","UB","HK"
"MK185HN",10,52.0322792139283,-0.972451780376668,064,"Y52","Q38","11","UB","HK"
"MK185HP",10,52.0333039689293,-0.96933786582162,064,"Y52","Q38","11","UB","HK"
"MK185HQ",10,52.0304798901789,-0.970262802376415,064,"Y52","Q38","11","UB","HK"
"MK185HR",10,52.0328446847693,-0.970281374107542,064,"Y52","Q38","11","UB","HK"
"MK185HS",10,52.0345260501556,-0.968231006082601,064,"Y52","Q38","11","UB","HK"
"MK185HU",10,52.0344117164453,-0.966469717472553,064,"Y52","Q38","11","UB","HK"
"MK185HW",10,52.0328446847693,-0.970281374107542,064,"Y52","Q38","11","UB","HK"
"MK185HX",10,52.0304162718772,-0.96915644572832,064,"Y52","Q38","11","UB","HK"
"MK185HZ",10,52.0349204928444,-0.969125764734056,064,"Y52","Q38","11","UB","HK"
"MK185JE",10,52.0164455681471,-1.00168161577846,064,"Y52","Q38","11","UB","HX"
"MK185JF",10,52.0167332258717,-1.00167521412661,064,"Y52","Q38","11","UB","HX"
"MK185JG",10,52.0168656911784,-1.00033163205188,064,"Y52","Q38","11","UB","HX"
"MK185JH",10,52.0168236286587,-1.00279525354474,064,"Y52","Q38","11","UB","HX"
"MK185JJ",10,52.0172793797728,-1.00352830654436,064,"Y52","Q38","11","UB","HX"
"MK185JL",10,52.0180141616877,-1.00323510683768,064,"Y52","Q38","11","UB","HX"
"MK185JN",10,52.0189085276033,-0.998435362927425,064,"Y52","Q38","11","UB","HX"
"MK185JP",10,52.0168333424588,-1.00181870705111,064,"Y52","Q38","11","UB","HX"
"MK185JX",10,52.038844697862,-1.02780451130179,064,"Y52","Q38","11","UB","HK"
"MK185JY",10,52.0366409864473,-1.02769194124489,064,"Y52","Q38","11","UB","HK"
"MK185JZ",10,52.0290960718569,-1.03626593650719,064,"Y52","Q38","11","UB","HK"
"MK185LA",10,52.0360617278326,-1.02831679467839,064,"Y52","Q38","11","UB","HK"
"MK185LB",10,52.0389010976603,-1.03796501939441,064,"Y52","Q38","11","UB","HX"
"MK185LD",10,52.0368290662051,-1.02869378326965,064,"Y52","Q38","11","UB","HK"
"MK185LE",10,52.0409367385755,-1.03073343510478,064,"Y52","Q38","11","UB","HK"
"MK185LF",10,52.0413394518509,-1.02941252274486,064,"Y52","Q38","11","UB","HK"
"MK185LG",10,52.041821527016,-1.03008735232715,064,"Y52","Q38","11","UB","HK"
"MK185LH",10,52.0560907650542,-1.03784384430862,064,"Y52","Q38","11","UB","HX"
"MK185LJ",10,52.0544513795059,-1.01569631850513,064,"Y52","Q38","11","UB","HX"
"MK185LQ",10,52.0510322340919,-1.02947964466129,064,"Y52","Q38","11","UB","HX"
"MK185LT",10,52.0227549243323,-1.06610395375317,064,"Y52","Q38","11","UB","HX"
"MK185LU",10,52.0238150795417,-1.06487221122983,064,"Y52","Q38","11","UB","HX"
"MK185LX",10,52.0246418785527,-1.06482582249322,064,"Y52","Q38","11","UB","HX"
"MK185LY",10,52.0277464784697,-1.06516919524986,064,"Y52","Q38","11","UB","HX"
"MK185LZ",10,52.0286178774981,-1.06507814955325,064,"Y52","Q38","11","UB","HX"
"MK185NA",10,52.0215069926691,-1.05393187040653,064,"Y52","Q38","11","UB","HX"
"MK185NB",10,52.0129185554808,-1.06154407091692,064,"Y52","Q38","11","UB","HX"
"MK185ND",10,52.0146714913643,-1.07172190525435,064,"Y52","Q38","11","UB","HX"
"MK185NE",10,52.0255807963655,-1.07442565875325,064,"Y52","Q38","11","UB","HX"
"MK185NN",10,52.027774023768,-0.939890867300687,064,"Y52","Q38","11","UB","HK"
"MK185NP",10,52.0284965047777,-0.933270875213183,064,"Y52","Q38","11","UB","HK"
"MK185NR",10,52.029743425624,-0.939931762250295,064,"Y52","Q38","11","UB","HK"
"MK185NS",10,52.0320986685833,-0.941887717778197,064,"Y52","Q38","11","UB","HK"
"MK185NU",10,52.0350751106087,-0.941934089106444,064,"Y52","Q38","11","UB","HK"
"MK185NW",10,52.0272221430239,-0.937513525216155,064,"Y52","Q38","11","UB","HK"
"MK185NX",10,52.0377727120247,-0.947993581085995,064,"Y52","Q38","11","UB","HK"
"MK185NY",10,52.0333641922081,-0.934656542463929,064,"Y52","Q38","11","UB","HK"
"MK185NZ",10,52.0371169209535,-0.931068449557661,064,"Y52","Q38","11","UB","HK"
"MK185PA",10,52.0395709316177,-0.930018514020234,064,"Y52","Q38","11","UB","HK"
"MK185XZ",10,52.000612555461,-0.985908314542347,064,"Y52","Q38","11","UB","GX"
"MK185ZR",10,52.000612555461,-0.985908314542347,064,"Y52","Q38","11","UB","GX"
"MK185ZZ",10,52.000612555461,-0.985908314542347,064,"Y52","Q38","11","UB","GX"
"MK186AA",10,52.0066494067999,-0.992648374660161,064,"Y52","Q38","11","UB","GX"
"MK186AB",10,52.0153565493925,-0.990995706339818,064,"Y52","Q38","11","UB","HK"
"MK186AD",10,52.0160407471995,-0.963133478091666,064,"Y52","Q38","11","UB","HK"
"MK186AE",10,52.0156714789735,-0.956949012356527,064,"Y52","Q38","11","UB","HK"
"MK186AG",10,52.0063563103898,-0.960967983961823,064,"Y52","Q38","11","UB","HK"
"MK186AH",10,52.0102961723279,-0.952032746104904,064,"Y52","Q38","11","UB","HK"
"MK186WZ",10,52.000612555461,-0.985908314542347,064,"Y52","Q38","11","UB","GX"
"MK187AB",10,51.9966699657399,-0.972932059760428,064,"Y52","Q38","11","UB","GX"
"MK187AP",10,52.000612555461,-0.985908314542347,064,"Y52","Q38","11","UB","GX"
"MK187AR",10,52.0003987121708,-0.957289397649215,064,"Y52","Q38","11","UB","GY"
"MK187AS",10,52.0029667231136,-0.969160630119662,064,"Y52","Q38","11","UB","HK"
"MK187AT",10,52.001991381063,-0.976918272267887,064,"Y52","Q38","11","UB","GX"
"MK187AU",10,52.0013132083638,-0.967202914944433,064,"Y52","Q38","11","UB","GX"
"MK187AX",10,51.9995547539277,-0.972778653839854,064,"Y52","Q38","11","UB","GX"
"MK187AY",10,51.9999190208991,-0.973309283069043,064,"Y52","Q38","11","UB","GX"
"MK187BA",10,52.0005816867498,-0.973002788381085,064,"Y52","Q38","11","UB","GX"
"MK187BB",10,52.0011848550281,-0.973090956540583,064,"Y52","Q38","11","UB","GX"
"MK187BD",10,52.0007272286089,-0.97113489517871,064,"Y52","Q38","11","UB","GX"
"MK187BE",10,52.0015816512787,-0.973227549787372,064,"Y52","Q38","11","UB","GX"
"MK187BF",10,52.0020592368267,-0.977484851231915,064,"Y52","Q38","11","UB","GX"
"MK187BG",10,52.0011677378389,-0.972159057511805,064,"Y52","Q38","11","UB","GX"
"MK187BH",10,52.0014098694899,-0.976217738694405,064,"Y52","Q38","11","UB","GX"
"MK187BJ",10,52.000812255873,-0.973667591323172,064,"Y52","Q38","11","UB","GX"
"MK187BL",10,52.0001452503898,-0.972444672563623,064,"Y52","Q38","11","UB","GX"
"MK187BN",10,51.9993586120144,-0.971938288137275,064,"Y52","Q38","11","UB","GX"
"MK187BP",10,52.0002283480432,-0.976827357251755,064,"Y52","Q38","11","UB","GX"
"MK187BQ",10,52.0014582284871,-0.974541415363366,064,"Y52","Q38","11","UB","GX"
"MK187BS",10,52.0001541530076,-0.974498375080466,064,"Y52","Q38","11","UB","GX"
"MK187BT",10,51.9997747110432,-0.975322772963736,064,"Y52","Q38","11","UB","GX"
"MK187BU",10,52.0006692021808,-0.974792511985916,064,"Y52","Q38","11","UB","GX"
"MK187BW",10,51.9990623105044,-0.970954561971041,064,"Y52","Q38","11","UB","GX"
"MK187DA",10,51.999612769313,-0.974277679338817,064,"Y52","Q38","11","UB","GX"
"MK187DB",10,51.9984899583039,-0.972336903276941,064,"Y52","Q38","11","UB","GX"
"MK187DD",10,51.9990165122567,-0.971887857943177,064,"Y52","Q38","11","UB","GX"
"MK187DE",10,51.9976552805674,-0.970447878548553,064,"Y52","Q38","11","UB","GX"
"MK187DF",10,51.9981651664809,-0.971179053521577,064,"Y52","Q38","11","UB","GX"
"MK187DH",10,51.9983680154259,-0.971757049678207,064,"Y52","Q38","11","UB","GX"
"MK187DL",10,51.9939549755525,-0.973999135522444,064,"Y52","Q38","11","UB","GY"
"MK187DP",10,51.9943334201571,-0.967916954855006,064,"Y52","Q38","11","UB","GY"
"MK187DR",10,51.9944794735616,-0.967141658805132,064,"Y52","Q38","11","UB","GY"
"MK187DS",10,51.9958262832921,-0.964882179315146,064,"Y52","Q38","11","UB","GY"
"MK187DT",10,51.9938839037827,-0.947594976381617,064,"Y52","Q38","11","UB","GY"
"MK187DU",10,51.9946287894084,-0.967764515341969,064,"Y52","Q38","11","UB","GY"
"MK187DX",10,51.9922886460722,-0.944151528496593,064,"Y52","Q38","11","UB","GY"
"MK187EA",10,51.9947961802047,-0.97561118769493,064,"Y52","Q38","11","UB","GY"
"MK187EB",10,51.9950325532543,-0.976945778365777,064,"Y52","Q38","11","UB","GY"
"MK187ED",10,51.993980050011,-0.976882374131493,064,"Y52","Q38","11","UB","GY"
"MK187EE",10,51.9942582169453,-0.975783675394932,064,"Y52","Q38","11","UB","GY"
"MK187EF",10,51.9945483801889,-0.978136567552749,064,"Y52","Q38","11","UB","GY"
"MK187EG",10,51.993112369499,-0.978431411267638,064,"Y52","Q38","11","UB","GY"
"MK187EH",10,51.9933021750774,-0.97750953009066,064,"Y52","Q38","11","UB","GY"
"MK187EJ",10,51.9924465033228,-0.97940779926134,064,"Y52","Q38","11","UB","GY"
"MK187EL",10,51.9925109926417,-0.977512984059215,064,"Y52","Q38","11","UB","GY"
"MK187EN",10,51.9913341338673,-0.978661200358926,064,"Y52","Q38","11","UB","GY"
"MK187EP",10,51.9915064683348,-0.977798010178006,064,"Y52","Q38","11","UB","GY"
"MK187EQ",10,51.9920688558221,-0.978367769727661,064,"Y52","Q38","11","UB","GY"
"MK187ER",10,51.9928077768399,-0.976486722552965,064,"Y52","Q38","11","UB","GY"
"MK187ES",10,51.9912792211156,-0.9764778754899,064,"Y52","Q38","11","UB","GY"
"MK187ET",10,51.9924902421129,-0.975124924411961,064,"Y52","Q38","11","UB","GY"
"MK187EU",10,51.9915932081726,-0.974329820085154,064,"Y52","Q38","11","UB","GY"
"MK187EW",10,51.9912153503269,-0.979479475347738,064,"Y52","Q38","11","UB","GY"
"MK187EX",10,51.9932102616064,-0.974176363159063,064,"Y52","Q38","11","UB","GY"
"MK187EY",10,51.9934565071375,-0.973544461688641,064,"Y52","Q38","11","UB","GY"
"MK187EZ",10,51.9939999320727,-0.975032202729712,064,"Y52","Q38","11","UB","GY"
"MK187HA",10,51.9918654076503,-0.973580836933243,064,"Y52","Q38","11","UB","GY"
"MK187HB",10,51.9921069759027,-0.973444237593557,064,"Y52","Q38","11","UB","GY"
"MK187HD",10,51.9928603142561,-0.974257180558618,064,"Y52","Q38","11","UB","GY"
"MK187HH",10,51.9927096134172,-0.972440086609575,064,"Y52","Q38","11","UB","GY"
"MK187HJ",10,51.9908601439507,-0.974812603846055,064,"Y52","Q38","11","UB","GY"
"MK187HL",10,51.9914315349681,-0.975382112562853,064,"Y52","Q38","11","UB","GY"
"MK187HP",10,51.9978051505301,-0.973197405921023,064,"Y52","Q38","11","UB","GX"
"MK187HR",10,51.9981962565353,-0.973712838358594,064,"Y52","Q38","11","UB","GX"
"MK187HS",10,51.9988669147577,-0.974323855450566,064,"Y52","Q38","11","UB","GX"
"MK187HT",10,51.9987008086939,-0.974866601754981,064,"Y52","Q38","11","UB","GX"
"MK187HU",10,51.998887541011,-0.973595069154701,064,"Y52","Q38","11","UB","GX"
"MK187HX",10,51.9964039095012,-0.971292245830349,064,"Y52","Q38","11","UB","GX"
"MK187HZ",10,51.9973238957882,-0.972654913884218,064,"Y52","Q38","11","UB","GX"
"MK187JA",10,51.9913617323354,-0.972529189459423,064,"Y52","Q38","11","UB","GY"
"MK187JB",10,51.9917975060531,-0.97198034921845,064,"Y52","Q38","11","UB","GY"
"MK187JH",10,51.9932440565133,-0.969806249946489,064,"Y52","Q38","11","UB","GY"
"MK187JJ",10,51.9919619033738,-0.970214334455043,064,"Y52","Q38","11","UB","GY"
"MK187JL",10,51.9925933147095,-0.970447444737915,064,"Y52","Q38","11","UB","GY"
"MK187TA",10,52.000612555461,-0.985908314542347,064,"Y52","Q38","11","UB","GX"
"MK187WD",10,52.000612555461,-0.985908314542347,064,"Y52","Q38","11","UB","GX"
"MK187WS",10,52.000612555461,-0.985908314542347,064,"Y52","Q38","11","UB","GX"
"MK187YE",10,52.000612555461,-0.985908314542347,064,"Y52","Q38","11","UB","GX"
"MK187YZ",10,52.000612555461,-0.985908314542347,064,"Y52","Q38","11","UB","GX"
"MK187ZR",10,52.000612555461,-0.985908314542347,064,"Y52","Q38","11","UB","GX"
"MK188AB",90,49.7668057243776,-7.55715980363992,064,"","","","",""
"MK188AE",90,49.7668057243776,-7.55715980363992,064,"","","","",""
"MK188AF",90,49.7668057243776,-7.55715980363992,064,"","","","",""
"MK188AG",90,49.7668057243776,-7.55715980363992,064,"","","","",""
"MK189AA",90,49.7668057243776,-7.55715980363992,064,"","","","",""
"MK189AB",90,49.7668057243776,-7.55715980363992,064,"","","","",""
"MK189AF",90,49.7668057243776,-7.55715980363992,064,"","","","",""
"MK189AG",90,49.7668057243776,-7.55715980363992,064,"","","","",""
"MK189AL",90,49.7668057243776,-7.55715980363992,064,"","","","",""
"MK189AP",90,49.7668057243776,-7.55715980363992,064,"","","","",""
"MK189AQ",90,49.7668057243776,-7.55715980363992,064,"","","","",""
"MK189AR",90,49.7668057243776,-7.55715980363992,064,"","","","",""
"MK189AS",90,49.7668057243776,-7.55715980363992,064,"","","","",""
"MK189AU",90,49.7668057243776,-7.55715980363992,064,"","","","",""
"MK189AW",90,49.7668057243776,-7.55715980363992,064,"","","","",""
"MK189AX",90,49.7668057243776,-7.55715980363992,064,"","","","",""
"MK196AA",10,52.0622093564157,-0.863632079049094,064,"Y51","Q33","34","UG","JN"
"MK196AB",10,52.0623625759908,-0.862738379588297,064,"Y51","Q33","34","UG","JN"
"MK196AD",10,52.0635822418368,-0.862415655446674,064,"Y51","Q33","34","UG","JN"
"MK196AE",10,52.0628679307838,-0.863863350411245,064,"Y51","Q33","34","UG","JN"
"MK196AF",10,52.0638471508544,-0.863780156187493,064,"Y51","Q33","34","UG","JN"
"MK196AG",10,52.06456442938,-0.863572314849336,064,"Y51","Q33","34","UG","JN"
"MK196AH",10,52.0643864537227,-0.867500931025458,064,"Y51","Q33","34","UG","JN"
"MK196AJ",10,52.0631548171082,-0.868451080264081,064,"Y51","Q33","34","UG","JN"
"MK196AL",10,52.0627030184251,-0.867280934792537,064,"Y51","Q33","34","UG","JN"
"MK196AN",10,52.0635989725399,-0.866018336812201,064,"Y51","Q33","34","UG","JN"
"MK196AP",10,52.0622012155907,-0.864653377011661,064,"Y51","Q33","34","UG","JN"
"MK196AQ",10,52.0645221454019,-0.866651408477544,064,"Y51","Q33","34","UG","JN"
"MK196AR",10,52.0615995220082,-0.865660534944504,064,"Y51","Q33","34","UG","JN"
"MK196AS",10,52.0609298564703,-0.864277182648708,064,"Y51","Q33","34","UG","JN"
"MK196AT",10,52.0614176418876,-0.864512787487898,064,"Y51","Q33","34","UG","JN"
"MK196AW",10,52.0623214354001,-0.865933990230859,064,"Y51","Q33","34","UG","JN"
"MK196AX",10,52.0590730668586,-0.867533186931283,064,"Y51","Q33","34","UG","JN"
"MK196AY",10,52.0611603002559,-0.867670034750561,064,"Y51","Q33","34","UG","JN"
"MK196AZ",10,52.0614284244842,-0.867502801075561,064,"Y51","Q33","34","UG","JN"
"MK196BA",10,52.0671122477731,-0.872348351255217,064,"Y51","Q33","34","UG","JN"
"MK196BB",10,52.0602215631345,-0.865418295006848,064,"Y51","Q33","34","UG","JN"
"MK196BD",10,52.0720998336271,-0.882479653527256,064,"Y51","Q33","34","UG","JX"
"MK196BE",10,52.0606933005877,-0.867725601723892,064,"Y51","Q33","34","UG","JN"
"MK196BG",10,52.0546688786135,-0.874251337214696,064,"Y51","Q33","34","UG","JN"
"MK196BH",10,52.0571027673388,-0.911295231558833,064,"Y51","Q33","34","UG","JD"
"MK196BJ",10,52.0598624525552,-0.91709180147464,064,"Y51","Q33","34","UG","JD"
"MK196BL",10,52.0617890254661,-0.918343443975109,064,"Y51","Q33","34","UG","JD"
"MK196BN",10,52.0494388454411,-0.915783394123248,064,"Y51","Q33","34","UG","JD"
"MK196BP",10,52.0485994520624,-0.911531024627259,064,"Y51","Q33","34","UG","JD"
"MK196BS",10,52.0481683487829,-0.910608224157678,064,"Y51","Q33","34","UG","JD"
"MK196BT",10,52.0477049060109,-0.914950417029722,064,"Y51","Q33","34","UG","JD"
"MK196BU",10,52.0481669643584,-0.914355932207559,064,"Y51","Q33","34","UG","JD"
"MK196BW",10,52.0481661455366,-0.913291437666017,064,"Y51","Q33","34","UG","JD"
"MK196BX",10,52.0477297160932,-0.913739489806525,064,"Y51","Q33","34","UG","JD"
"MK196BY",10,52.0460964881652,-0.918970171630364,064,"Y51","Q33","34","UG","JD"
"MK196BZ",10,52.0406790894014,-0.91258360682914,064,"Y51","Q33","34","UG","JD"
"MK196DA",10,52.0373196285278,-0.916834661195141,064,"Y51","Q33","34","UG","JD"
"MK196DD",10,52.0278383001325,-0.904645148888729,064,"Y51","Q33","34","UG","JD"
"MK196DE",10,52.0246399565348,-0.911704573074098,064,"Y52","Q38","11","UB","HK"
"MK196DF",10,52.0304049214892,-0.907031317506167,064,"Y51","Q33","34","UG","JD"
"MK196DG",10,52.032530785266,-0.888233058071571,064,"Y51","Q33","34","UG","JD"
"MK196DH",10,52.0474544505613,-0.863568857569479,064,"Y51","Q33","34","UG","JN"
"MK196DJ",10,52.0658119091496,-0.866137353311121,064,"Y51","Q33","34","UG","JN"
"MK196DL",10,52.0653269330292,-0.866193397989927,064,"Y51","Q33","34","UG","JN"
"MK196DN",10,52.0475813338625,-0.828772319088846,064,"Y52","Q38","00","MG","NW"
"MK196DP",10,52.0642521208548,-0.860093782558266,064,"Y51","Q33","34","UG","JN"
"MK196DQ",10,52.0498518006896,-0.866030907829292,064,"Y51","Q33","34","UG","JN"
"MK196DS",10,52.0358315582805,-0.870380106477352,064,"Y52","Q38","11","UB","HK"
"MK196DT",10,52.0278980774785,-0.873786671591126,064,"Y52","Q38","11","UB","HK"
"MK196DU",10,52.024983573942,-0.881191038320388,064,"Y52","Q38","11","UB","HK"
"MK196DW",10,52.0640402267124,-0.861426650215352,064,"Y51","Q33","34","UG","JN"
"MK196DX",10,52.0245252578524,-0.875547474023145,064,"Y52","Q38","11","UB","HK"
"MK196DY",10,52.0239182714003,-0.875067159215364,064,"Y52","Q38","11","UB","HK"
"MK196DZ",10,52.0236741957321,-0.873047430783588,064,"Y52","Q38","11","UB","HK"
"MK196EA",10,52.0143468584121,-0.86518003863945,064,"Y52","Q38","11","UB","HK"
"MK196EB",10,52.0234399108106,-0.874875117197555,064,"Y52","Q38","11","UB","HK"
"MK196ED",10,52.0444993162053,-0.849966576802536,064,"Y52","Q38","00","MG","NW"
"MK196EE",10,52.0434362397673,-0.848827384547567,064,"Y52","Q38","00","MG","NW"
"MK196EG",10,52.0433093630482,-0.853336136717484,064,"Y52","Q38","00","MG","NW"
"MK196EH",10,52.0641192075582,-0.864954852385105,064,"Y51","Q33","34","UG","JN"
"MK196EJ",10,52.0385954069414,-0.843863525275987,064,"Y52","Q38","00","MG","NW"
"MK196EL",10,52.0322354621166,-0.834406533218158,064,"Y52","Q38","00","MG","NW"
"MK196EN",10,52.0284054994916,-0.831707497600889,064,"Y52","Q38","00","MG","NW"
"MK196EP",10,52.0382961434666,-0.822716718235051,064,"Y52","Q38","00","MG","NW"
"MK196EQ",10,52.0413147145659,-0.849785854362039,064,"Y52","Q38","00","MG","NW"
"MK196ER",10,52.0338746877833,-0.810397927775781,064,"Y52","Q38","00","MG","NN"
"MK196ES",10,52.0628824001642,-0.864431885746429,064,"Y51","Q33","34","UG","JN"
"MK196ET",10,52.0398492574223,-0.821582437074083,064,"Y52","Q38","00","MG","NW"
"MK196EU",10,52.0375626187377,-0.824893683893348,064,"Y52","Q38","00","MG","NW"
"MK196EW",10,52.0460162629371,-0.850627568998415,064,"Y52","Q38","00","MG","NW"
"MK196EX",10,52.0646038708047,-0.862068770024711,064,"Y51","Q33","34","UG","JN"
"MK196EY",10,52.0478504994337,-0.910265977073164,064,"Y51","Q33","34","UG","JD"
"MK196EZ",10,52.0626002078897,-0.86220720737909,064,"Y51","Q33","34","UG","JN"
"MK196FB",10,52.0544868496065,-0.884421299977535,064,"Y51","Q33","34","UG","JD"
"MK196FD",10,52.0504104970491,-0.889772738374466,064,"Y51","Q33","34","UG","JD"
"MK196FE",10,52.0535513326751,-0.894872279400594,064,"Y51","Q33","34","UG","JD"
"MK196FF",10,52.0647251019909,-0.866252400009084,064,"Y51","Q33","34","UG","JN"
"MK196FG",10,52.0662662416296,-0.867570094171683,064,"Y51","Q33","34","UG","JN"
"MK196GA",10,52.0527958342262,-0.888153144384891,064,"Y51","Q33","34","UG","JD"
"MK196GB",10,52.0535251745007,-0.888266300135897,064,"Y51","Q33","34","UG","JD"
"MK196GD",10,52.0528385190441,-0.886008245531954,064,"Y51","Q33","34","UG","JD"
"MK196GE",10,52.0527718429523,-0.886564092549978,064,"Y51","Q33","34","UG","JD"
"MK196GF",10,52.0530272507816,-0.886951512634117,064,"Y51","Q33","34","UG","JD"
"MK196GG",10,52.0534637139001,-0.886517727973329,064,"Y51","Q33","34","UG","JD"
"MK196GH",10,52.0538893604692,-0.886842586556136,064,"Y51","Q33","34","UG","JD"
"MK196GL",10,52.0545714162146,-0.886708961735865,064,"Y51","Q33","34","UG","JD"
"MK196GN",10,52.0527881666586,-0.889247128954935,064,"Y51","Q33","34","UG","JD"
"MK196GP",10,52.0532247177053,-0.88977591521612,064,"Y51","Q33","34","UG","JD"
"MK196GQ",10,52.0541922246971,-0.889401911764161,064,"Y51","Q33","34","UG","JD"
"MK196GR",10,52.0544846776415,-0.88990511779039,064,"Y51","Q33","34","UG","JD"
"MK196GU",10,52.0500428858486,-0.887973552214218,064,"Y51","Q33","34","UG","JD"
"MK196GY",10,52.0515203174705,-0.886376444444614,064,"Y51","Q33","34","UG","JD"
"MK196GZ",10,52.0511988314622,-0.88851361314931,064,"Y51","Q33","34","UG","JD"
"MK196HA",10,52.0530354948666,-0.884019922192267,064,"Y51","Q33","34","UG","JD"
"MK196HB",10,52.0507102135517,-0.889138231611373,064,"Y51","Q33","34","UG","JD"
"MK196HD",10,52.0509788593599,-0.889977403843092,064,"Y51","Q33","34","UG","JD"
"MK196HE",10,52.0513451425438,-0.890682917694134,064,"Y51","Q33","34","UG","JD"
"MK196HF",10,52.0496821902579,-0.890724092043215,064,"Y51","Q33","34","UG","JD"
"MK196HG",10,52.0499058800888,-0.891564366723397,064,"Y51","Q33","34","UG","JD"
"MK196HH",10,52.0489526543527,-0.886775666458726,064,"Y51","Q33","34","UG","JD"
"MK196HJ",10,52.0480882030249,-0.886636737811828,064,"Y51","Q33","34","UG","JD"
"MK196HL",10,52.0488508026838,-0.884561635014286,064,"Y51","Q33","34","UG","JD"
"MK196HN",10,52.0521010668694,-0.880295186506365,064,"Y51","Q33","34","UG","JD"
"MK196HP",10,52.0515487183852,-0.884625715616885,064,"Y51","Q33","34","UG","JD"
"MK196HQ",10,52.0483107738787,-0.888308190956357,064,"Y51","Q33","34","UG","JD"
"MK196HR",10,52.0499162946571,-0.885993407537104,064,"Y51","Q33","34","UG","JD"
"MK196HS",10,52.0494178747731,-0.886530782130295,064,"Y51","Q33","34","UG","JD"
"MK196HT",10,52.0516549424007,-0.892075267602554,064,"Y51","Q33","34","UG","JD"
"MK196HU",10,52.0515717663602,-0.892791917182712,064,"Y51","Q33","34","UG","JD"
"MK196HW",10,52.0519305493925,-0.884120365192876,064,"Y51","Q33","34","UG","JD"
"MK196HX",10,52.0520482000194,-0.890869680457366,064,"Y51","Q33","34","UG","JD"
"MK196HY",10,52.0517333800253,-0.889900374795007,064,"Y51","Q33","34","UG","JD"
"MK196HZ",10,52.0520906455335,-0.895389573869235,064,"Y51","Q33","34","UG","JD"
"MK196JA",10,52.0536089222483,-0.894302075526891,064,"Y51","Q33","34","UG","JD"
"MK196JB",10,52.054434262908,-0.894106690384454,064,"Y51","Q33","34","UG","JD"
"MK196JD",10,52.0534146349047,-0.892760954020261,064,"Y51","Q33","34","UG","JD"
"MK196JE",10,52.0532846716044,-0.895199707428495,064,"Y51","Q33","34","UG","JD"
"MK196JF",10,52.0536231374887,-0.895818480208897,064,"Y51","Q33","34","UG","JD"
"MK196JG",10,52.0554777564479,-0.893205840952777,064,"Y51","Q33","34","UG","JD"
"MK196JH",10,52.053231922109,-0.891496656435112,064,"Y51","Q33","34","UG","JD"
"MK196JJ",10,52.0552353725273,-0.894203590411176,064,"Y51","Q33","34","UG","JD"
"MK196JL",10,52.0540040685325,-0.892338024252079,064,"Y51","Q33","34","UG","JD"
"MK196JN",10,52.0525502079239,-0.890711413403,064,"Y51","Q33","34","UG","JD"
"MK196JP",10,52.0490080015467,-0.892651115940482,064,"Y51","Q33","34","UG","JD"
"MK196JQ",10,52.0543068142723,-0.892024265677019,064,"Y51","Q33","34","UG","JD"
"MK196JR",10,52.0490080015467,-0.892651115940482,064,"Y51","Q33","34","UG","JD"
"MK196JS",10,52.0505785129743,-0.893297709392029,064,"Y51","Q33","34","UG","JD"
"MK196JT",10,52.0492297714459,-0.874300508775866,064,"Y51","Q33","34","UG","JD"
"MK196JU",10,52.0437954198655,-0.885256131464755,064,"Y51","Q33","34","UG","JD"
"MK196JW",10,52.0526803752635,-0.89021233812343,064,"Y51","Q33","34","UG","JD"
"MK196JX",10,52.0512888022432,-0.889473887738923,064,"Y51","Q33","34","UG","JD"
"MK196JY",10,52.0411075984519,-0.878674448076465,064,"Y51","Q33","34","UG","JD"
"MK196JZ",10,52.0541401852251,-0.89342848548232,064,"Y51","Q33","34","UG","JD"
"MK196LA",10,52.0652516290605,-0.86211066083609,064,"Y51","Q33","34","UG","JN"
"MK196LD",10,52.0493980214284,-0.888237465606726,064,"Y51","Q33","34","UG","JD"
"MK196LH",10,52.0536593883561,-0.896809312165444,064,"Y51","Q33","34","UG","JD"
"MK196LJ",10,52.0535284925716,-0.896272921875973,064,"Y51","Q33","34","UG","JD"
"MK196LL",10,52.0561432966384,-0.892270540512242,064,"Y51","Q33","34","UG","JD"
"MK196LN",10,52.0565228292856,-0.891517312686951,064,"Y51","Q33","34","UG","JD"
"MK196LP",10,52.0579828388043,-0.893800292445574,064,"Y51","Q33","34","UG","JD"
"MK196LR",10,52.0589800387289,-0.897553420019026,064,"Y51","Q33","34","UG","JD"
"MK196LS",10,52.0575150386701,-0.891857394275396,064,"Y51","Q33","34","UG","JD"
"MK196LT",10,52.0569647949,-0.891666813314827,064,"Y51","Q33","34","UG","JD"
"MK196LU",10,52.0554301622689,-0.890056704317009,064,"Y51","Q33","34","UG","JD"
"MK196LW",10,52.0571445417027,-0.893573044887663,064,"Y51","Q33","34","UG","JD"
"MK196LX",10,52.0563593787464,-0.889435690471557,064,"Y51","Q33","34","UG","JD"
"MK196LY",10,52.0562248750324,-0.888520167568476,064,"Y51","Q33","34","UG","JD"
"MK196LZ",10,52.0551221252381,-0.888853808307537,064,"Y51","Q33","34","UG","JD"
"MK196NA",10,52.0555994136569,-0.88798146336176,064,"Y51","Q33","34","UG","JD"
"MK196NB",10,52.0548511742199,-0.886818685738462,064,"Y51","Q33","34","UG","JD"
"MK196ND",10,52.0554133435936,-0.886367171921089,064,"Y51","Q33","34","UG","JD"
"MK196NF",10,52.054789063487,-0.891676892564797,064,"Y51","Q33","34","UG","JD"
"MK196NG",10,52.05473671252,-0.890890621846415,064,"Y51","Q33","34","UG","JD"
"MK196NH",10,52.0594209146445,-0.869114277361933,064,"Y51","Q33","34","UG","JN"
"MK196NL",10,52.0584183943851,-0.868643673712075,064,"Y51","Q33","34","UG","JN"
"MK196NN",10,52.060660676406,-0.869010039651365,064,"Y51","Q33","34","UG","JN"
"MK196NR",10,52.0798404577699,-0.873910140872017,064,"Y51","Q33","34","UG","JX"
"MK196NT",10,52.0653732894093,-0.864470834063136,064,"Y51","Q33","34","UG","JN"
"MK196NW",10,52.0603887361455,-0.869717055333762,064,"Y51","Q33","34","UG","JN"
"MK196NY",10,52.0657936484834,-0.863307706878814,064,"Y51","Q33","34","UG","JN"
"MK196NZ",10,52.0646114865709,-0.86472355722321,064,"Y51","Q33","34","UG","JN"
"MK196WN",10,52.0475813338625,-0.828772319088846,064,"Y52","Q38","00","MG","NW"
"MK196WP",10,52.0475813338625,-0.828772319088846,064,"Y52","Q38","00","MG","NW"
"MK196XP",10,52.0475813338625,-0.828772319088846,064,"Y52","Q38","00","MG","NW"
"MK196XQ",10,52.0475813338625,-0.828772319088846,064,"Y52","Q38","00","MG","NW"
"MK196XS",10,52.0475813338625,-0.828772319088846,064,"Y52","Q38","00","MG","NW"
"MK196ZH",10,52.0475813338625,-0.828772319088846,064,"Y52","Q38","00","MG","NW"
"MK196ZJ",10,52.0475813338625,-0.828772319088846,064,"Y52","Q38","00","MG","NW"
"MK197AA",10,52.0759855200944,-0.805616559801017,064,"Y52","Q38","00","MG","NK"
"MK197AB",10,52.0779365746949,-0.80384261145117,064,"Y52","Q38","00","MG","NK"
"MK197AD",10,52.0770376323449,-0.805632259668713,064,"Y52","Q38","00","MG","NK"
"MK197AE",10,52.0752962249431,-0.806802261838459,064,"Y52","Q38","00","MG","NK"
"MK197AF",10,52.0763535144979,-0.808218655253031,064,"Y52","Q38","00","MG","NK"
"MK197AG",10,52.0770714301137,-0.808972911845512,064,"Y52","Q38","00","MG","NK"
"MK197AH",10,52.0770418040579,-0.807820937887391,064,"Y52","Q38","00","MG","NK"
"MK197AJ",10,52.0770025874448,-0.806610853369523,064,"Y52","Q38","00","MG","NK"
"MK197AL",10,52.0767416377947,-0.80304281154253,064,"Y52","Q38","00","MG","NK"
"MK197AN",10,52.0753946784336,-0.803210154078792,064,"Y52","Q38","00","MG","NK"
"MK197AQ",10,52.076374860258,-0.806773507421993,064,"Y52","Q38","00","MG","NK"
"MK197AR",10,52.1151222018292,-0.829705109529766,064,"Y52","Q38","00","MG","NK"
"MK197AU",10,52.0750010765582,-0.806956042276125,064,"Y52","Q38","00","MG","NK"
"MK197AW",10,52.0763773991305,-0.803475712000169,064,"Y52","Q38","00","MG","NK"
"MK197AX",10,52.1121013486662,-0.824293337758724,064,"Y52","Q38","00","MG","NK"
"MK197BA",10,52.0769559787212,-0.848943126637534,064,"Y51","Q33","34","UG","JB"
"MK197BB",10,52.0704369087697,-0.86184756606366,064,"Y51","Q33","34","UG","JB"
"MK197BD",10,52.0711087045028,-0.858795782023585,064,"Y51","Q33","34","UG","JB"
"MK197BE",10,52.0845859395045,-0.851359250071107,064,"Y51","Q33","34","UG","JB"
"MK197BH",10,52.103215330472,-0.809663722421275,064,"Y52","Q38","00","MG","NK"
"MK197BJ",10,52.1084001852832,-0.819206910084272,064,"Y52","Q38","00","MG","NK"
"MK197BL",10,52.118089130789,-0.832417032473134,064,"Y52","Q38","00","MG","NK"
"MK197BN",10,52.1176273845345,-0.832093177026122,064,"Y52","Q38","00","MG","NK"
"MK197BP",10,52.1175699262252,-0.833555191590067,064,"Y52","Q38","00","MG","NK"
"MK197BQ",10,52.0990045870461,-0.819206810224006,064,"Y52","Q38","00","MG","NK"
"MK197BS",10,52.1180074454761,-0.83415719401058,064,"Y52","Q38","00","MG","NK"
"MK197BT",10,52.1174596716703,-0.835135419143976,064,"Y52","Q38","00","MG","NK"
"MK197BU",10,52.1207340373053,-0.834392791690328,064,"Y52","Q38","00","MG","NK"
"MK197BW",10,52.1191168717771,-0.832696900194691,064,"Y52","Q38","00","MG","NK"
"MK197BX",10,52.1201796101586,-0.837430690643056,064,"Y52","Q38","00","MG","NK"
"MK197BY",10,52.1244450912075,-0.841468204218928,064,"Y52","Q38","00","MG","NK"
"MK197BZ",10,52.124330626569,-0.840799234881035,064,"Y52","Q38","00","MG","NK"
"MK197DA",10,52.1222793649026,-0.838836728898223,064,"Y52","Q38","00","MG","NK"
"MK197DB",10,52.121887862362,-0.841081701719622,064,"Y52","Q38","00","MG","NK"
"MK197DD",10,52.1252588986646,-0.841023481567394,064,"Y52","Q38","00","MG","NK"
"MK197DE",10,52.1270726547561,-0.833482408438843,064,"Y52","Q38","00","MG","NK"
"MK197DF",10,52.0897161020859,-0.866772278500611,064,"Y51","Q33","34","UG","JB"
"MK197DL",10,52.0853093624386,-0.780162737184525,064,"Y52","Q38","00","MG","NK"
"MK197DN",10,52.0839966527353,-0.809182634251982,064,"Y52","Q38","00","MG","NK"
"MK197DP",10,52.0887563456294,-0.808632672756225,064,"Y52","Q38","00","MG","NK"
"MK197DQ",10,52.0805050432552,-0.790333741611092,064,"Y52","Q38","00","MG","NK"
"MK197DR",10,52.0863265904082,-0.80663948182272,064,"Y52","Q38","00","MG","NK"
"MK197DS",10,52.0796574866112,-0.800659166335736,064,"Y52","Q38","00","MG","NK"
"MK197DT",10,52.0775807183627,-0.792747520947547,064,"Y52","Q38","00","MG","NK"
"MK197DU",10,52.0797612373718,-0.790572739198463,064,"Y52","Q38","00","MG","NK"
"MK197DW",10,52.086636949053,-0.809769141622339,064,"Y52","Q38","00","MG","NK"
"MK197DX",10,52.0802505204944,-0.789187774517721,064,"Y52","Q38","00","MG","NK"
"MK197DY",10,52.0850280684545,-0.780783377873123,064,"Y52","Q38","00","MG","NK"
"MK197DZ",10,52.0795305274936,-0.790870829217675,064,"Y52","Q38","00","MG","NK"
"MK197EA",10,52.0905172581458,-0.77083961908688,064,"Y52","Q38","00","MG","NK"
"MK197EB",10,52.0909267798972,-0.768726469477552,064,"Y52","Q38","00","MG","NK"
"MK197EE",10,52.0904535869649,-0.768184831878807,064,"Y52","Q38","00","MG","NK"
"MK197EF",10,52.0913359839846,-0.835553039964135,064,"Y52","Q38","00","MG","NK"
"MK197EG",10,52.0907905085774,-0.834034618385002,064,"Y52","Q38","00","MG","NK"
"MK197EH",10,52.0911417435207,-0.835003429177758,064,"Y52","Q38","00","MG","NK"
"MK197EJ",10,52.0898253062594,-0.835533976510083,064,"Y52","Q38","00","MG","NK"
"MK197EL",10,52.0919701452569,-0.835127823196907,064,"Y52","Q38","00","MG","NK"
"MK197EN",10,52.0921724149332,-0.834670054326005,064,"Y52","Q38","00","MG","NK"
"MK197EP",10,52.0927833410661,-0.830990283884555,064,"Y52","Q38","00","MG","NK"
"MK197ER",10,52.0939411442054,-0.830784856855169,064,"Y52","Q38","00","MG","NK"
"MK197ES",10,52.0842135138757,-0.820020397955441,064,"Y52","Q38","00","MG","NK"
"MK197ET",10,52.0922381480655,-0.815998951756326,064,"Y52","Q38","00","MG","NK"
"MK197EU",10,52.0928038996107,-0.837616801954025,064,"Y52","Q38","00","MG","NK"
"MK197EW",10,52.0930086946091,-0.83377244217376,064,"Y52","Q38","00","MG","NK"
"MK197EX",10,52.0921701822722,-0.832626555989764,064,"Y52","Q38","00","MG","NK"
"MK197EY",10,52.0920407280194,-0.83226501442677,064,"Y52","Q38","00","MG","NK"
"MK197HA",10,52.0953652471814,-0.837506446852684,064,"Y52","Q38","00","MG","NK"
"MK197HD",10,52.0957086154544,-0.838592371311944,064,"Y52","Q38","00","MG","NK"
"MK197HE",10,52.0922260284564,-0.839193680000876,064,"Y52","Q38","00","MG","NK"
"MK197HF",10,52.0902914139522,-0.840864058151474,064,"Y52","Q38","00","MG","NK"
"MK197HG",10,52.0905935309269,-0.839586351340202,064,"Y52","Q38","00","MG","NK"
"MK197HH",10,52.0955145189849,-0.851823117057807,064,"Y52","Q38","00","MG","NK"
"MK197HJ",10,52.1038512874406,-0.860384033972258,064,"Y52","Q38","00","MG","NK"
"MK197HL",10,52.1157374135338,-0.852048523524314,064,"Y52","Q38","00","MG","NK"
"MK197HN",10,52.1199212264696,-0.8607045775445,064,"Y52","Q38","00","MG","NK"
"MK197HP",10,52.1183201072879,-0.847673606466712,064,"Y52","Q38","00","MG","NK"
"MK197HQ",10,52.1113804962686,-0.834096381895318,064,"Y52","Q38","00","MG","NK"
"MK197HR",10,52.0893177631429,-0.840597366860275,064,"Y52","Q38","00","MG","NK"
"MK197HS",10,52.0932129073825,-0.849064944618329,064,"Y52","Q38","00","MG","NK"
"MK197HT",10,52.112026958113,-0.834006504495047,064,"Y52","Q38","00","MG","NK"
"MK197HU",10,52.1119263505088,-0.833833889301742,064,"Y52","Q38","00","MG","NK"
"MK197JA",10,52.0751709326939,-0.848449153231656,064,"Y51","Q33","34","UG","JB"
"MK197JD",10,52.0758238288173,-0.845338962126365,064,"Y51","Q33","34","UG","JB"
"MK197JF",10,52.0770039132723,-0.849248323054233,064,"Y51","Q33","34","UG","JB"
"MK197JG",10,52.0777297363963,-0.848076885640607,064,"Y51","Q33","34","UG","JB"
"MK197JH",10,52.076942719642,-0.845747853267456,064,"Y51","Q33","34","UG","JB"
"MK197JJ",10,52.0810706567252,-0.84035865009431,064,"Y51","Q33","34","UG","JB"
"MK197JL",10,52.0762323702325,-0.842074492004593,064,"Y51","Q33","34","UG","JB"
"MK197JN",10,52.0772082734274,-0.841655262520733,064,"Y51","Q33","34","UG","JB"
"MK197JP",10,52.0754176048718,-0.840592659574218,064,"Y51","Q33","34","UG","JB"
"MK197JQ",10,52.0762433024714,-0.848698804989018,064,"Y51","Q33","34","UG","JB"
"MK197JR",10,52.0738479175582,-0.841888128594878,064,"Y51","Q33","34","UG","JB"
"MK197JS",10,52.1153954827923,-0.830063064744524,064,"Y52","Q38","00","MG","NK"
"MK197JT",10,52.1179791330799,-0.830389774151286,064,"Y52","Q38","00","MG","NK"
"MK197JW",10,52.0774128172276,-0.840511792298752,064,"Y51","Q33","34","UG","JB"
"MK197LA",10,52.115380801077,-0.832210298374652,064,"Y52","Q38","00","MG","NK"
"MK197LB",10,52.1165635427799,-0.831799670728787,064,"Y52","Q38","00","MG","NK"
"MK197LD",10,52.1159224559068,-0.831524334942704,064,"Y52","Q38","00","MG","NK"
"MK197LE",10,52.1159492929077,-0.830603543342568,064,"Y52","Q38","00","MG","NK"
"MK197LF",10,52.114168826188,-0.829671654987835,064,"Y52","Q38","00","MG","NK"
"MK197LG",10,52.1151277063488,-0.830259930171655,064,"Y52","Q38","00","MG","NK"
"MK197LH",10,52.113669086493,-0.828238957220537,064,"Y52","Q38","00","MG","NK"
"MK197LJ",10,52.1137441800281,-0.827652833226253,064,"Y52","Q38","00","MG","NK"
"MK197LL",10,52.1140937208151,-0.827541437493478,064,"Y52","Q38","00","MG","NK"
"MK197LN",10,52.11419969726,-0.827348805206562,064,"Y52","Q38","00","MG","NK"
"MK197LP",10,52.1135240977079,-0.827220490978286,064,"Y52","Q38","00","MG","NK"
"MK197LQ",10,52.115021153551,-0.828583224000284,064,"Y52","Q38","00","MG","NK"
"MK197LR",10,52.11326095871,-0.826979131531713,064,"Y52","Q38","00","MG","NK"
"MK197LS",10,52.1129653323891,-0.826183689525475,064,"Y52","Q38","00","MG","NK"
"MK197LT",10,52.1124923710678,-0.824735761180917,064,"Y52","Q38","00","MG","NK"
"MK197LU",10,52.1148013550518,-0.827274603576719,064,"Y52","Q38","00","MG","NK"
"MK197LW",10,52.1136045701562,-0.828080006233076,064,"Y52","Q38","00","MG","NK"
"MK197LX",10,52.1139903271698,-0.82618598050839,064,"Y52","Q38","00","MG","NK"
"MK197LY",10,52.11448906088,-0.826611007169207,064,"Y52","Q38","00","MG","NK"
"MK197LZ",10,52.1174208237113,-0.830302149489334,064,"Y52","Q38","00","MG","NK"
"MK197NA",10,52.1139998726168,-0.825338699420882,064,"Y52","Q38","00","MG","NK"
"MK197NB",10,52.1149053229634,-0.823270305963048,064,"Y52","Q38","00","MG","NK"
"MK197ND",10,52.1155971369428,-0.820521050857279,064,"Y52","Q38","00","MG","NK"
"MK197NE",10,52.116465822734,-0.811224083882081,064,"Y52","Q38","00","MG","NK"
"MK197NF",10,52.1158724954178,-0.802345657862258,064,"Y52","Q38","00","MG","NK"
"MK197NG",10,52.1171836428806,-0.829957836712122,064,"Y52","Q38","00","MG","NK"
"MK197NH",10,52.1178274933426,-0.828699537190354,064,"Y52","Q38","00","MG","NK"
"MK197NJ",10,52.1167603069315,-0.828070286001423,064,"Y52","Q38","00","MG","NK"
"MK197NL",10,52.1162425851011,-0.827543487044389,064,"Y52","Q38","00","MG","NK"
"MK197NN",10,52.1166232690065,-0.826043808106837,064,"Y52","Q38","00","MG","NK"
"MK197NP",10,52.1158553107139,-0.825669655512587,064,"Y52","Q38","00","MG","NK"
"MK197NQ",10,52.1171449371545,-0.828775845309886,064,"Y52","Q38","00","MG","NK"
"MK197NR",10,52.1159579389673,-0.825141192970319,064,"Y52","Q38","00","MG","NK"
"MK197NS",10,52.1154413683532,-0.824731242419508,064,"Y52","Q38","00","MG","NK"
"MK197NT",10,52.1149836404025,-0.823910833177496,064,"Y52","Q38","00","MG","NK"
"MK197NU",10,52.1147438593316,-0.82420922675352,064,"Y52","Q38","00","MG","NK"
"MK197NW",10,52.1161964649574,-0.826522368650945,064,"Y52","Q38","00","MG","NK"
"MK197NX",10,52.1152590077208,-0.82537863045126,064,"Y52","Q38","00","MG","NK"
"MK197NY",10,52.1147962241783,-0.824952665219341,064,"Y52","Q38","00","MG","NK"
"MK197NZ",10,52.113541888777,-0.825394546401526,064,"Y52","Q38","00","MG","NK"
"MK197PA",10,52.1118053378212,-0.825264938098904,064,"Y52","Q38","00","MG","NK"
"MK197PB",10,52.1152130716411,-0.826183077957355,064,"Y52","Q38","00","MG","NK"
"MK197PE",10,52.1125533083379,-0.826340544052967,064,"Y52","Q38","00","MG","NK"
"MK197PG",10,52.1168629586046,-0.834800453874199,064,"Y52","Q38","00","MG","NK"
"MK197PJ",10,52.1172042147658,-0.831125699278538,064,"Y52","Q38","00","MG","NK"
"MK197PL",10,52.0939841625249,-0.832404046791916,064,"Y52","Q38","00","MG","NK"
"MK197PQ",10,52.1169872127706,-0.834636560166435,064,"Y52","Q38","00","MG","NK"
"MK197WD",10,52.0475813338625,-0.828772319088846,064,"Y52","Q38","00","MG","NW"
"MK197WT",10,52.0475813338625,-0.828772319088846,064,"Y52","Q38","00","MG","NW"
"MK197WW",10,52.0475813338625,-0.828772319088846,064,"Y52","Q38","00","MG","NW"
"MK197YQ",10,52.0475813338625,-0.828772319088846,064,"Y52","Q38","00","MG","NW"
"MK197ZN",10,52.0475813338625,-0.828772319088846,064,"Y52","Q38","00","MG","NW"
"MK197ZQ",10,52.0475813338625,-0.828772319088846,064,"Y52","Q38","00","MG","NW"
"MK197ZS",10,52.0475813338625,-0.828772319088846,064,"Y52","Q38","00","MG","NW"
"MK2 2AA",10,51.9946016342439,-0.729480808384456,064,"Y52","Q38","00","MG","NB"
"MK2 2AF",10,51.9950613554263,-0.733764576373337,064,"Y52","Q38","00","MG","NB"
"MK2 2AL",10,51.9974449635875,-0.713931083556605,064,"Y52","Q38","00","MG","NB"
"MK2 2AP",10,51.9998185263841,-0.725502035613192,064,"Y52","Q38","00","MG","NB"
"MK2 2AQ",10,51.9963343967964,-0.716803232301641,064,"Y52","Q38","00","MG","NB"
"MK2 2AS",10,51.9950613554263,-0.733764576373337,064,"Y52","Q38","00","MG","NB"
"MK2 2AT",10,51.9979209562189,-0.713058032752128,064,"Y52","Q38","00","MG","NB"
"MK2 2AU",10,51.997038576331,-0.713767935230706,064,"Y52","Q38","00","MG","NB"
"MK2 2AW",10,51.9978557286265,-0.713671687046699,064,"Y52","Q38","00","MG","NB"
"MK2 2AZ",10,51.997341620112,-0.715172164679708,064,"Y52","Q38","00","MG","NB"
"MK2 2BA",10,51.9970271414305,-0.71684169214285,064,"Y52","Q38","00","MG","NB"
"MK2 2BE",10,51.9957682179901,-0.718479896439543,064,"Y52","Q38","00","MG","NB"
"MK2 2BG",10,51.9961955443688,-0.718088987057094,064,"Y52","Q38","00","MG","NB"
"MK2 2BH",10,51.9977389730849,-0.716981571047308,064,"Y52","Q38","00","MG","NB"
"MK2 2BJ",10,51.9980850808786,-0.716563819487757,064,"Y52","Q38","00","MG","NB"
"MK2 2BL",10,51.99843947987,-0.715257269382404,064,"Y52","Q38","00","MG","NB"
"MK2 2BQ",10,51.9969350871942,-0.71747066098462,064,"Y52","Q38","00","MG","NB"
"MK2 2BS",10,51.9974314443796,-0.712693348224104,064,"Y52","Q38","00","MG","NB"
"MK2 2BT",10,51.997627757579,-0.712556621962047,064,"Y52","Q38","00","MG","NB"
"MK2 2BU",10,51.9980209930353,-0.71563340648892,064,"Y52","Q38","00","MG","NB"
"MK2 2BW",10,51.998524453535,-0.713157260654238,064,"Y52","Q38","00","MG","NB"
"MK2 2BY",10,51.9993195613403,-0.717635592278984,064,"Y52","Q38","00","MG","NB"
"MK2 2BZ",10,51.9964113948541,-0.721403827149219,064,"Y52","Q38","00","MG","NB"
"MK2 2DD",10,51.9994596191758,-0.715635938483747,064,"Y52","Q38","00","MG","NB"
"MK2 2DE",10,51.9995090061185,-0.71604239616109,064,"Y52","Q38","00","MG","NB"
"MK2 2DG",10,51.995767703368,-0.726724038739287,064,"Y52","Q38","00","MG","NB"
"MK2 2DH",10,51.9951160548766,-0.728825371918967,064,"Y52","Q38","00","MG","NB"
"MK2 2DJ",10,51.9933335335648,-0.727783487269832,064,"Y52","Q38","00","MG","NB"
"MK2 2DL",10,51.993667261791,-0.7328863107943,064,"Y52","Q38","00","MG","NB"
"MK2 2DN",10,51.9950953730421,-0.729408572365832,064,"Y52","Q38","00","MG","NB"
"MK2 2DR",10,51.994773898421,-0.731282025396001,064,"Y52","Q38","00","MG","NB"
"MK2 2DW",10,51.9950060766063,-0.730299585615651,064,"Y52","Q38","00","MG","NB"
"MK2 2DY",10,51.9952777197084,-0.727975998921567,064,"Y52","Q38","00","MG","NB"
"MK2 2DZ",10,51.9955543404445,-0.72694857372139,064,"Y52","Q38","00","MG","NB"
"MK2 2EB",10,51.9959703573761,-0.725509340703033,064,"Y52","Q38","00","MG","NB"
"MK2 2ED",10,51.9958486140963,-0.725891503432434,064,"Y52","Q38","00","MG","NB"
"MK2 2EE",10,51.9959703573761,-0.725509340703033,064,"Y52","Q38","00","MG","NB"
"MK2 2EH",10,51.9962838487037,-0.722907734044858,064,"Y52","Q38","00","MG","NB"
"MK2 2EN",10,51.9974711789482,-0.732108886294788,064,"Y52","Q38","00","MG","NB"
"MK2 2EQ",10,51.9959687818999,-0.725363728856716,064,"Y52","Q38","00","MG","NB"
"MK2 2ER",10,51.9957293696677,-0.727336880377805,064,"Y52","Q38","00","MG","NB"
"MK2 2ES",10,51.9940299340826,-0.733167374171481,064,"Y52","Q38","00","MG","NB"
"MK2 2EX",10,51.9948691644848,-0.730944331126973,064,"Y52","Q38","00","MG","NB"
"MK2 2EZ",10,51.9956596352823,-0.72007064310006,064,"Y52","Q38","00","MG","NB"
"MK2 2FA",10,52.0109170620988,-0.725813298903422,064,"Y52","Q38","00","MG","NB"
"MK2 2GT",10,51.9893825723543,-0.721618565562577,064,"Y52","Q38","00","MG","NG"
"MK2 2HA",10,51.9954197275008,-0.718679196926735,064,"Y52","Q38","00","MG","NB"
"MK2 2HB",10,51.9955699796853,-0.723408706691453,064,"Y52","Q38","00","MG","NB"
"MK2 2HE",10,51.9938354748932,-0.733478725895991,064,"Y52","Q38","00","MG","NB"
"MK2 2HH",10,51.994031982159,-0.726685881105229,064,"Y52","Q38","00","MG","NB"
"MK2 2HJ",10,51.9930221366501,-0.725593042412721,064,"Y52","Q38","00","MG","NB"
"MK2 2HL",10,51.994108482368,-0.7254456816676,064,"Y52","Q38","00","MG","NB"
"MK2 2HN",10,51.992544014271,-0.722955867530797,064,"Y52","Q38","00","MG","NB"
"MK2 2HP",10,51.993028481919,-0.718718320135788,064,"Y52","Q38","00","MG","NB"
"MK2 2HQ",10,51.9971908891461,-0.726130157311807,064,"Y52","Q38","00","MG","NB"
"MK2 2HR",10,51.9918350023931,-0.721417653672244,064,"Y52","Q38","00","MG","NB"
"MK2 2HS",10,51.9912841531483,-0.720370159119374,064,"Y52","Q38","00","MG","NB"
"MK2 2HT",10,51.9913293053992,-0.717907529016154,064,"Y52","Q38","00","MG","NB"
"MK2 2HU",10,51.9928579760409,-0.715446138187978,064,"Y52","Q38","00","MG","NB"
"MK2 2HW",10,51.9936862578416,-0.719675395958036,064,"Y52","Q38","00","MG","NB"
"MK2 2HX",10,51.9949102280812,-0.712357822620803,064,"Y52","Q38","00","MG","NB"
"MK2 2HY",10,51.9941440527916,-0.714651952699606,064,"Y52","Q38","00","MG","NB"
"MK2 2HZ",10,51.9956871121912,-0.715161260128799,064,"Y52","Q38","00","MG","NB"
"MK2 2JA",10,51.9958242218786,-0.716191494894516,064,"Y52","Q38","00","MG","NB"
"MK2 2JB",10,51.9951594938129,-0.715423974078715,064,"Y52","Q38","00","MG","NB"
"MK2 2JD",10,51.9943478345343,-0.715199593302549,064,"Y52","Q38","00","MG","NB"
"MK2 2JE",10,51.9944968856775,-0.718152061257197,064,"Y52","Q38","00","MG","NB"
"MK2 2JF",10,51.994494033377,-0.717889969298811,064,"Y52","Q38","00","MG","NB"
"MK2 2JG",10,51.9926953920504,-0.717853950577715,064,"Y52","Q38","00","MG","NB"
"MK2 2JH",10,51.994450259333,-0.716347310852831,064,"Y52","Q38","00","MG","NB"
"MK2 2JJ",10,51.993979210363,-0.716025785065797,064,"Y52","Q38","00","MG","NB"
"MK2 2JL",10,51.9937894394288,-0.715113620204169,064,"Y52","Q38","00","MG","NB"
"MK2 2JN",10,51.9932478699289,-0.71657103501963,064,"Y52","Q38","00","MG","NB"
"MK2 2JP",10,51.9987983411812,-0.731780064533408,064,"Y52","Q38","00","MG","NB"
"MK2 2JQ",10,51.9924219344828,-0.717512212130635,064,"Y52","Q38","00","MG","NB"
"MK2 2JS",10,51.9932903710476,-0.732955208002725,064,"Y52","Q38","00","MG","NB"
"MK2 2JU",10,51.9960426765788,-0.73555760305184,064,"Y52","Q38","00","MG","NB"
"MK2 2JW",10,51.9925590902817,-0.716896582280309,064,"Y52","Q38","00","MG","NB"
"MK2 2JX",10,51.9905863825441,-0.727337033613513,064,"Y52","Q38","00","MG","NB"
"MK2 2JY",10,51.9904205270016,-0.725302795242675,064,"Y52","Q38","00","MG","NB"
"MK2 2JZ",10,51.9909409179273,-0.724370486421995,064,"Y52","Q38","00","MG","NB"
"MK2 2LA",10,51.9901817817542,-0.723183261582605,064,"Y52","Q38","00","MG","NB"
"MK2 2LB",10,51.9888276129473,-0.720192595372046,064,"Y52","Q38","00","MG","NG"
"MK2 2LD",10,51.9879485766879,-0.71873221851548,064,"Y52","Q38","00","MG","NG"
"MK2 2LE",10,51.9883608956495,-0.717788407807366,064,"Y52","Q38","00","MG","NG"
"MK2 2LG",10,51.9895520067143,-0.719006860023826,064,"Y52","Q38","00","MG","NG"
"MK2 2LJ",10,51.9953461724802,-0.721011770673457,064,"Y52","Q38","00","MG","NB"
"MK2 2LL",10,51.9897299475979,-0.717181327730369,064,"Y52","Q38","00","MG","NG"
"MK2 2LN",10,51.9922088827063,-0.731048662331705,064,"Y52","Q38","00","MG","NB"
"MK2 2LP",10,51.9930480535605,-0.732160988695659,064,"Y52","Q38","00","MG","NB"
"MK2 2LQ",10,51.989976106726,-0.720800661052541,064,"Y52","Q38","00","MG","NG"
"MK2 2LR",10,51.9925218615668,-0.731724348632825,064,"Y52","Q38","00","MG","NB"
"MK2 2LS",10,51.9920498595067,-0.73214548552576,064,"Y52","Q38","00","MG","NB"
"MK2 2LT",10,51.9914332564321,-0.732497874825541,064,"Y52","Q38","00","MG","NB"
"MK2 2LU",10,51.99235509657,-0.732937911353869,064,"Y52","Q38","00","MG","NB"
"MK2 2LW",10,51.9936540992059,-0.731663230956963,064,"Y52","Q38","00","MG","NB"
"MK2 2LX",10,51.991669870547,-0.733598077706141,064,"Y52","Q38","00","MG","NB"
"MK2 2LY",10,51.9923532411106,-0.734438104451148,064,"Y52","Q38","00","MG","NB"
"MK2 2LZ",10,51.9910848949117,-0.730206587678135,064,"Y52","Q38","00","MG","NB"
"MK2 2NB",10,51.9979366210326,-0.722758744087326,064,"Y52","Q38","00","MG","NB"
"MK2 2ND",10,51.9976452005493,-0.722417447838149,064,"Y52","Q38","00","MG","NB"
"MK2 2NE",10,51.9969147833281,-0.724710528682242,064,"Y52","Q38","00","MG","NB"
"MK2 2NF",10,51.9971330161106,-0.722446592307148,064,"Y52","Q38","00","MG","NB"
"MK2 2NG",10,51.9966546926414,-0.720624904774522,064,"Y52","Q38","00","MG","NB"
"MK2 2NH",10,51.996849841543,-0.718725768758742,064,"Y52","Q38","00","MG","NB"
"MK2 2NJ",10,51.9976051880796,-0.718733339207583,064,"Y52","Q38","00","MG","NB"
"MK2 2NL",10,51.9963135433174,-0.719017827023365,064,"Y52","Q38","00","MG","NB"
"MK2 2NN",10,51.9973677582549,-0.720051067600307,064,"Y52","Q38","00","MG","NB"
"MK2 2NP",10,51.9976143710763,-0.719577916712562,064,"Y52","Q38","00","MG","NB"
"MK2 2NQ",10,51.9967128667054,-0.720186269469899,064,"Y52","Q38","00","MG","NB"
"MK2 2NR",10,51.9978423317611,-0.71821675006905,064,"Y52","Q38","00","MG","NB"
"MK2 2NT",10,51.9983637360254,-0.71986243447013,064,"Y52","Q38","00","MG","NB"
"MK2 2NW",10,51.9979996394878,-0.72028067597507,064,"Y52","Q38","00","MG","NB"
"MK2 2NX",10,51.9981429485551,-0.719402607695746,064,"Y52","Q38","00","MG","NB"
"MK2 2NY",10,51.9981983833787,-0.717886121395863,064,"Y52","Q38","00","MG","NB"
"MK2 2NZ",10,51.9988763942493,-0.719876945760081,064,"Y52","Q38","00","MG","NB"
"MK2 2PA",10,51.9990228668013,-0.719290101819037,064,"Y52","Q38","00","MG","NB"
"MK2 2PB",10,51.9997835237104,-0.724760117850249,064,"Y52","Q38","00","MG","NB"
"MK2 2PD",10,51.999386678622,-0.719673023355571,064,"Y52","Q38","00","MG","NB"
"MK2 2PE",10,51.9992568046951,-0.721788904318855,064,"Y52","Q38","00","MG","NB"
"MK2 2PF",10,51.9994722116502,-0.721753636033011,064,"Y52","Q38","00","MG","NB"
"MK2 2PG",10,51.9992331777766,-0.724586387585614,064,"Y52","Q38","00","MG","NB"
"MK2 2PH",10,51.9989903267283,-0.725409020430949,064,"Y52","Q38","00","MG","NB"
"MK2 2PL",10,51.9991595070523,-0.726919152014361,064,"Y52","Q38","00","MG","NB"
"MK2 2PN",10,51.9998221590215,-0.724176343668649,064,"Y52","Q38","00","MG","NB"
"MK2 2PP",10,51.9996994235484,-0.727792415968653,064,"Y52","Q38","00","MG","NB"
"MK2 2PR",10,51.9984010309609,-0.723299053624018,064,"Y52","Q38","00","MG","NB"
"MK2 2PT",10,51.9986359842208,-0.722578610548362,064,"Y52","Q38","00","MG","NB"
"MK2 2PU",10,51.9981583043996,-0.727457372986028,064,"Y52","Q38","00","MG","NB"
"MK2 2PX",10,51.997794966687,-0.727948360343942,064,"Y52","Q38","00","MG","NB"
"MK2 2PY",10,51.9988456476469,-0.728661478564581,064,"Y52","Q38","00","MG","NB"
"MK2 2PZ",10,51.999515823434,-0.729108632744171,064,"Y52","Q38","00","MG","NB"
"MK2 2QA",10,51.9985043259988,-0.73036085780357,064,"Y52","Q38","00","MG","NB"
"MK2 2QB",10,51.9995119782783,-0.73041975383563,064,"Y52","Q38","00","MG","NB"
"MK2 2QD",10,51.999229568152,-0.7300781413194,064,"Y52","Q38","00","MG","NB"
"MK2 2QE",10,51.9979421310582,-0.730755484198143,064,"Y52","Q38","00","MG","NB"
"MK2 2QF",10,51.9982766950306,-0.731765671217473,064,"Y52","Q38","00","MG","NB"
"MK2 2QG",10,51.9978023793334,-0.7336435523999,064,"Y52","Q38","00","MG","NB"
"MK2 2QL",10,51.9989326716804,-0.72922711154012,064,"Y52","Q38","00","MG","NB"
"MK2 2QN",10,51.9981967154812,-0.729349912988649,064,"Y52","Q38","00","MG","NB"
"MK2 2RA",10,51.9936665793418,-0.727817743502662,064,"Y52","Q38","00","MG","NB"
"MK2 2RB",10,51.9933942246709,-0.728408054500553,064,"Y52","Q38","00","MG","NB"
"MK2 2RD",10,51.9918657574502,-0.726747321790866,064,"Y52","Q38","00","MG","NB"
"MK2 2RE",10,51.9917181456146,-0.727232129336301,064,"Y52","Q38","00","MG","NB"
"MK2 2RF",10,51.9910934852018,-0.728502348511685,064,"Y52","Q38","00","MG","NB"
"MK2 2RG",10,51.9917116479523,-0.728295505468636,064,"Y52","Q38","00","MG","NB"
"MK2 2RH",10,51.9933728801729,-0.729763186455907,064,"Y52","Q38","00","MG","NB"
"MK2 2RL",10,51.9928795481874,-0.727373977967898,064,"Y52","Q38","00","MG","NB"
"MK2 2RN",10,51.9926916384804,-0.729957237243259,064,"Y52","Q38","00","MG","NB"
"MK2 2RP",10,51.9905153607813,-0.729086712934038,064,"Y52","Q38","00","MG","NB"
"MK2 2RQ",10,51.9926156833447,-0.728750527225534,064,"Y52","Q38","00","MG","NB"
"MK2 2RR",10,51.9943716120296,-0.728161891415905,064,"Y52","Q38","00","MG","NB"
"MK2 2RS",10,51.9944546771405,-0.729193664487569,064,"Y52","Q38","00","MG","NB"
"MK2 2RU",10,51.9943490865239,-0.731075554898604,064,"Y52","Q38","00","MG","NB"
"MK2 2RW",10,51.9916054819477,-0.729288880897324,064,"Y52","Q38","00","MG","NB"
"MK2 2RX",10,51.9943328347377,-0.731236230602227,064,"Y52","Q38","00","MG","NB"
"MK2 2SA",10,51.994244934719,-0.732258271256912,064,"Y52","Q38","00","MG","NB"
"MK2 2SF",10,51.9939430859147,-0.73261635542389,064,"Y52","Q38","00","MG","NB"
"MK2 2SN",10,51.9937871065889,-0.734834629740264,064,"Y52","Q38","00","MG","NB"
"MK2 2SP",10,51.9949058895773,-0.727680663981903,064,"Y52","Q38","00","MG","NB"
"MK2 2SQ",10,51.9938995778339,-0.734423640694262,064,"Y52","Q38","00","MG","NB"
"MK2 2SS",10,51.9950970293472,-0.727063500738769,064,"Y52","Q38","00","MG","NB"
"MK2 2ST",10,51.9951998551625,-0.726594491843598,064,"Y52","Q38","00","MG","NB"
"MK2 2SW",10,51.9948267230487,-0.727843125960253,064,"Y52","Q38","00","MG","NB"
"MK2 2SZ",10,51.9952881783785,-0.725616102065157,064,"Y52","Q38","00","MG","NB"
"MK2 2TE",10,51.9952646869869,-0.725106978954331,064,"Y52","Q38","00","MG","NB"
"MK2 2TG",10,51.9986083646733,-0.717553946480344,064,"Y52","Q38","00","MG","NB"
"MK2 2TH",10,51.9954301805637,-0.72877277991518,064,"Y52","Q38","00","MG","NB"
"MK2 2TJ",10,51.9976331107244,-0.729613493481372,064,"Y52","Q38","00","MG","NB"
"MK2 2TL",10,51.987685968717,-0.717734866606993,064,"Y52","Q38","00","MG","NG"
"MK2 2TP",10,51.9964283740107,-0.728788207926315,064,"Y52","Q38","00","MG","NB"
"MK2 2TQ",10,51.9988835183355,-0.71722561889723,064,"Y52","Q38","00","MG","NB"
"MK2 2TR",10,51.9968035000696,-0.729389352889998,064,"Y52","Q38","00","MG","NB"
"MK2 2TS",10,51.9961109152972,-0.729365260667625,064,"Y52","Q38","00","MG","NB"
"MK2 2TT",10,51.9963483850047,-0.729708117126022,064,"Y52","Q38","00","MG","NB"
"MK2 2TW",10,51.9958906360379,-0.728949092925652,064,"Y52","Q38","00","MG","NB"
"MK2 2TX",10,51.9958366691365,-0.729780860815024,064,"Y52","Q38","00","MG","NB"
"MK2 2TZ",10,51.9961272400409,-0.7308796316663,064,"Y52","Q38","00","MG","NB"
"MK2 2UA",10,51.9955743451016,-0.731303098300612,064,"Y52","Q38","00","MG","NB"
"MK2 2UD",10,51.9961186723142,-0.731753815818728,064,"Y52","Q38","00","MG","NB"
"MK2 2UG",10,51.9954963733442,-0.732412279729849,064,"Y52","Q38","00","MG","NB"
"MK2 2UP",10,51.9967999166596,-0.731559776533651,064,"Y52","Q38","00","MG","NB"
"MK2 2UQ",10,51.9960476485639,-0.73267345999833,064,"Y52","Q38","00","MG","NB"
"MK2 2UR",10,51.9966877691645,-0.731999922180569,064,"Y52","Q38","00","MG","NB"
"MK2 2UT",10,51.9966722433023,-0.730558338819103,064,"Y52","Q38","00","MG","NB"
"MK2 2UW",10,51.994549010586,-0.733779028428767,064,"Y52","Q38","00","MG","NB"
"MK2 2UZ",10,51.9878215868442,-0.715328094371459,064,"Y52","Q38","00","MG","NG"
"MK2 2WB",10,52.0109170620988,-0.725813298903422,064,"Y52","Q38","00","MG","NB"
"MK2 2WL",10,52.0109170620988,-0.725813298903422,064,"Y52","Q38","00","MG","NB"
"MK2 2WR",10,52.0109170620988,-0.725813298903422,064,"Y52","Q38","00","MG","NB"
"MK2 2WX",10,52.0109170620988,-0.725813298903422,064,"Y52","Q38","00","MG","NB"
"MK2 2XE",10,51.9998122890979,-0.716645530419786,064,"Y52","Q38","00","MG","NB"
"MK2 2XP",10,51.9993813199479,-0.716701553974295,064,"Y52","Q38","00","MG","NB"
"MK2 2XU",10,52.0109170620988,-0.725813298903422,064,"Y52","Q38","00","MG","NB"
"MK2 2YY",10,51.9960197188427,-0.725085534615782,064,"Y52","Q38","00","MG","NB"
"MK2 2YZ",10,51.9943657941261,-0.727623146285212,064,"Y52","Q38","00","MG","NB"
"MK2 2ZH",10,52.0109170620988,-0.725813298903422,064,"Y52","Q38","00","MG","NB"
"MK2 2ZW",10,51.9947713381318,-0.731879273451564,064,"Y52","Q38","00","MG","NB"
"MK2 3AB",10,51.9869757998464,-0.719400737628912,064,"Y52","Q38","00","MG","NG"
"MK2 3AD",10,51.9869731409194,-0.719983323310938,064,"Y52","Q38","00","MG","NG"
"MK2 3AE",10,51.9902816916817,-0.728263190494575,064,"Y52","Q38","00","MG","NB"
"MK2 3AF",10,51.9899449250965,-0.72538911683224,064,"Y52","Q38","00","MG","NB"
"MK2 3AG",10,51.989513004369,-0.722867318513611,064,"Y52","Q38","00","MG","NB"
"MK2 3AH",10,51.9888030724062,-0.725392405752665,064,"Y52","Q38","00","MG","NG"
"MK2 3AJ",10,51.9896665852669,-0.726256271805424,064,"Y52","Q38","00","MG","NG"
"MK2 3AL",10,51.9899098323903,-0.728798016338799,064,"Y52","Q38","00","MG","NG"
"MK2 3AN",10,51.990262503505,-0.730652197265301,064,"Y52","Q38","00","MG","NG"
"MK2 3AP",10,51.9892164426669,-0.732036172809239,064,"Y52","Q38","00","MG","NG"
"MK2 3AQ",10,51.9893450685691,-0.723964358782622,064,"Y52","Q38","00","MG","NG"
"MK2 3AR",10,51.9889232083054,-0.733194959421939,064,"Y52","Q38","00","MG","NG"
"MK2 3AS",10,51.9883329043861,-0.731813549967641,064,"Y52","Q38","00","MG","NG"
"MK2 3AT",10,51.9880080640599,-0.731706220380288,064,"Y52","Q38","00","MG","NG"
"MK2 3AU",10,51.9895358466938,-0.730803813349611,064,"Y52","Q38","00","MG","NG"
"MK2 3AW",10,51.9901508759965,-0.732810789878776,064,"Y52","Q38","00","MG","NG"
"MK2 3BA",10,51.9860075441862,-0.732126785737317,064,"Y52","Q38","00","MG","NG"
"MK2 3BB",10,51.9861068879291,-0.73216766806639,064,"Y52","Q38","00","MG","NG"
"MK2 3BF",10,51.9896516807237,-0.734048221258406,064,"Y52","Q38","00","MG","NG"
"MK2 3BH",10,51.9868778045609,-0.732786659792176,064,"Y52","Q38","00","MG","NG"
"MK2 3BJ",10,51.9868935887346,-0.732582336499377,064,"Y52","Q38","00","MG","NG"
"MK2 3BL",10,51.9869186744035,-0.732406875893762,064,"Y52","Q38","00","MG","NG"
"MK2 3BN",10,51.9869352413545,-0.732275343756861,064,"Y52","Q38","00","MG","NG"
"MK2 3BQ",10,51.9865399034543,-0.732301067794323,064,"Y52","Q38","00","MG","NG"
"MK2 3BS",10,51.9869928326644,-0.731778584759278,064,"Y52","Q38","00","MG","NG"
"MK2 3BT",10,51.9861367371361,-0.728264085860007,064,"Y52","Q38","00","MG","NG"
"MK2 3BU",10,51.9888077829012,-0.726659281992222,064,"Y52","Q38","00","MG","NG"
"MK2 3BW",10,51.9869601698578,-0.732085324524132,064,"Y52","Q38","00","MG","NG"
"MK2 3BX",10,51.9905791915655,-0.732507422823741,064,"Y52","Q38","00","MG","NG"
"MK2 3BY",10,51.9910137092645,-0.733616586580445,064,"Y52","Q38","00","MG","NB"
"MK2 3BZ",10,51.9908507266357,-0.732674524751092,064,"Y52","Q38","00","MG","NB"
"MK2 3DA",10,51.9907241607997,-0.731775132776096,064,"Y52","Q38","00","MG","NB"
"MK2 3DB",10,51.9905482527261,-0.730469351634651,064,"Y52","Q38","00","MG","NB"
"MK2 3DD",10,51.9818814691402,-0.724715193328313,064,"Y52","Q38","00","MG","NG"
"MK2 3DE",10,51.9849234736175,-0.72748297024912,064,"Y52","Q38","00","MG","NG"
"MK2 3DF",10,51.9848237872663,-0.728243021090719,064,"Y52","Q38","00","MG","NG"
"MK2 3DG",10,51.986215921786,-0.720631096325294,064,"Y52","Q38","00","MG","NG"
"MK2 3DH",10,51.9824655352726,-0.72136407476647,064,"Y52","Q38","00","MG","NG"
"MK2 3DJ",10,51.9829952399945,-0.722120750026319,064,"Y52","Q38","00","MG","NG"
"MK2 3DL",10,51.9839669437058,-0.722180469793215,064,"Y52","Q38","00","MG","NG"
"MK2 3DN",10,51.9841626488159,-0.722815621538521,064,"Y52","Q38","00","MG","NG"
"MK2 3DP",10,51.9827763767574,-0.723495747554971,064,"Y52","Q38","00","MG","NG"
"MK2 3DQ",10,51.9843303973441,-0.720874119762219,064,"Y52","Q38","00","MG","NG"
"MK2 3DR",10,51.9836304408755,-0.723486032369244,064,"Y52","Q38","00","MG","NG"
"MK2 3DS",10,51.9821814028624,-0.724182473580392,064,"Y52","Q38","00","MG","NG"
"MK2 3DT",10,51.9831805397798,-0.725115148408196,064,"Y52","Q38","00","MG","NG"
"MK2 3DU",10,51.9832032483433,-0.723061329815476,064,"Y52","Q38","00","MG","NG"
"MK2 3DW",10,51.9822559849552,-0.722767917368839,064,"Y52","Q38","00","MG","NG"
"MK2 3DX",10,51.9840574444505,-0.721406119333147,064,"Y52","Q38","00","MG","NG"
"MK2 3DY",10,51.9862416445002,-0.721343926289694,064,"Y52","Q38","00","MG","NG"
"MK2 3DZ",10,51.9860331886272,-0.722019734390351,064,"Y52","Q38","00","MG","NG"
"MK2 3EA",10,51.9849985838876,-0.723621885918542,064,"Y52","Q38","00","MG","NG"
"MK2 3EB",10,51.973768389934,-0.728599692042783,064,"Y52","Q38","00","MG","NG"
"MK2 3EF",10,51.9851380966445,-0.727374953297942,064,"Y52","Q38","00","MG","NG"
"MK2 3EH",10,51.9887984942772,-0.722479869171249,064,"Y52","Q38","00","MG","NG"
"MK2 3EJ",10,51.9873232877895,-0.723249984467887,064,"Y52","Q38","00","MG","NG"
"MK2 3EL",10,51.9866172937154,-0.722818617240176,064,"Y52","Q38","00","MG","NG"
"MK2 3EN",10,51.98267493294,-0.72741563254961,064,"Y52","Q38","00","MG","NG"
"MK2 3EP",10,51.9840360221735,-0.725236479620784,064,"Y52","Q38","00","MG","NG"
"MK2 3EQ",10,51.9850133316749,-0.728310463524324,064,"Y52","Q38","00","MG","NG"
"MK2 3ER",10,51.984455806226,-0.724146980833695,064,"Y52","Q38","00","MG","NG"
"MK2 3ES",10,51.9846070311694,-0.724827096960591,064,"Y52","Q38","00","MG","NG"
"MK2 3ET",10,51.984107131654,-0.725991675074057,064,"Y52","Q38","00","MG","NG"
"MK2 3EU",10,51.9837185157381,-0.728303445501246,064,"Y52","Q38","00","MG","NG"
"MK2 3EW",10,51.9864140347283,-0.723974840805176,064,"Y52","Q38","00","MG","NG"
"MK2 3EX",10,51.9828830562838,-0.728370787874825,064,"Y52","Q38","00","MG","NG"
"MK2 3EY",10,51.9835401262042,-0.729269564075894,064,"Y52","Q38","00","MG","NG"
"MK2 3EZ",10,51.9829342461105,-0.729781796435291,064,"Y52","Q38","00","MG","NG"
"MK2 3FD",10,51.9838812336956,-0.719255998569353,064,"Y52","Q38","00","MG","NG"
"MK2 3FE",10,51.9841542114897,-0.719554011662765,064,"Y52","Q38","00","MG","NG"
"MK2 3FG",10,51.9845865734393,-0.718799022701241,064,"Y52","Q38","00","MG","NG"
"MK2 3FH",10,51.985643253418,-0.718404815858016,064,"Y52","Q38","00","MG","NG"
"MK2 3FJ",10,51.9864689250103,-0.718264749328555,064,"Y52","Q38","00","MG","NG"
"MK2 3HA",10,51.9832738834766,-0.730427458809681,064,"Y52","Q38","00","MG","NG"
"MK2 3HB",10,51.9821580051734,-0.731172501442716,064,"Y52","Q38","00","MG","NG"
"MK2 3HD",10,51.9821433703552,-0.730648713006767,064,"Y52","Q38","00","MG","NG"
"MK2 3HE",10,51.9820508601491,-0.729573803736052,064,"Y52","Q38","00","MG","NG"
"MK2 3HF",10,51.9820824506107,-0.72833521259974,064,"Y52","Q38","00","MG","NG"
"MK2 3HG",10,51.9818621926521,-0.727089196704668,064,"Y52","Q38","00","MG","NG"
"MK2 3HH",10,51.9806769641113,-0.720599596185111,064,"Y52","Q38","00","MG","NG"
"MK2 3HJ",10,51.9826134506766,-0.726718431317628,064,"Y52","Q38","00","MG","NG"
"MK2 3HN",10,51.9792768437249,-0.725808366341417,064,"Y52","Q38","00","MG","NG"
"MK2 3HQ",10,51.9802627108614,-0.727178210984275,064,"Y52","Q38","00","MG","NG"
"MK2 3HU",10,51.9860304134285,-0.729242779783248,064,"Y52","Q38","00","MG","NG"
"MK2 3HW",10,51.9849088509184,-0.730293862971569,064,"Y52","Q38","00","MG","NG"
"MK2 3JD",10,51.9855288546062,-0.731091818703927,064,"Y52","Q38","00","MG","NG"
"MK2 3JE",10,51.9853667477527,-0.731067275069649,064,"Y52","Q38","00","MG","NG"
"MK2 3JF",10,51.9852501583449,-0.731929737778985,064,"Y52","Q38","00","MG","NG"
"MK2 3JG",10,51.9853674791898,-0.731970111371265,064,"Y52","Q38","00","MG","NG"
"MK2 3JJ",10,51.9858094834791,-0.73210325331914,064,"Y52","Q38","00","MG","NG"
"MK2 3JL",10,51.9852843312185,-0.732598633106813,064,"Y52","Q38","00","MG","NG"
"MK2 3JR",10,51.984869606286,-0.732493841841827,064,"Y52","Q38","00","MG","NG"
"MK2 3JU",10,51.9844010059095,-0.731560545218243,064,"Y52","Q38","00","MG","NG"
"MK2 3JW",10,51.9850951024441,-0.732560287535077,064,"Y52","Q38","00","MG","NG"
"MK2 3JX",10,51.9842925166605,-0.731505362192172,064,"Y52","Q38","00","MG","NG"
"MK2 3JY",10,51.9854013385715,-0.732609892884484,064,"Y52","Q38","00","MG","NG"
"MK2 3JZ",10,51.9759576106283,-0.715740219545192,064,"Y52","Q38","11","UB","HE"
"MK2 3LA",10,51.9847071863633,-0.732440178315556,064,"Y52","Q38","00","MG","NG"
"MK2 3LB",10,51.9845988541793,-0.732399550329537,064,"Y52","Q38","00","MG","NG"
"MK2 3LE",10,51.9840579764512,-0.732269200076225,064,"Y52","Q38","00","MG","NG"
"MK2 3LH",10,51.9845017606368,-0.731732442394625,064,"Y52","Q38","00","MG","NG"
"MK2 3LP",10,51.9888500958039,-0.72974551085317,064,"Y52","Q38","00","MG","NG"
"MK2 3LQ",10,51.9846099363002,-0.731758511146679,064,"Y52","Q38","00","MG","NG"
"MK2 3LR",10,51.989124460064,-0.730174651570022,064,"Y52","Q38","00","MG","NG"
"MK2 3LS",10,51.9884600416569,-0.727761385239493,064,"Y52","Q38","00","MG","NG"
"MK2 3LT",10,51.9886855112935,-0.728657920477959,064,"Y52","Q38","00","MG","NG"
"MK2 3LU",10,51.9872115192537,-0.729544298381314,064,"Y52","Q38","00","MG","NG"
"MK2 3LX",10,51.9873101431379,-0.727852218069765,064,"Y52","Q38","00","MG","NG"
"MK2 3LY",10,51.9875308650698,-0.729142064000861,064,"Y52","Q38","00","MG","NG"
"MK2 3LZ",10,51.9879026204278,-0.726932523427784,064,"Y52","Q38","00","MG","NG"
"MK2 3NA",10,51.9878564352054,-0.725987236383006,064,"Y52","Q38","00","MG","NG"
"MK2 3NB",10,51.9859412671962,-0.725153267841404,064,"Y52","Q38","00","MG","NG"
"MK2 3ND",10,51.9863891159278,-0.724994927447809,064,"Y52","Q38","00","MG","NG"
"MK2 3NE",10,51.986921485165,-0.725169126149741,064,"Y52","Q38","00","MG","NG"
"MK2 3NF",10,51.9859680486381,-0.726798060004983,064,"Y52","Q38","00","MG","NG"
"MK2 3NG",10,51.9860070101976,-0.726243583193173,064,"Y52","Q38","00","MG","NG"
"MK2 3NN",10,51.9806055040362,-0.71981535513206,064,"Y52","Q38","00","MG","NG"
"MK2 3NP",10,51.980161672376,-0.723657426405257,064,"Y52","Q38","00","MG","NG"
"MK2 3NR",10,51.979755606598,-0.722693419070362,064,"Y52","Q38","00","MG","NG"
"MK2 3NS",10,51.9792016345943,-0.723014937947613,064,"Y52","Q38","00","MG","NG"
"MK2 3NT",10,51.9788004453787,-0.721672255679159,064,"Y52","Q38","00","MG","NG"
"MK2 3NU",10,51.9788256527656,-0.720681451364166,064,"Y52","Q38","00","MG","NG"
"MK2 3NW",10,51.9804778323629,-0.722134135639219,064,"Y52","Q38","00","MG","NG"
"MK2 3NX",10,51.9790866980053,-0.718227904314025,064,"Y52","Q38","00","MG","NG"
"MK2 3NY",10,51.9788367993229,-0.719225123217051,064,"Y52","Q38","00","MG","NG"
"MK2 3NZ",10,51.9778155207553,-0.717914745075006,064,"Y52","Q38","00","MG","NG"
"MK2 3PA",10,51.9772267167448,-0.718339219809421,064,"Y52","Q38","00","MG","NG"
"MK2 3PB",10,51.9775561939108,-0.71969842967111,064,"Y52","Q38","00","MG","NG"
"MK2 3PD",10,51.976735738601,-0.720318751477122,064,"Y52","Q38","00","MG","NG"
"MK2 3PE",10,51.9774201505697,-0.721245629907862,064,"Y52","Q38","00","MG","NG"
"MK2 3PF",10,51.9761365345928,-0.721442323323525,064,"Y52","Q38","00","MG","NG"
"MK2 3PG",10,51.976743356573,-0.722677161398665,064,"Y52","Q38","00","MG","NG"
"MK2 3PP",10,51.9775466280269,-0.726279679530468,064,"Y52","Q38","00","MG","NG"
"MK2 3PQ",10,51.9775822753455,-0.722100036503249,064,"Y52","Q38","00","MG","NG"
"MK2 3PR",10,51.9773781862723,-0.727332748955314,064,"Y52","Q38","00","MG","NG"
"MK2 3PS",10,51.9770590943622,-0.729423800985326,064,"Y52","Q38","00","MG","NG"
"MK2 3PT",10,51.975555533897,-0.728403520312319,064,"Y52","Q38","00","MG","NG"
"MK2 3PU",10,51.9762229138777,-0.727758580321923,064,"Y52","Q38","00","MG","NG"
"MK2 3PX",10,51.9750408585621,-0.727369851073055,064,"Y52","Q38","00","MG","NG"
"MK2 3PY",10,51.9741664562489,-0.727161685075688,064,"Y52","Q38","00","MG","NG"
"MK2 3PZ",10,51.9744651432446,-0.726512640130935,064,"Y52","Q38","00","MG","NG"
"MK2 3QA",10,51.9752594541393,-0.725966000194234,064,"Y52","Q38","00","MG","NG"
"MK2 3QB",10,51.976287463406,-0.725412709491555,064,"Y52","Q38","00","MG","NG"
"MK2 3QD",10,51.9785273333997,-0.725509308968858,064,"Y52","Q38","00","MG","NG"
"MK2 3QE",10,51.9773840478696,-0.726211491659084,064,"Y52","Q38","00","MG","NG"
"MK2 3QF",10,51.9779275862699,-0.7274191009652,064,"Y52","Q38","00","MG","NG"
"MK2 3QG",10,51.9763869531794,-0.726298004010465,064,"Y52","Q38","00","MG","NG"
"MK2 3QH",10,51.9799166019455,-0.725935821018365,064,"Y52","Q38","00","MG","NG"
"MK2 3QJ",10,51.9808930415276,-0.725602345409735,064,"Y52","Q38","00","MG","NG"
"MK2 3QL",10,51.9806825138696,-0.72608882220965,064,"Y52","Q38","00","MG","NG"
"MK2 3QN",10,51.9805592070547,-0.725495332780596,064,"Y52","Q38","00","MG","NG"
"MK2 3QP",10,51.9817497835642,-0.72584013309233,064,"Y52","Q38","00","MG","NG"
"MK2 3QQ",10,51.978578847296,-0.727779209409642,064,"Y52","Q38","00","MG","NG"
"MK2 3QR",10,51.9815583338144,-0.726428003934297,064,"Y52","Q38","00","MG","NG"
"MK2 3QS",10,51.9798639421504,-0.72522385365043,064,"Y52","Q38","00","MG","NG"
"MK2 3QT",10,51.9758465630813,-0.723721801601414,064,"Y52","Q38","00","MG","NG"
"MK2 3QU",10,51.9756409291906,-0.724659424210567,064,"Y52","Q38","00","MG","NG"
"MK2 3QW",10,51.9805470566045,-0.726034421754576,064,"Y52","Q38","00","MG","NG"
"MK2 3RP",10,51.9884536159737,-0.722183854277009,064,"Y52","Q38","00","MG","NG"
"MK2 3RR",10,51.9878728248545,-0.721690676754012,064,"Y52","Q38","00","MG","NG"
"MK2 3XW",10,52.0109170620988,-0.725813298903422,064,"Y52","Q38","00","MG","NB"
"MK2 3YZ",10,52.0109170620988,-0.725813298903422,064,"Y52","Q38","00","MG","NB"
"MK3 5AA",10,51.9913660336786,-0.74048092630401,064,"Y52","Q38","00","MG","NB"
"MK3 5AB",10,51.9904977932601,-0.739165408506904,064,"Y52","Q38","00","MG","NB"
"MK3 5AD",10,51.9899884913658,-0.741145810148878,064,"Y52","Q38","00","MG","NB"
"MK3 5AE",10,51.9904869603739,-0.743199901202055,064,"Y52","Q38","00","MG","NB"
"MK3 5AF",10,51.9898029174147,-0.743976358218013,064,"Y52","Q38","00","MG","NB"
"MK3 5AG",10,51.9900606499391,-0.744537132930116,064,"Y52","Q38","00","MG","NB"
"MK3 5AH",10,51.9907637813831,-0.745551510785545,064,"Y52","Q38","00","MG","NB"
"MK3 5AJ",10,51.9906531307386,-0.746137158668848,064,"Y52","Q38","00","MG","NB"
"MK3 5AL",10,51.9911803554902,-0.745831152655264,064,"Y52","Q38","00","MG","NB"
"MK3 5AN",10,51.9915191298775,-0.745559533469212,064,"Y52","Q38","00","MG","NB"
"MK3 5AP",10,51.9917143877912,-0.744476323077608,064,"Y52","Q38","00","MG","NB"
"MK3 5AQ",10,51.9903862548814,-0.744717357632846,064,"Y52","Q38","00","MG","NB"
"MK3 5AR",10,51.9908598549565,-0.744441964418916,064,"Y52","Q38","00","MG","NB"
"MK3 5AS",10,51.9905753115648,-0.743896494340445,064,"Y52","Q38","00","MG","NB"
"MK3 5AT",10,51.9910922993831,-0.74347423656307,064,"Y52","Q38","00","MG","NB"
"MK3 5AU",10,51.9914459381129,-0.74291090063647,064,"Y52","Q38","00","MG","NB"
"MK3 5AW",10,51.9913773225246,-0.744908109443971,064,"Y52","Q38","00","MG","NB"
"MK3 5AX",10,51.991173422283,-0.740966944582276,064,"Y52","Q38","00","MG","NB"
"MK3 5AY",10,51.9724692096088,-0.734867294443819,064,"Y52","Q38","00","MG","NG"
"MK3 5AZ",10,51.9900850999675,-0.739249816717697,064,"Y52","Q38","00","MG","NB"
"MK3 5BB",10,51.9892075756915,-0.767629447612278,064,"Y52","Q38","00","MG","NY"
"MK3 5BD",10,51.9903266179037,-0.751797029788621,064,"Y52","Q38","00","MG","NB"
"MK3 5BE",10,51.9907896114122,-0.749672386040757,064,"Y52","Q38","00","MG","NB"
"MK3 5BG",10,51.9901808311042,-0.750767056996401,064,"Y52","Q38","00","MG","NB"
"MK3 5BH",10,51.9888352019769,-0.750207400953625,064,"Y52","Q38","00","MG","NB"
"MK3 5BJ",10,51.9890656304986,-0.750739832047318,064,"Y52","Q38","00","MG","NB"
"MK3 5BL",10,51.9893924612811,-0.751036571586601,064,"Y52","Q38","00","MG","NB"
"MK3 5BN",10,51.9895566855046,-0.752109705341104,064,"Y52","Q38","00","MG","NB"
"MK3 5BQ",10,51.9901287837536,-0.750098573652143,064,"Y52","Q38","00","MG","NB"
"MK3 5BS",10,51.9903389024615,-0.753806491792334,064,"Y52","Q38","00","MG","NB"
"MK3 5BT",10,51.9897514456201,-0.755220903022672,064,"Y52","Q38","00","MG","NB"
"MK3 5BU",10,51.9908110828094,-0.75424486777144,064,"Y52","Q38","00","MG","NB"
"MK3 5BW",10,51.9895455966336,-0.75361005776986,064,"Y52","Q38","00","MG","NB"
"MK3 5BX",10,51.9890786524702,-0.753666710223312,064,"Y52","Q38","00","MG","NB"
"MK3 5BY",10,51.9884838307977,-0.757790040266658,064,"Y52","Q38","00","MG","NB"
"MK3 5BZ",10,51.9879991266941,-0.758720920627609,064,"Y52","Q38","00","MG","NB"
"MK3 5DA",10,51.9874160947732,-0.75885354085246,064,"Y52","Q38","00","MG","NB"
"MK3 5DB",10,51.9864568249822,-0.759972244932801,064,"Y52","Q38","00","MG","NB"
"MK3 5DD",10,51.9866755117851,-0.761102088165374,064,"Y52","Q38","00","MG","NB"
"MK3 5DE",10,51.9858094333908,-0.761679350908901,064,"Y52","Q38","00","MG","NB"
"MK3 5DF",10,51.9865630977084,-0.758964493543807,064,"Y52","Q38","00","MG","NB"
"MK3 5DG",10,51.9872964155528,-0.756031665669134,064,"Y52","Q38","00","MG","NB"
"MK3 5DH",10,51.9884670096917,-0.757047783452161,064,"Y52","Q38","00","MG","NB"
"MK3 5DQ",10,51.987921465167,-0.755621147823443,064,"Y52","Q38","00","MG","NB"
"MK3 5DR",10,51.9895450730792,-0.759522865930378,064,"Y52","Q38","00","MG","NB"
"MK3 5DS",10,51.9894727969683,-0.758636489041719,064,"Y52","Q38","00","MG","NB"
"MK3 5DT",10,51.9899398299793,-0.757735193185922,064,"Y52","Q38","00","MG","NB"
"MK3 5DU",10,51.9885620952987,-0.75924419594843,064,"Y52","Q38","00","MG","NB"
"MK3 5DX",10,51.9886224661757,-0.759854183240906,064,"Y52","Q38","00","MG","NB"
"MK3 5DY",10,51.987186281538,-0.760083165134959,064,"Y52","Q38","00","MG","NB"
"MK3 5DZ",10,51.9864461667271,-0.763234543502867,064,"Y52","Q38","00","MG","NB"
"MK3 5EA",10,51.9872908710514,-0.76147830526068,064,"Y52","Q38","00","MG","NB"
"MK3 5EB",10,51.9864204495212,-0.764210939844213,064,"Y52","Q38","00","MG","NB"
"MK3 5ED",10,51.9864616119662,-0.765564121337998,064,"Y52","Q38","00","MG","NB"
"MK3 5EE",10,51.986935244593,-0.764429774793147,064,"Y52","Q38","00","MG","NB"
"MK3 5EF",10,51.987030885556,-0.763262126624419,064,"Y52","Q38","00","MG","NB"
"MK3 5EG",10,51.9878946775273,-0.762466496584443,064,"Y52","Q38","00","MG","NB"
"MK3 5EH",10,51.9873234350876,-0.764579283812567,064,"Y52","Q38","00","MG","NB"
"MK3 5EJ",10,51.9876542000907,-0.765254639798561,064,"Y52","Q38","00","MG","NB"
"MK3 5EL",10,51.9893471132973,-0.765499353408245,064,"Y52","Q38","00","MG","NB"
"MK3 5EN",10,51.9889644023696,-0.765014722703817,064,"Y52","Q38","00","MG","NB"
"MK3 5EP",10,51.9882418268213,-0.761277317428661,064,"Y52","Q38","00","MG","NB"
"MK3 5EQ",10,51.9880498090579,-0.763539885715336,064,"Y52","Q38","00","MG","NB"
"MK3 5ER",10,51.9889723076416,-0.760630940842159,064,"Y52","Q38","00","MG","NB"
"MK3 5ES",10,51.9892529456982,-0.760812518868499,064,"Y52","Q38","00","MG","NB"
"MK3 5ET",10,51.9873860814722,-0.767985259525343,064,"Y52","Q38","00","MG","NY"
"MK3 5EU",10,51.9865466351896,-0.76681416288711,064,"Y52","Q38","00","MG","NY"
"MK3 5EW",10,51.9885732882626,-0.763729355092473,064,"Y52","Q38","00","MG","NB"
"MK3 5EX",10,51.9870656893658,-0.766581467178321,064,"Y52","Q38","00","MG","NY"
"MK3 5EY",10,51.9870754420451,-0.767513213102674,064,"Y52","Q38","00","MG","NY"
"MK3 5FB",10,51.9724637368761,-0.734357917848896,064,"Y52","Q38","00","MG","NG"
"MK3 5FH",10,51.9722408822676,-0.732864727255842,064,"Y52","Q38","00","MG","NG"
"MK3 5FJ",10,51.9723748615208,-0.733617964020712,064,"Y52","Q38","00","MG","NG"
"MK3 5FL",10,51.9723535282449,-0.73414265284827,064,"Y52","Q38","00","MG","NG"
"MK3 5HA",10,51.9910009764625,-0.753496834331145,064,"Y52","Q38","00","MG","NB"
"MK3 5HD",10,51.9917226625766,-0.75117564640098,064,"Y52","Q38","00","MG","NB"
"MK3 5HF",10,51.9904014009288,-0.757168997247769,064,"Y52","Q38","00","MG","NB"
"MK3 5HH",10,51.9929924911082,-0.740391600426379,064,"Y52","Q38","00","MG","NB"
"MK3 5HJ",10,51.9924697943521,-0.741119926747205,064,"Y52","Q38","00","MG","NB"
"MK3 5HL",10,51.9924224808395,-0.745956661610847,064,"Y52","Q38","00","MG","NB"
"MK3 5HN",10,51.9921687501356,-0.743240206668805,064,"Y52","Q38","00","MG","NB"
"MK3 5HP",10,51.9914403971384,-0.747455074130247,064,"Y52","Q38","00","MG","NB"
"MK3 5HQ",10,51.992036435021,-0.737592938535022,064,"Y52","Q38","00","MG","NB"
"MK3 5HR",10,51.9901376621656,-0.748394369707119,064,"Y52","Q38","00","MG","NB"
"MK3 5HS",10,51.9923362628982,-0.749687568823822,064,"Y52","Q38","00","MG","NB"
"MK3 5HT",10,51.9913196277468,-0.749628497031867,064,"Y52","Q38","00","MG","NB"
"MK3 5HW",10,51.9917636812655,-0.745727471445283,064,"Y52","Q38","00","MG","NB"
"MK3 5HX",10,51.9914454060049,-0.751314436086549,064,"Y52","Q38","00","MG","NB"
"MK3 5HY",10,51.9917343885156,-0.75228220307355,064,"Y52","Q38","00","MG","NB"
"MK3 5HZ",10,51.9909937332494,-0.752812527163136,064,"Y52","Q38","00","MG","NB"
"MK3 5JA",10,51.9914022266509,-0.753179846904409,064,"Y52","Q38","00","MG","NB"
"MK3 5JB",10,51.9910998193568,-0.757746788801116,064,"Y52","Q38","00","MG","NY"
"MK3 5JD",10,51.9906799653592,-0.758005992111564,064,"Y52","Q38","00","MG","NB"
"MK3 5JE",10,51.9903645164272,-0.761349826993167,064,"Y52","Q38","00","MG","NY"
"MK3 5JF",10,51.9899575793358,-0.761128035133979,064,"Y52","Q38","00","MG","NB"
"MK3 5JG",10,51.9901196360009,-0.763715903808226,064,"Y52","Q38","00","MG","NY"
"MK3 5JH",10,51.9900189710053,-0.765262425156942,064,"Y52","Q38","00","MG","NY"
"MK3 5JL",10,51.9932958561139,-0.736814719207552,064,"Y52","Q38","00","MG","NB"
"MK3 5JP",10,52.0109170620988,-0.725813298903422,064,"Y52","Q38","00","MG","NB"
"MK3 5JQ",10,51.9901313965487,-0.764836985733401,064,"Y52","Q38","00","MG","NY"
"MK3 5JU",10,51.9755050694869,-0.735407832637234,064,"Y52","Q38","00","MG","NG"
"MK3 5JY",10,51.9906681180836,-0.764574633912041,064,"Y52","Q38","00","MG","NY"
"MK3 5JZ",10,51.9904364149375,-0.765629603898409,064,"Y52","Q38","00","MG","NY"
"MK3 5LA",10,51.9882564865852,-0.779043888933419,064,"Y52","Q38","11","UB","HN"
"MK3 5LD",10,51.9925222383251,-0.739297891242085,064,"Y52","Q38","00","MG","NB"
"MK3 5LH",10,51.9884547363963,-0.774756931799828,064,"Y52","Q38","00","MG","NY"
"MK3 5LJ",10,51.9882305704588,-0.773088294389673,064,"Y52","Q38","00","MG","NY"
"MK3 5LL",10,51.9873932168445,-0.773839314947555,064,"Y52","Q38","00","MG","NY"
"MK3 5LP",10,51.9850373621948,-0.772097948792814,064,"Y52","Q38","00","MG","NY"
"MK3 5LR",10,51.9847293499433,-0.771014224779058,064,"Y52","Q38","00","MG","NY"
"MK3 5LS",10,51.9848642036049,-0.770151376499692,064,"Y52","Q38","00","MG","NY"
"MK3 5LT",10,51.9864671266417,-0.772976290186332,064,"Y52","Q38","00","MG","NY"
"MK3 5LU",10,51.9862043691021,-0.771920413036476,064,"Y52","Q38","00","MG","NY"
"MK3 5LZ",10,51.9863388148146,-0.769295491076518,064,"Y52","Q38","00","MG","NY"
"MK3 5NA",10,51.9914115450618,-0.737173585054818,064,"Y52","Q38","00","MG","NB"
"MK3 5NB",10,51.9860173339348,-0.770367354922362,064,"Y52","Q38","00","MG","NY"
"MK3 5ND",10,51.9857484747664,-0.767870004505244,064,"Y52","Q38","00","MG","NY"
"MK3 5NG",10,51.9880698187101,-0.768883970249361,064,"Y52","Q38","00","MG","NY"
"MK3 5NH",10,51.9867736154967,-0.769603951640814,064,"Y52","Q38","00","MG","NY"
"MK3 5NJ",10,51.9851856925512,-0.768220374599692,064,"Y52","Q38","00","MG","NY"
"MK3 5NL",10,51.9862874888897,-0.766966904377641,064,"Y52","Q38","00","MG","NY"
"MK3 5NP",10,51.9856840312799,-0.766866976527721,064,"Y52","Q38","00","MG","NY"
"MK3 5NQ",10,51.9884269293256,-0.768641168308333,064,"Y52","Q38","00","MG","NY"
"MK3 5NR",10,51.9883813831689,-0.767724939669328,064,"Y52","Q38","00","MG","NY"
"MK3 5NS",10,51.9883815173952,-0.769457949365819,064,"Y52","Q38","00","MG","NY"
"MK3 5NT",10,51.9884184919199,-0.771277329457864,064,"Y52","Q38","00","MG","NY"
"MK3 5NU",10,51.9874664548515,-0.771376195814714,064,"Y52","Q38","00","MG","NY"
"MK3 5PD",10,51.9872616609491,-0.759556823339635,064,"Y52","Q38","00","MG","NB"
"MK3 5WZ",10,52.0109170620988,-0.725813298903422,064,"Y52","Q38","00","MG","NB"
"MK3 5XJ",10,52.0109170620988,-0.725813298903422,064,"Y52","Q38","00","MG","NB"
"MK3 5YP",10,51.9925222383251,-0.739297891242085,064,"Y52","Q38","00","MG","NB"
"MK3 5ZF",10,52.0109170620988,-0.725813298903422,064,"Y52","Q38","00","MG","NB"
"MK3 6AA",10,51.9916846667227,-0.759492876980938,064,"Y52","Q38","00","MG","NY"
"MK3 6AB",10,51.992127767442,-0.760587525098913,064,"Y52","Q38","00","MG","NY"
"MK3 6AD",10,51.9918363378202,-0.758527444182928,064,"Y52","Q38","00","MG","NY"
"MK3 6AE",10,51.9923151883547,-0.758747233210263,064,"Y52","Q38","00","MG","NY"
"MK3 6AF",10,51.9927118733528,-0.760556834672257,064,"Y52","Q38","00","MG","NY"
"MK3 6AG",10,51.9930827038082,-0.760765066563632,064,"Y52","Q38","00","MG","NY"
"MK3 6AH",10,51.993021514219,-0.759222902251541,064,"Y52","Q38","00","MG","NY"
"MK3 6AJ",10,51.99429991148,-0.757672800327778,064,"Y52","Q38","00","MG","NY"
"MK3 6AL",10,51.9957417731524,-0.756278300539102,064,"Y52","Q38","00","MG","NY"
"MK3 6AN",10,51.994760394611,-0.755300490277783,064,"Y52","Q38","00","MG","NY"
"MK3 6AP",10,51.9940434618716,-0.755524278711849,064,"Y52","Q38","00","MG","NY"
"MK3 6AQ",10,51.9942710189379,-0.758343592808649,064,"Y52","Q38","00","MG","NY"
"MK3 6AR",10,51.9939195500792,-0.756561825347588,064,"Y52","Q38","00","MG","NY"
"MK3 6AS",10,51.9936874284849,-0.754165050086524,064,"Y52","Q38","00","MG","NY"
"MK3 6AT",10,51.9928574948025,-0.754756101605885,064,"Y52","Q38","00","MG","NY"
"MK3 6AW",10,51.992116378355,-0.75694674886347,064,"Y52","Q38","00","MG","NY"
"MK3 6AX",10,51.9934558317222,-0.756924224829753,064,"Y52","Q38","00","MG","NY"
"MK3 6AY",10,51.9929046082291,-0.756662760320945,064,"Y52","Q38","00","MG","NY"
"MK3 6AZ",10,51.9928899311952,-0.75782833606629,064,"Y52","Q38","00","MG","NY"
"MK3 6BB",10,51.9920275578975,-0.755347131056838,064,"Y52","Q38","00","MG","NY"
"MK3 6BD",10,51.9960363112502,-0.755221413703081,064,"Y52","Q38","00","MG","NY"
"MK3 6BE",10,51.9945933035287,-0.755654687422732,064,"Y52","Q38","00","MG","NY"
"MK3 6BG",10,51.9918819067769,-0.756880419527957,064,"Y52","Q38","00","MG","NY"
"MK3 6BH",10,51.9960363112502,-0.755221413703081,064,"Y52","Q38","00","MG","NY"
"MK3 6BJ",10,51.9935152967388,-0.742197536172628,064,"Y52","Q38","00","MG","NB"
"MK3 6BL",10,51.9936362124127,-0.743417597963004,064,"Y52","Q38","00","MG","NB"
"MK3 6BN",10,51.9945243447415,-0.742387740752216,064,"Y52","Q38","00","MG","NB"
"MK3 6BP",10,51.9950640236036,-0.747470489465828,064,"Y52","Q38","00","MG","NB"
"MK3 6BS",10,51.9960507411899,-0.748098411124819,064,"Y52","Q38","00","MG","NB"
"MK3 6BT",10,51.9966247705289,-0.747965874682872,064,"Y52","Q38","00","MG","NB"
"MK3 6BU",10,51.9956110357809,-0.74987310088156,064,"Y52","Q38","00","MG","NB"
"MK3 6BX",10,51.9959410063958,-0.748771489994299,064,"Y52","Q38","00","MG","NB"
"MK3 6BY",10,51.9941633103108,-0.747320840548131,064,"Y52","Q38","00","MG","NB"
"MK3 6BZ",10,51.9946038933604,-0.748167891802168,064,"Y52","Q38","00","MG","NB"
"MK3 6DA",10,51.9938786051429,-0.748450286268919,064,"Y52","Q38","00","MG","NB"
"MK3 6DB",10,51.9943686054232,-0.749718354449278,064,"Y52","Q38","00","MG","NB"
"MK3 6DD",10,51.9932914936921,-0.750738756377481,064,"Y52","Q38","00","MG","NB"
"MK3 6DE",10,51.9936792373242,-0.750844485177054,064,"Y52","Q38","00","MG","NB"
"MK3 6DF",10,51.9951949471516,-0.739514137629028,064,"Y52","Q38","00","MG","NB"
"MK3 6DG",10,51.993609298203,-0.751880536148838,064,"Y52","Q38","00","MG","NB"
"MK3 6DH",10,51.993922268228,-0.742419172810456,064,"Y52","Q38","00","MG","NB"
"MK3 6DJ",10,51.9955129914633,-0.745724669648632,064,"Y52","Q38","00","MG","NB"
"MK3 6DL",10,51.9950367367312,-0.73985358289784,064,"Y52","Q38","00","MG","NB"
"MK3 6DN",10,51.9948628391109,-0.739567158997467,064,"Y52","Q38","00","MG","NB"
"MK3 6DP",10,52.001721905761,-0.740292280618876,064,"Y52","Q38","00","MG","NB"
"MK3 6DQ",10,51.9924550165778,-0.752407819754018,064,"Y52","Q38","00","MG","NB"
"MK3 6DR",10,51.994570309806,-0.740798848179773,064,"Y52","Q38","00","MG","NB"
"MK3 6DS",10,51.9948820504423,-0.737163347118632,064,"Y52","Q38","00","MG","NB"
"MK3 6DT",10,51.9938634454816,-0.737760035189168,064,"Y52","Q38","00","MG","NB"
"MK3 6DZ",10,51.9963567880039,-0.74306468949133,064,"Y52","Q38","00","MG","NB"
"MK3 6EB",10,51.9973100388234,-0.743081693919441,064,"Y52","Q38","00","MG","NB"
"MK3 6EJ",10,51.9931855771045,-0.746692710810265,064,"Y52","Q38","00","MG","NB"
"MK3 6EL",10,51.9939358921614,-0.742010971840903,064,"Y52","Q38","00","MG","NB"
"MK3 6EN",10,51.9974125125288,-0.74763801355874,064,"Y52","Q38","00","MG","NB"
"MK3 6EP",10,51.9940522431051,-0.741119245460083,064,"Y52","Q38","00","MG","NB"
"MK3 6ER",10,51.9993253527504,-0.739835143386559,064,"Y52","Q38","00","MG","NB"
"MK3 6EW",10,51.9984741557448,-0.751089770395316,064,"Y52","Q38","00","MG","NF"
"MK3 6EZ",10,51.9920183805866,-0.75362879378055,064,"Y52","Q38","00","MG","NB"
"MK3 6FB",10,51.9998919843965,-0.740693248437183,064,"Y52","Q38","00","MG","NB"
"MK3 6FD",10,51.9998259903602,-0.741248641917858,064,"Y52","Q38","00","MG","NB"
"MK3 6FE",10,51.9998126805317,-0.741686021730914,064,"Y52","Q38","00","MG","NB"
"MK3 6FF",10,51.9960363112502,-0.755221413703081,064,"Y52","Q38","00","MG","NY"
"MK3 6GT",10,51.9995714193226,-0.742668761689559,064,"Y52","Q38","00","MG","NB"
"MK3 6GU",10,52.0003905902369,-0.741917459197358,064,"Y52","Q38","00","MG","NB"
"MK3 6GW",10,52.0000036170635,-0.741884605779519,064,"Y52","Q38","00","MG","NB"
"MK3 6GX",10,51.9991275868772,-0.743205594884042,064,"Y52","Q38","00","MG","NB"
"MK3 6GY",10,51.9992549979983,-0.744192562738343,064,"Y52","Q38","00","MG","NB"
"MK3 6GZ",10,51.9982033510658,-0.745066835537153,064,"Y52","Q38","00","MG","NB"
"MK3 6HA",10,51.9926525099857,-0.7540772539496,064,"Y52","Q38","00","MG","NY"
"MK3 6HB",10,51.9939560610366,-0.753210872112167,064,"Y52","Q38","00","MG","NB"
"MK3 6HD",10,51.9945146750268,-0.751622321019154,064,"Y52","Q38","00","MG","NB"
"MK3 6HE",10,51.9952220108584,-0.753889414395261,064,"Y52","Q38","00","MG","NY"
"MK3 6HF",10,51.9958901452724,-0.753302808643531,064,"Y52","Q38","00","MG","NB"
"MK3 6HG",10,51.9964699796009,-0.754568493210941,064,"Y52","Q38","00","MG","NY"
"MK3 6HP",10,51.9968659238004,-0.746123842202412,064,"Y52","Q38","00","MG","NB"
"MK3 6HR",10,51.9971817501161,-0.744541889015718,064,"Y52","Q38","00","MG","NB"
"MK3 6HS",10,51.9986326289885,-0.744850902107142,064,"Y52","Q38","00","MG","NB"
"MK3 6HT",10,51.997724618196,-0.744016887659425,064,"Y52","Q38","00","MG","NB"
"MK3 6HU",10,52.0019261026461,-0.742573657474561,064,"Y52","Q38","00","MG","NF"
"MK3 6HX",10,52.0007966938194,-0.744586440295367,064,"Y52","Q38","00","MG","NF"
"MK3 6HY",10,52.0023604423469,-0.741148419729845,064,"Y52","Q38","00","MG","NF"
"MK3 6HZ",10,52.00306139123,-0.74111418913783,064,"Y52","Q38","00","MG","NF"
"MK3 6JA",10,52.0042276004859,-0.741707910753633,064,"Y52","Q38","00","MG","NF"
"MK3 6JB",10,52.0029624768229,-0.740272025249249,064,"Y52","Q38","00","MG","NB"
"MK3 6JE",10,52.0037376692209,-0.740454218532838,064,"Y52","Q38","00","MG","NF"
"MK3 6JF",10,52.0040065862069,-0.741218787658518,064,"Y52","Q38","00","MG","NF"
"MK3 6JG",10,52.0042763572607,-0.740380825179054,064,"Y52","Q38","00","MG","NF"
"MK3 6JH",10,52.0047134106874,-0.740893022114192,064,"Y52","Q38","00","MG","NF"
"MK3 6JJ",10,52.0054241622538,-0.741776338549316,064,"Y52","Q38","00","MG","NF"
"MK3 6JL",10,52.0061113609742,-0.742980859098915,064,"Y52","Q38","00","MG","NF"
"MK3 6JN",10,52.0059063547181,-0.743991853443806,064,"Y52","Q38","00","MG","NF"
"MK3 6JP",10,52.0069209956679,-0.745551493213084,064,"Y52","Q38","00","MG","NF"
"MK3 6JQ",10,52.0046912695858,-0.741345265906731,064,"Y52","Q38","00","MG","NF"
"MK3 6JR",10,52.0071432272705,-0.745312172015589,064,"Y52","Q38","00","MG","NF"
"MK3 6JS",10,52.0073625103004,-0.7447961135919,064,"Y52","Q38","00","MG","NF"
"MK3 6JT",10,52.0077764332902,-0.743983213444515,064,"Y52","Q38","00","MG","NF"
"MK3 6JU",10,52.0080074722215,-0.74288403016478,064,"Y52","Q38","00","MG","NF"
"MK3 6JW",10,52.0069549227897,-0.744516131577959,064,"Y52","Q38","00","MG","NF"
"MK3 6JX",10,52.0071273962732,-0.743826550629734,064,"Y52","Q38","00","MG","NF"
"MK3 6JY",10,52.0064862071073,-0.741877679341253,064,"Y52","Q38","00","MG","NF"
"MK3 6LG",10,52.0008194515821,-0.749261876094049,064,"Y52","Q38","00","MG","NF"
"MK3 6LH",10,52.001707798971,-0.74740161479201,064,"Y52","Q38","00","MG","NF"
"MK3 6LJ",10,52.0030514338027,-0.746927073506003,064,"Y52","Q38","00","MG","NF"
"MK3 6LL",10,52.0037551755019,-0.746310128229176,064,"Y52","Q38","00","MG","NF"
"MK3 6LN",10,52.004226445194,-0.744971245697566,064,"Y52","Q38","00","MG","NF"
"MK3 6LP",10,52.0052980422918,-0.742595720155383,064,"Y52","Q38","00","MG","NF"
"MK3 6LQ",10,52.0013996866928,-0.748866953435897,064,"Y52","Q38","00","MG","NF"
"MK3 6LR",10,52.0048477083605,-0.743365901964962,064,"Y52","Q38","00","MG","NF"
"MK3 6LS",10,52.0048345462905,-0.743817894430729,064,"Y52","Q38","00","MG","NF"
"MK3 6LT",10,52.0048091335626,-0.743964290865863,064,"Y52","Q38","00","MG","NF"
"MK3 6LU",10,52.0054107586818,-0.744734160428809,064,"Y52","Q38","00","MG","NF"
"MK3 6LW",10,52.004545205149,-0.743665741548752,064,"Y52","Q38","00","MG","NF"
"MK3 6LX",10,52.0049796283394,-0.745620334160621,064,"Y52","Q38","00","MG","NF"
"MK3 6LY",10,52.0043405151434,-0.746395753616323,064,"Y52","Q38","00","MG","NF"
"MK3 6LZ",10,52.0039096817052,-0.747311018045647,064,"Y52","Q38","00","MG","NF"
"MK3 6NA",10,52.0033657161101,-0.747734107476942,064,"Y52","Q38","00","MG","NF"
"MK3 6NB",10,52.0044573630727,-0.747237455697906,064,"Y52","Q38","00","MG","NF"
"MK3 6ND",10,52.0049061619074,-0.748011626916648,064,"Y52","Q38","00","MG","NF"
"MK3 6NE",10,52.0046062584084,-0.749403995241437,064,"Y52","Q38","00","MG","NF"
"MK3 6NF",10,52.0034216596951,-0.747921930981768,064,"Y52","Q38","00","MG","NF"
"MK3 6NG",10,52.0036930184628,-0.748074609241887,064,"Y52","Q38","00","MG","NF"
"MK3 6NH",10,52.0030447600481,-0.747990718427637,064,"Y52","Q38","00","MG","NF"
"MK3 6NJ",10,52.0026556213247,-0.747753922325451,064,"Y52","Q38","00","MG","NF"
"MK3 6NL",10,52.0024313721625,-0.747803882896252,064,"Y52","Q38","00","MG","NF"
"MK3 6NN",10,52.0027630067489,-0.748552156667102,064,"Y52","Q38","00","MG","NF"
"MK3 6NP",10,52.001713372202,-0.747925888986706,064,"Y52","Q38","00","MG","NF"
"MK3 6NQ",10,52.0034143583898,-0.748927329757406,064,"Y52","Q38","00","MG","NF"
"MK3 6NR",10,52.0019442755952,-0.748502149624944,064,"Y52","Q38","00","MG","NF"
"MK3 6NS",10,52.0017550337855,-0.749308639662115,064,"Y52","Q38","00","MG","NF"
"MK3 6NW",10,52.0021931697972,-0.748232991115616,064,"Y52","Q38","00","MG","NF"
"MK3 6NZ",10,52.0081646658848,-0.747512756053989,064,"Y52","Q38","00","MG","NF"
"MK3 6PA",10,52.0052723572527,-0.748627861653787,064,"Y52","Q38","00","MG","NF"
"MK3 6PB",10,52.0059723804447,-0.748506357524891,064,"Y52","Q38","00","MG","NF"
"MK3 6PD",10,52.0062535139506,-0.747886619900695,064,"Y52","Q38","00","MG","NF"
"MK3 6PE",10,52.0062535139506,-0.747886619900695,064,"Y52","Q38","00","MG","NF"
"MK3 6PF",10,52.0062535139506,-0.747886619900695,064,"Y52","Q38","00","MG","NF"
"MK3 6PG",10,52.0062535139506,-0.747886619900695,064,"Y52","Q38","00","MG","NF"
"MK3 6PH",10,52.00915557213,-0.747689072989224,064,"Y52","Q38","00","MG","NF"
"MK3 6PJ",10,52.0083470563212,-0.748600388153983,064,"Y52","Q38","00","MG","NF"
"MK3 6PL",10,52.0076019491504,-0.747863560281673,064,"Y52","Q38","00","MG","NF"
"MK3 6PN",10,52.007747478805,-0.746329706418558,064,"Y52","Q38","00","MG","NF"
"MK3 6PP",10,52.0085145789329,-0.744064537907619,064,"Y52","Q38","00","MG","NF"
"MK3 6PQ",10,52.0069941338202,-0.748201044528751,064,"Y52","Q38","00","MG","NF"
"MK3 6PR",10,52.0076741707846,-0.745355602793024,064,"Y52","Q38","00","MG","NF"
"MK3 6PS",10,52.0068906234052,-0.746076832710813,064,"Y52","Q38","00","MG","NF"
"MK3 6PT",10,52.0069688859248,-0.74667198288027,064,"Y52","Q38","00","MG","NF"
"MK3 6PU",10,52.005414019308,-0.747574965108223,064,"Y52","Q38","00","MG","NF"
"MK3 6PW",10,52.0085964207883,-0.744994709876615,064,"Y52","Q38","00","MG","NF"
"MK3 6PX",10,52.00995245782,-0.746530356603477,064,"Y52","Q38","00","MG","NF"
"MK3 6PY",10,52.0095484283728,-0.744895229898708,064,"Y52","Q38","00","MG","NF"
"MK3 6PZ",10,52.0086681814581,-0.745823178654751,064,"Y52","Q38","00","MG","NF"
"MK3 6QA",10,52.0088428382871,-0.747027590696733,064,"Y52","Q38","00","MG","NF"
"MK3 6QB",10,52.0082985686484,-0.746576561670842,064,"Y52","Q38","00","MG","NF"
"MK3 6QD",10,52.0062807754236,-0.748759997710034,064,"Y52","Q38","00","MG","NF"
"MK3 6QL",10,52.0092930359464,-0.745397752935243,064,"Y52","Q38","00","MG","NF"
"MK3 6RT",10,52.0006071275022,-0.739464109186632,064,"Y52","Q38","00","MG","NB"
"MK3 6TP",10,51.9938634454816,-0.737760035189168,064,"Y52","Q38","00","MG","NB"
"MK3 6WB",10,52.0109170620988,-0.725813298903422,064,"Y52","Q38","00","MG","NB"
"MK3 6WD",10,52.0109170620988,-0.725813298903422,064,"Y52","Q38","00","MG","NB"
"MK3 6WX",10,52.0109170620988,-0.725813298903422,064,"Y52","Q38","00","MG","NB"
"MK3 6WY",10,52.0109170620988,-0.725813298903422,064,"Y52","Q38","00","MG","NB"
"MK3 6WZ",10,52.0109170620988,-0.725813298903422,064,"Y52","Q38","00","MG","NB"
"MK3 7AA",10,51.9919067285035,-0.760943170358514,064,"Y52","Q38","00","MG","NY"
"MK3 7AB",10,51.9913217491186,-0.759182494462535,064,"Y52","Q38","00","MG","NY"
"MK3 7AD",10,51.9916221557875,-0.761242308247785,064,"Y52","Q38","00","MG","NY"
"MK3 7AE",10,51.9936290150795,-0.763983382210953,064,"Y52","Q38","00","MG","NY"
"MK3 7AF",10,51.9944003784559,-0.764661268321989,064,"Y52","Q38","00","MG","NY"
"MK3 7AG",10,51.9937677901857,-0.763498919845239,064,"Y52","Q38","00","MG","NY"
"MK3 7AJ",10,51.998276220998,-0.754474675836799,064,"Y52","Q38","00","MG","NF"
"MK3 7AL",10,51.9989858814943,-0.756115574636822,064,"Y52","Q38","00","MG","NF"
"MK3 7AN",10,51.9999024102971,-0.757765366072192,064,"Y52","Q38","00","MG","NF"
"MK3 7AP",10,52.0000225523046,-0.758927395150165,064,"Y52","Q38","00","MG","NY"
"MK3 7AQ",10,51.9931010717938,-0.762512320937643,064,"Y52","Q38","00","MG","NY"
"MK3 7AR",10,51.9993635560949,-0.757823980382559,064,"Y52","Q38","00","MG","NY"
"MK3 7AS",10,51.9984735326154,-0.756129773579731,064,"Y52","Q38","00","MG","NY"
"MK3 7AT",10,51.9970612503483,-0.757771167272387,064,"Y52","Q38","00","MG","NY"
"MK3 7AU",10,51.9972278802137,-0.755669048234025,064,"Y52","Q38","00","MG","NY"
"MK3 7AW",10,52.0006819981478,-0.760074531060012,064,"Y52","Q38","00","MG","NY"
"MK3 7AX",10,51.9974459948149,-0.756740892720728,064,"Y52","Q38","00","MG","NY"
"MK3 7AY",10,51.9963930934791,-0.758357722478541,064,"Y52","Q38","00","MG","NY"
"MK3 7AZ",10,51.997850095795,-0.757545408308132,064,"Y52","Q38","00","MG","NY"
"MK3 7BA",10,51.9981299704753,-0.75765419161054,064,"Y52","Q38","00","MG","NY"
"MK3 7BB",10,51.9983638960489,-0.758521700305274,064,"Y52","Q38","00","MG","NY"
"MK3 7BD",10,51.9972605088654,-0.759615538886239,064,"Y52","Q38","00","MG","NY"
"MK3 7BE",10,51.9968410101914,-0.760763270969296,064,"Y52","Q38","00","MG","NY"
"MK3 7BG",10,51.9961502668287,-0.760913431718239,064,"Y52","Q38","00","MG","NY"
"MK3 7BH",10,51.9956831484534,-0.758391925573965,064,"Y52","Q38","00","MG","NY"
"MK3 7BJ",10,51.9958800404331,-0.759158455515113,064,"Y52","Q38","00","MG","NY"
"MK3 7BL",10,51.9957920512521,-0.760195042154315,064,"Y52","Q38","00","MG","NY"
"MK3 7BN",10,51.9955612591837,-0.760478160618349,064,"Y52","Q38","00","MG","NY"
"MK3 7BP",10,51.9951847045621,-0.761435306489752,064,"Y52","Q38","00","MG","NY"
"MK3 7BQ",10,51.9961658346596,-0.758975767145263,064,"Y52","Q38","00","MG","NY"
"MK3 7BS",10,51.9950712777676,-0.760054730777074,064,"Y52","Q38","00","MG","NY"
"MK3 7BT",10,51.9943251664345,-0.76177945348096,064,"Y52","Q38","00","MG","NY"
"MK3 7BU",10,51.9944920458969,-0.763114842284343,064,"Y52","Q38","00","MG","NY"
"MK3 7BW",10,51.9956262176061,-0.761525082827201,064,"Y52","Q38","00","MG","NY"
"MK3 7BX",10,51.993839208229,-0.762593927897553,064,"Y52","Q38","00","MG","NY"
"MK3 7BY",10,51.9974671477628,-0.760454662244789,064,"Y52","Q38","00","MG","NY"
"MK3 7BZ",10,51.9978878225982,-0.761127657882718,064,"Y52","Q38","00","MG","NY"
"MK3 7DA",10,51.9985737120756,-0.761370922453795,064,"Y52","Q38","00","MG","NY"
"MK3 7DB",10,51.99809908713,-0.756431476637388,064,"Y52","Q38","00","MG","NY"
"MK3 7DE",10,51.9963801850135,-0.755430363973445,064,"Y52","Q38","00","MG","NY"
"MK3 7DF",10,51.9957003484134,-0.754910288458659,064,"Y52","Q38","00","MG","NY"
"MK3 7DG",10,51.9962025670299,-0.755639208379776,064,"Y52","Q38","00","MG","NY"
"MK3 7DH",10,51.9929409214248,-0.761817633489133,064,"Y52","Q38","00","MG","NY"
"MK3 7DJ",10,51.9925506251731,-0.762323590987987,064,"Y52","Q38","00","MG","NY"
"MK3 7DL",10,51.9919510209235,-0.763447008283879,064,"Y52","Q38","00","MG","NY"
"MK3 7DN",10,51.990857160867,-0.763739287020926,064,"Y52","Q38","00","MG","NY"
"MK3 7DP",10,51.9913071732177,-0.762925870232483,064,"Y52","Q38","00","MG","NY"
"MK3 7DQ",10,51.9946267912043,-0.758828968276467,064,"Y52","Q38","00","MG","NY"
"MK3 7DS",10,51.9898392108888,-0.76612662197472,064,"Y52","Q38","00","MG","NY"
"MK3 7DT",10,51.9910593757995,-0.765874628541197,064,"Y52","Q38","00","MG","NY"
"MK3 7DU",10,51.9910060403508,-0.765075075008972,064,"Y52","Q38","00","MG","NY"
"MK3 7DW",10,51.9913818617785,-0.764045249316666,064,"Y52","Q38","00","MG","NY"
"MK3 7DX",10,51.9924193457616,-0.763521495569943,064,"Y52","Q38","00","MG","NY"
"MK3 7DY",10,51.9942292613445,-0.760354724373338,064,"Y52","Q38","00","MG","NY"
"MK3 7DZ",10,51.9964415785911,-0.756987199124934,064,"Y52","Q38","00","MG","NY"
"MK3 7EA",10,51.9965643454128,-0.756692483290953,064,"Y52","Q38","00","MG","NY"
"MK3 7EB",10,51.9972489997461,-0.755114953497515,064,"Y52","Q38","00","MG","NY"
"MK3 7ED",10,51.9944892138281,-0.761134062863649,064,"Y52","Q38","00","MG","NY"
"MK3 7EG",10,51.9965258395555,-0.767574194559624,064,"Y52","Q38","00","MG","NY"
"MK3 7EJ",10,51.9992661477115,-0.752859435615185,064,"Y52","Q38","00","MG","NF"
"MK3 7EL",10,51.9990404590781,-0.753623170834785,064,"Y52","Q38","00","MG","NF"
"MK3 7EN",10,51.9998764882137,-0.75191019498473,064,"Y52","Q38","00","MG","NF"
"MK3 7EP",10,52.0003463616911,-0.75213020103078,064,"Y52","Q38","00","MG","NF"
"MK3 7EQ",10,52.0011864561813,-0.755049439858121,064,"Y52","Q38","00","MG","NF"
"MK3 7ER",10,52.0005769787392,-0.751832446535779,064,"Y52","Q38","00","MG","NF"
"MK3 7ES",10,52.0008237200124,-0.751359434021846,064,"Y52","Q38","00","MG","NF"
"MK3 7ET",10,52.0010783320254,-0.751629128579501,064,"Y52","Q38","00","MG","NF"
"MK3 7EU",10,52.0020808829568,-0.751207915455696,064,"Y52","Q38","00","MG","NF"
"MK3 7EW",10,52.000218207793,-0.751915259189513,064,"Y52","Q38","00","MG","NF"
"MK3 7EX",10,52.0030524506839,-0.750408779550543,064,"Y52","Q38","00","MG","NF"
"MK3 7EY",10,52.00286782638,-0.751652188801795,064,"Y52","Q38","00","MG","NF"
"MK3 7EZ",10,52.0019274225219,-0.751998833771403,064,"Y52","Q38","00","MG","NF"
"MK3 7FD",10,52.0074337832767,-0.748960954418369,064,"Y52","Q38","00","MG","NF"
"MK3 7GB",10,52.0001280813996,-0.750198862585937,064,"Y52","Q38","00","MG","NF"
"MK3 7HA",10,52.0017516619172,-0.752382476380076,064,"Y52","Q38","00","MG","NF"
"MK3 7HB",10,52.0029204829835,-0.75237911799778,064,"Y52","Q38","00","MG","NF"
"MK3 7HD",10,52.0030677982562,-0.753555024442892,064,"Y52","Q38","00","MG","NF"
"MK3 7HE",10,52.0036288837021,-0.75474859286445,064,"Y52","Q38","00","MG","NF"
"MK3 7HF",10,52.0038896598583,-0.753051446335621,064,"Y52","Q38","00","MG","NF"
"MK3 7HG",10,52.0037599657328,-0.752690846374026,064,"Y52","Q38","00","MG","NF"
"MK3 7HH",10,52.0033040601821,-0.752091661951628,064,"Y52","Q38","00","MG","NF"
"MK3 7HJ",10,52.0019890167016,-0.753570419095158,064,"Y52","Q38","00","MG","NF"
"MK3 7HL",10,52.0018139190151,-0.753167391656435,064,"Y52","Q38","00","MG","NF"
"MK3 7HN",10,52.0016395908486,-0.75283718326227,064,"Y52","Q38","00","MG","NF"
"MK3 7HP",10,52.0014260235956,-0.753047061667205,064,"Y52","Q38","00","MG","NF"
"MK3 7HQ",10,52.003611367935,-0.752243365436375,064,"Y52","Q38","00","MG","NF"
"MK3 7HR",10,52.000979061532,-0.75329255616279,064,"Y52","Q38","00","MG","NF"
"MK3 7HS",10,52.0003063061377,-0.753442347368953,064,"Y52","Q38","00","MG","NF"
"MK3 7HT",10,51.999745162211,-0.753093761589101,064,"Y52","Q38","00","MG","NF"
"MK3 7HU",10,52.0005580859263,-0.754294813660184,064,"Y52","Q38","00","MG","NF"
"MK3 7HW",10,52.0016287520913,-0.75266267496202,064,"Y52","Q38","00","MG","NF"
"MK3 7HX",10,52.0008628020443,-0.755903315846679,064,"Y52","Q38","00","MG","NF"
"MK3 7HY",10,52.0001501541781,-0.7548305472229,064,"Y52","Q38","00","MG","NF"
"MK3 7HZ",10,51.9998743665165,-0.755959848703499,064,"Y52","Q38","00","MG","NF"
"MK3 7JA",10,51.9992158936514,-0.755759599969471,064,"Y52","Q38","00","MG","NF"
"MK3 7JB",10,51.9989178863619,-0.755636762086498,064,"Y52","Q38","00","MG","NF"
"MK3 7JD",10,51.9990497000202,-0.754496911391555,064,"Y52","Q38","00","MG","NF"
"MK3 7JE",10,51.999259208184,-0.754753297869796,064,"Y52","Q38","00","MG","NF"
"MK3 7JF",10,51.9994253722853,-0.75431168548365,064,"Y52","Q38","00","MG","NF"
"MK3 7JH",10,52.0036882901219,-0.75101750378468,064,"Y52","Q38","00","MG","NF"
"MK3 7JJ",10,52.0004152993004,-0.756949981907113,064,"Y52","Q38","00","MG","NF"
"MK3 7JN",10,51.9997865163206,-0.75020837401404,064,"Y52","Q38","00","MG","NF"
"MK3 7JP",10,51.9979719483762,-0.752909962065898,064,"Y52","Q38","00","MG","NF"
"MK3 7JR",10,52.0001280813996,-0.750198862585937,064,"Y52","Q38","00","MG","NF"
"MK3 7JS",10,52.0005199075895,-0.748148556840082,064,"Y52","Q38","00","MG","NF"
"MK3 7JT",10,52.0007482916205,-0.750181591351505,064,"Y52","Q38","00","MG","NF"
"MK3 7JU",10,52.0028544194144,-0.749540222100204,064,"Y52","Q38","00","MG","NF"
"MK3 7JX",10,52.0038431596044,-0.749512670743629,064,"Y52","Q38","00","MG","NF"
"MK3 7JY",10,52.0047055962028,-0.749444932164973,064,"Y52","Q38","00","MG","NF"
"MK3 7JZ",10,52.0051553326227,-0.749461535830279,064,"Y52","Q38","00","MG","NF"
"MK3 7LB",10,52.0074026228188,-0.749413472729682,064,"Y52","Q38","00","MG","NF"
"MK3 7LD",10,52.0097379583077,-0.748343041746463,064,"Y52","Q38","00","MG","NF"
"MK3 7LL",10,51.9984151626965,-0.753159842982651,064,"Y52","Q38","00","MG","NF"
"MK3 7LN",10,52.0029867499861,-0.75014838673784,064,"Y52","Q38","00","MG","NF"
"MK3 7LR",10,52.0037867308663,-0.750126106044329,064,"Y52","Q38","00","MG","NF"
"MK3 7LS",10,52.0044293847852,-0.753925119132244,064,"Y52","Q38","00","MG","NF"
"MK3 7LT",10,52.0045132293917,-0.750805154175573,064,"Y52","Q38","00","MG","NF"
"MK3 7LU",10,52.00413540143,-0.750786535397848,064,"Y52","Q38","00","MG","NF"
"MK3 7LW",10,52.0012910034008,-0.750486959483422,064,"Y52","Q38","00","MG","NF"
"MK3 7LX",10,52.0039036800949,-0.754376762610846,064,"Y52","Q38","00","MG","NF"
"MK3 7LY",10,52.0041070121751,-0.751501170710901,064,"Y52","Q38","00","MG","NF"
"MK3 7LZ",10,52.0040232549658,-0.752931188217187,064,"Y52","Q38","00","MG","NF"
"MK3 7NA",10,52.0029410074765,-0.756020518128782,064,"Y52","Q38","00","MG","NF"
"MK3 7NB",10,52.0045732986722,-0.754780659255067,064,"Y52","Q38","00","MG","NF"
"MK3 7ND",10,52.0058592777849,-0.752253702815095,064,"Y52","Q38","00","MG","NF"
"MK3 7NE",10,52.0054428732553,-0.751988476296001,064,"Y52","Q38","00","MG","NF"
"MK3 7NF",10,52.0065924820607,-0.75186908750037,064,"Y52","Q38","00","MG","NF"
"MK3 7NG",10,52.0045586354214,-0.75084759540955,064,"Y52","Q38","00","MG","NF"
"MK3 7NH",10,52.0061037053015,-0.751562167092746,064,"Y52","Q38","00","MG","NF"
"MK3 7NJ",10,52.0057744057797,-0.751032283077233,064,"Y52","Q38","00","MG","NF"
"MK3 7NL",10,52.0062387217963,-0.750727979972616,064,"Y52","Q38","00","MG","NF"
"MK3 7NN",10,52.0060669793844,-0.751490344389301,064,"Y52","Q38","00","MG","NF"
"MK3 7NP",10,52.0054682072615,-0.750137545793682,064,"Y52","Q38","00","MG","NF"
"MK3 7NQ",10,52.0057038869497,-0.751165364952271,064,"Y52","Q38","00","MG","NF"
"MK3 7NR",10,52.0074901661611,-0.750037515499363,064,"Y52","Q38","00","MG","NF"
"MK3 7NS",10,52.0088835446208,-0.750013267166616,064,"Y52","Q38","00","MG","NF"
"MK3 7NT",10,52.0082529281705,-0.750744746761326,064,"Y52","Q38","00","MG","NF"
"MK3 7NU",10,52.0076267403189,-0.752743620819752,064,"Y52","Q38","00","MG","NF"
"MK3 7NW",10,52.0051398022201,-0.750540045234151,064,"Y52","Q38","00","MG","NF"
"MK3 7NX",10,52.0079710805449,-0.752996300198482,064,"Y52","Q38","00","MG","NF"
"MK3 7NY",10,52.0084247571164,-0.751686990950541,064,"Y52","Q38","00","MG","NF"
"MK3 7NZ",10,52.0075494724515,-0.751390816099725,064,"Y52","Q38","00","MG","NF"
"MK3 7PA",10,52.0097275615659,-0.749057266434053,064,"Y52","Q38","00","MG","NF"
"MK3 7PB",10,52.0050591428815,-0.754810882988842,064,"Y52","Q38","00","MG","NF"
"MK3 7PD",10,52.0089300323688,-0.753552441071928,064,"Y52","Q38","00","MG","NF"
"MK3 7PE",10,52.0078927523536,-0.754091189031856,064,"Y52","Q38","00","MG","NF"
"MK3 7PF",10,52.0082733519705,-0.754372012762346,064,"Y52","Q38","00","MG","NF"
"MK3 7PG",10,52.0084318540844,-0.75490669003954,064,"Y52","Q38","00","MG","NF"
"MK3 7PH",10,51.9988133880351,-0.759368693024817,064,"Y52","Q38","00","MG","NY"
"MK3 7PJ",10,51.9989704873936,-0.759772215019926,064,"Y52","Q38","00","MG","NY"
"MK3 7PL",10,51.9994562312677,-0.760647363948959,064,"Y52","Q38","00","MG","NY"
"MK3 7PN",10,51.9997987169112,-0.760725307823405,064,"Y52","Q38","00","MG","NY"
"MK3 7PP",10,51.9998268009363,-0.761685945285859,064,"Y52","Q38","00","MG","NY"
"MK3 7PQ",10,52.007571166552,-0.754289520736819,064,"Y52","Q38","00","MG","NF"
"MK3 7PR",10,51.9994384951994,-0.762381295269212,064,"Y52","Q38","00","MG","NY"
"MK3 7PS",10,52.0000152951983,-0.762511059181619,064,"Y52","Q38","00","MG","NY"
"MK3 7PT",10,52.0000754971688,-0.763106643852759,064,"Y52","Q38","00","MG","NY"
"MK3 7PU",10,51.999248698939,-0.76314399577447,064,"Y52","Q38","00","MG","NY"
"MK3 7PW",10,51.9989922776262,-0.762699497769944,064,"Y52","Q38","00","MG","NY"
"MK3 7PX",10,51.9995896836261,-0.763935772046604,064,"Y52","Q38","00","MG","NY"
"MK3 7PY",10,51.9993253722629,-0.764452885501627,064,"Y52","Q38","00","MG","NY"
"MK3 7PZ",10,51.9988756365723,-0.764436132710729,064,"Y52","Q38","00","MG","NY"
"MK3 7QA",10,51.9984080763695,-0.764434437252376,064,"Y52","Q38","00","MG","NY"
"MK3 7QB",10,51.9975584119716,-0.764006276306574,064,"Y52","Q38","00","MG","NY"
"MK3 7QD",10,51.9973943783294,-0.76637049611332,064,"Y52","Q38","00","MG","NY"
"MK3 7QE",10,51.9979718878051,-0.763994890481775,064,"Y52","Q38","00","MG","NY"
"MK3 7QF",10,51.9975988157428,-0.765286983557203,064,"Y52","Q38","00","MG","NY"
"MK3 7QG",10,51.998468131059,-0.765874859259329,064,"Y52","Q38","00","MG","NY"
"MK3 7QH",10,52.0008105742989,-0.76289701203508,064,"Y52","Q38","00","MG","NY"
"MK3 7QJ",10,52.0007572176267,-0.762097288830075,064,"Y52","Q38","00","MG","NY"
"MK3 7QL",10,52.0008735668485,-0.761190913140686,064,"Y52","Q38","00","MG","NY"
"MK3 7QN",10,52.0003051415364,-0.76100266463771,064,"Y52","Q38","00","MG","NY"
"MK3 7QP",10,52.001608171769,-0.764360904794454,064,"Y52","Q38","00","MG","NY"
"MK3 7QQ",10,51.9988389522077,-0.76608316116374,064,"Y52","Q38","00","MG","NY"
"MK3 7QR",10,52.0008179385713,-0.764455497401117,064,"Y52","Q38","00","MG","NY"
"MK3 7QS",10,51.9983298376597,-0.762120537588526,064,"Y52","Q38","00","MG","NY"
"MK3 7QT",10,52.0111549913166,-0.750547373677379,064,"Y52","Q38","00","MG","NF"
"MK3 7QU",10,52.0004920935752,-0.7659648762743,064,"Y52","Q38","00","MG","NY"
"MK3 7RA",10,51.9913496320205,-0.761832392129076,064,"Y52","Q38","00","MG","NY"
"MK3 7RB",10,51.9964881614351,-0.770852526816902,064,"Y52","Q38","00","MG","NY"
"MK3 7RD",10,52.0022215930679,-0.761984058123159,064,"Y52","Q38","00","MG","NF"
"MK3 7RE",10,51.9916578147999,-0.767212649034451,064,"Y52","Q38","00","MG","NY"
"MK3 7RF",10,51.9916174330046,-0.765932109131486,064,"Y52","Q38","00","MG","NY"
"MK3 7RG",10,51.9909707169818,-0.766852852338592,064,"Y52","Q38","00","MG","NY"
"MK3 7RH",10,51.9900279715006,-0.768699204704891,064,"Y52","Q38","00","MG","NY"
"MK3 7RJ",10,51.9897527251122,-0.772478720338537,064,"Y52","Q38","00","MG","NY"
"MK3 7RL",10,51.9899107835657,-0.770391799894508,064,"Y52","Q38","00","MG","NY"
"MK3 7RN",10,51.9894891713983,-0.772209219482262,064,"Y52","Q38","00","MG","NY"
"MK3 7RP",10,51.9910056414912,-0.775371824816404,064,"Y52","Q38","00","MG","NY"
"MK3 7RQ",10,51.9901679880886,-0.767472012496383,064,"Y52","Q38","00","MG","NY"
"MK3 7RR",10,51.9899117511244,-0.77307148132942,064,"Y52","Q38","00","MG","NY"
"MK3 7RS",10,51.9914963223619,-0.768105496595708,064,"Y52","Q38","00","MG","NY"
"MK3 7RT",10,51.9930117442179,-0.766855047609316,064,"Y52","Q38","00","MG","NY"
"MK3 7RU",10,51.993337614852,-0.766205247397044,064,"Y52","Q38","00","MG","NY"
"MK3 7RW",10,51.9915914175464,-0.775501488191257,064,"Y52","Q38","00","MG","NY"
"MK3 7RX",10,51.993980993446,-0.767542105896007,064,"Y52","Q38","00","MG","NY"
"MK3 7RY",10,51.9947509628754,-0.766370315206283,064,"Y52","Q38","00","MG","NY"
"MK3 7SA",10,51.9958259410779,-0.768569302702445,064,"Y52","Q38","00","MG","NY"
"MK3 7SB",10,51.9950457446081,-0.769624841704044,064,"Y52","Q38","00","MG","NY"
"MK3 7SD",10,51.9925938363385,-0.765584850098497,064,"Y52","Q38","00","MG","NY"
"MK3 7SE",10,51.9929676765902,-0.764365706371884,064,"Y52","Q38","00","MG","NY"
"MK3 7SH",10,52.0048662527252,-0.756127401054727,064,"Y52","Q38","00","MG","NF"
"MK3 7SJ",10,52.0057531281964,-0.756670999649867,064,"Y52","Q38","00","MG","NF"
"MK3 7SL",10,52.0051775917529,-0.754108302907853,064,"Y52","Q38","00","MG","NF"
"MK3 7SN",10,52.0061343224482,-0.755305527969619,064,"Y52","Q38","00","MG","NF"
"MK3 7SP",10,52.0053315282993,-0.753361027215347,064,"Y52","Q38","00","MG","NF"
"MK3 7SR",10,52.0064106174199,-0.753374754473975,064,"Y52","Q38","00","MG","NF"
"MK3 7SS",10,52.0068933619466,-0.75566327075349,064,"Y52","Q38","00","MG","NF"
"MK3 7ST",10,52.0078834183781,-0.756611969416331,064,"Y52","Q38","00","MG","NF"
"MK3 7SU",10,52.0070683791958,-0.756911370159231,064,"Y52","Q38","00","MG","NF"
"MK3 7SW",10,52.0059063335707,-0.75330135139169,064,"Y52","Q38","00","MG","NF"
"MK3 7SX",10,52.0073346342148,-0.754878859952014,064,"Y52","Q38","00","MG","NF"
"MK3 7SY",10,52.0052489235857,-0.75745710737905,064,"Y52","Q38","00","MG","NF"
"MK3 7TA",10,52.0063414540019,-0.756188490404699,064,"Y52","Q38","00","MG","NF"
"MK3 7TB",10,52.0066554410893,-0.757826093410934,064,"Y52","Q38","00","MG","NF"
"MK3 7TD",10,52.0058741176367,-0.758765558881279,064,"Y52","Q38","00","MG","NF"
"MK3 7TH",10,51.9980686405996,-0.770663583990478,064,"Y52","Q38","00","MG","NY"
"MK3 7TJ",10,51.9973017377447,-0.769548437540146,064,"Y52","Q38","00","MG","NY"
"MK3 7TL",10,51.9985112317532,-0.769995972823268,064,"Y52","Q38","00","MG","NY"
"MK3 7TN",10,51.997688412407,-0.768693000468066,064,"Y52","Q38","00","MG","NY"
"MK3 7TP",10,51.998094580988,-0.767982676299057,064,"Y52","Q38","00","MG","NY"
"MK3 7TR",10,51.9992210514796,-0.768228521922873,064,"Y52","Q38","00","MG","NY"
"MK3 7TS",10,51.9985374615198,-0.767344163057043,064,"Y52","Q38","00","MG","NY"
"MK3 7TT",10,51.9996570772038,-0.767794118306681,064,"Y52","Q38","00","MG","NY"
"MK3 7TU",10,51.998943774204,-0.766648375625698,064,"Y52","Q38","00","MG","NY"
"MK3 7TW",10,51.998796752175,-0.768924792626596,064,"Y52","Q38","00","MG","NY"
"MK3 7UA",10,52.0047658238515,-0.759393522349402,064,"Y52","Q38","00","MG","NF"
"MK3 7UB",10,52.0055102470476,-0.760072239260297,064,"Y52","Q38","00","MG","NF"
"MK3 7UD",10,52.0050857312772,-0.759035032186877,064,"Y52","Q38","00","MG","NF"
"MK3 7UE",10,52.0050509097239,-0.759997520203488,064,"Y52","Q38","00","MG","NF"
"MK3 7UF",10,52.0053646839822,-0.759056455056527,064,"Y52","Q38","00","MG","NF"
"MK3 7UH",10,52.0050151612132,-0.760872620950041,064,"Y52","Q38","00","MG","NF"
"MK3 7UJ",10,52.0044675136057,-0.759241517431883,064,"Y52","Q38","00","MG","NF"
"MK3 7UL",10,52.004225985576,-0.758505212549373,064,"Y52","Q38","00","MG","NF"
"MK3 7UN",10,52.0033323044257,-0.760729704732401,064,"Y52","Q38","00","MG","NF"
"MK3 7UP",10,52.004086372057,-0.759761944411254,064,"Y52","Q38","00","MG","NF"
"MK3 7UQ",10,52.004674155776,-0.760080773254203,064,"Y52","Q38","00","MG","NF"
"MK3 7UW",10,52.0034801487683,-0.761963906071541,064,"Y52","Q38","00","MG","NF"
"MK3 7WA",10,52.0026957478996,-0.760048028952713,064,"Y52","Q38","00","MG","NF"
"MK3 7WB",10,52.0020255887049,-0.760445302025356,064,"Y52","Q38","00","MG","NF"
"MK3 7WD",10,52.0028819953771,-0.758950293675159,064,"Y52","Q38","00","MG","NF"
"MK3 7WE",10,52.0018884219992,-0.755962289581487,064,"Y52","Q38","00","MG","NF"
"MK3 7WF",10,52.0015191216139,-0.755899689443079,064,"Y52","Q38","00","MG","NF"
"MK3 7WG",10,52.0020372818283,-0.759847708213632,064,"Y52","Q38","00","MG","NF"
"MK3 7WH",10,52.0027248930969,-0.758546739658746,064,"Y52","Q38","00","MG","NF"
"MK3 7WJ",10,52.0021366447245,-0.758184254296383,064,"Y52","Q38","00","MG","NF"
"MK3 7WL",10,52.0014914624874,-0.758391483003497,064,"Y52","Q38","00","MG","NF"
"MK3 7WN",10,52.0016906768343,-0.757672165466943,064,"Y52","Q38","00","MG","NF"
"MK3 7XA",10,52.0109170620988,-0.725813298903422,064,"Y52","Q38","00","MG","NB"
"MK4 1AD",10,52.0111696134411,-0.758735618510479,064,"Y52","Q38","00","MG","NJ"
"MK4 1AE",10,52.0110128171881,-0.758361123689572,064,"Y52","Q38","00","MG","NJ"
"MK4 1AF",10,52.0111137702311,-0.757702655758342,064,"Y52","Q38","00","MG","NJ"
"MK4 1AG",10,52.0105121467492,-0.756072866501864,064,"Y52","Q38","00","MG","NJ"
"MK4 1AH",10,52.0105066207574,-0.757253217027481,064,"Y52","Q38","00","MG","NJ"
"MK4 1AJ",10,52.0111650478365,-0.754044027261771,064,"Y52","Q38","00","MG","NJ"
"MK4 1AL",10,52.0116034284605,-0.754687533647437,064,"Y52","Q38","00","MG","NJ"
"MK4 1AN",10,52.0118846361099,-0.757477318582866,064,"Y52","Q38","00","MG","NJ"
"MK4 1AP",10,52.0125437374768,-0.753481180335086,064,"Y52","Q38","00","MG","NJ"
"MK4 1AQ",10,52.0101490667802,-0.755747818162606,064,"Y52","Q38","00","MG","NJ"
"MK4 1AR",10,52.011898693146,-0.757957765259654,064,"Y52","Q38","00","MG","NJ"
"MK4 1AS",10,52.0114494172614,-0.756280009030081,064,"Y52","Q38","00","MG","NJ"
"MK4 1AT",10,52.0130384577047,-0.755201402148289,064,"Y52","Q38","00","MG","NJ"
"MK4 1AU",10,52.0136443163938,-0.756379441652884,064,"Y52","Q38","00","MG","NJ"
"MK4 1AW",10,52.011887632127,-0.756908974982716,064,"Y52","Q38","00","MG","NJ"
"MK4 1AX",10,52.012680454551,-0.755357046472972,064,"Y52","Q38","00","MG","NJ"
"MK4 1AY",10,52.0133470058029,-0.757174531846028,064,"Y52","Q38","00","MG","NJ"
"MK4 1AZ",10,52.012180480515,-0.755691477195862,064,"Y52","Q38","00","MG","NJ"
"MK4 1BA",10,52.0126298395803,-0.756524132995674,064,"Y52","Q38","00","MG","NJ"
"MK4 1BB",10,52.0124388540605,-0.757170549223384,064,"Y52","Q38","00","MG","NJ"
"MK4 1BD",10,52.0127834921599,-0.757452422873992,064,"Y52","Q38","00","MG","NJ"
"MK4 1BE",10,52.009964923339,-0.757894738684453,064,"Y52","Q38","00","MG","NJ"
"MK4 1BG",10,52.0102506309857,-0.758557060348029,064,"Y52","Q38","00","MG","NJ"
"MK4 1BH",10,52.009751808072,-0.758148330307589,064,"Y52","Q38","00","MG","NJ"
"MK4 1BJ",10,52.0099234247171,-0.759076069344668,064,"Y52","Q38","00","MG","NJ"
"MK4 1BL",10,52.0094047846815,-0.758493045038474,064,"Y52","Q38","00","MG","NJ"
"MK4 1BN",10,52.0095165457117,-0.759713833490667,064,"Y52","Q38","00","MG","NJ"
"MK4 1BP",10,52.0109148337087,-0.76015600281174,064,"Y52","Q38","00","MG","NJ"
"MK4 1BQ",10,52.0097647878748,-0.758526793477754,064,"Y52","Q38","00","MG","NJ"
"MK4 1BS",10,52.0103026910581,-0.760085497882967,064,"Y52","Q38","00","MG","NJ"
"MK4 1BT",10,52.0104958958788,-0.760502697859348,064,"Y52","Q38","00","MG","NJ"
"MK4 1BU",10,52.0099511168995,-0.760852861992199,064,"Y52","Q38","00","MG","NJ"
"MK4 1BW",10,52.0106385836216,-0.759537110946749,064,"Y52","Q38","00","MG","NJ"
"MK4 1BX",10,52.0095265600663,-0.757251223892475,064,"Y52","Q38","00","MG","NJ"
"MK4 1BY",10,52.0099172160674,-0.757633796869867,064,"Y52","Q38","00","MG","NJ"
"MK4 1BZ",10,52.0136959447033,-0.757864290409587,064,"Y52","Q38","00","MG","NJ"
"MK4 1DA",10,52.0075443676063,-0.759418684605637,064,"Y52","Q38","00","MG","NJ"
"MK4 1DB",10,52.0071812561719,-0.760798233789689,064,"Y52","Q38","00","MG","NJ"
"MK4 1DD",10,52.0065194711035,-0.761137029163238,064,"Y52","Q38","00","MG","NJ"
"MK4 1DE",10,52.0072722606643,-0.761757292954588,064,"Y52","Q38","00","MG","NJ"
"MK4 1DF",10,52.0092236863424,-0.76607441092908,064,"Y52","Q38","00","MG","NJ"
"MK4 1DG",10,52.0078699457911,-0.762163313484319,064,"Y52","Q38","00","MG","NJ"
"MK4 1DH",10,52.0069529941735,-0.763033621688982,064,"Y52","Q38","00","MG","NJ"
"MK4 1DJ",10,52.0059637906794,-0.763017184260636,064,"Y52","Q38","00","MG","NJ"
"MK4 1DL",10,52.0057352127798,-0.761799707930307,064,"Y52","Q38","00","MG","NJ"
"MK4 1DN",10,52.0064689866242,-0.763178085555769,064,"Y52","Q38","00","MG","NJ"
"MK4 1DP",10,52.004458626656,-0.764384396241684,064,"Y52","Q38","00","MG","NJ"
"MK4 1DQ",10,52.0074929210964,-0.763077014389723,064,"Y52","Q38","00","MG","NJ"
"MK4 1DR",10,52.0051194748923,-0.763098733198717,064,"Y52","Q38","00","MG","NJ"
"MK4 1DS",10,52.0089209457332,-0.756947462473192,064,"Y52","Q38","00","MG","NJ"
"MK4 1DT",10,52.0092965442751,-0.757607273703168,064,"Y52","Q38","00","MG","NJ"
"MK4 1DU",10,52.008609645852,-0.758121664606097,064,"Y52","Q38","00","MG","NJ"
"MK4 1DW",10,52.0050707877566,-0.76531449654638,064,"Y52","Q38","00","MG","NJ"
"MK4 1DY",10,52.0087705774274,-0.764877581965859,064,"Y52","Q38","00","MG","NJ"
"MK4 1DZ",10,52.0092763351579,-0.758248910485436,064,"Y52","Q38","00","MG","NJ"
"MK4 1EA",10,52.0068775283762,-0.761841031748007,064,"Y52","Q38","00","MG","NJ"
"MK4 1EB",10,52.0053331360128,-0.765467533120221,064,"Y52","Q38","00","MG","NJ"
"MK4 1ED",10,52.0051169715159,-0.767148866088706,064,"Y52","Q38","00","MG","NJ"
"MK4 1EE",10,52.008338837192,-0.765719935286521,064,"Y52","Q38","00","MG","NJ"
"MK4 1EF",10,52.0081526705109,-0.765972739047013,064,"Y52","Q38","00","MG","NJ"
"MK4 1EG",10,52.0087609959296,-0.765679182450932,064,"Y52","Q38","00","MG","NJ"
"MK4 1EH",10,52.0055540503963,-0.76595679171199,064,"Y52","Q38","00","MG","NJ"
"MK4 1EJ",10,52.0079235747154,-0.759568464324471,064,"Y52","Q38","00","MG","NJ"
"MK4 1EL",10,52.0081532245906,-0.758323702017144,064,"Y52","Q38","00","MG","NJ"
"MK4 1EN",10,52.0087083472578,-0.772688674015251,064,"Y52","Q38","00","MG","NJ"
"MK4 1EP",10,52.0084719840528,-0.761272524072,064,"Y52","Q38","00","MG","NJ"
"MK4 1EQ",10,52.0083140173189,-0.766784199740954,064,"Y52","Q38","00","MG","NJ"
"MK4 1ER",10,52.0048932619357,-0.763818825282515,064,"Y52","Q38","00","MG","NJ"
"MK4 1ES",10,52.006039266454,-0.765069315153909,064,"Y52","Q38","00","MG","NJ"
"MK4 1ET",10,52.0085222814965,-0.759216809471304,064,"Y52","Q38","00","MG","NJ"
"MK4 1EU",10,52.0040901146334,-0.765254069372652,064,"Y52","Q38","00","MG","NJ"
"MK4 1EW",10,52.0089202433627,-0.773178250982814,064,"Y52","Q38","00","MG","NJ"
"MK4 1EZ",10,52.0082939931745,-0.771752984265154,064,"Y52","Q38","00","MG","NJ"
"MK4 1FA",10,52.0118252973614,-0.763802672028822,064,"Y52","Q38","00","MG","NJ"
"MK4 1GA",10,52.0169223481054,-0.768864550727544,064,"Y52","Q38","00","MG","NJ"
"MK4 1GX",10,52.0086415711407,-0.768013622695599,064,"Y52","Q38","00","MG","NJ"
"MK4 1HA",10,52.0106892202123,-0.763498856973236,064,"Y52","Q38","00","MG","NJ"
"MK4 1HB",10,52.0094195655588,-0.764174927368632,064,"Y52","Q38","00","MG","NJ"
"MK4 1HD",10,52.009895389777,-0.765822815357743,064,"Y52","Q38","00","MG","NJ"
"MK4 1HE",10,52.0093566946223,-0.766755540600599,064,"Y52","Q38","00","MG","NJ"
"MK4 1HF",10,52.0097902578275,-0.765228333548914,064,"Y52","Q38","00","MG","NJ"
"MK4 1HG",10,52.0097467121115,-0.767939566330635,064,"Y52","Q38","00","MG","NJ"
"MK4 1HH",10,52.0101485961268,-0.765961552121349,064,"Y52","Q38","00","MG","NJ"
"MK4 1HJ",10,52.0102646993077,-0.76760479634247,064,"Y52","Q38","00","MG","NJ"
"MK4 1HL",10,52.0087474541676,-0.767821308571983,064,"Y52","Q38","00","MG","NJ"
"MK4 1HN",10,52.0092780719094,-0.769555126868635,064,"Y52","Q38","00","MG","NJ"
"MK4 1HP",10,52.0067681301809,-0.76856041080723,064,"Y52","Q38","00","MG","NJ"
"MK4 1HQ",10,52.0094893933191,-0.768267172303197,064,"Y52","Q38","00","MG","NJ"
"MK4 1HR",10,52.0071659171112,-0.76790844735539,064,"Y52","Q38","00","MG","NJ"
"MK4 1HS",10,52.0074253679847,-0.767784768452833,064,"Y52","Q38","00","MG","NJ"
"MK4 1HT",10,52.0075620249425,-0.767955847942207,064,"Y52","Q38","00","MG","NJ"
"MK4 1HU",10,52.0075324661774,-0.768568572512055,064,"Y52","Q38","00","MG","NJ"
"MK4 1HW",10,52.0108634127866,-0.769832197365795,064,"Y52","Q38","00","MG","NJ"
"MK4 1HX",10,52.0080868667576,-0.768276535730682,064,"Y52","Q38","00","MG","NJ"
"MK4 1HY",10,52.0077500086495,-0.769597031271561,064,"Y52","Q38","00","MG","NJ"
"MK4 1HZ",10,52.0090230519253,-0.768381963647933,064,"Y52","Q38","00","MG","NJ"
"MK4 1JA",10,52.0087052469506,-0.768944337391731,064,"Y52","Q38","00","MG","NJ"
"MK4 1JD",10,52.0071488185332,-0.770575085894361,064,"Y52","Q38","00","MG","NJ"
"MK4 1JE",10,52.0077583491984,-0.771257717132346,064,"Y52","Q38","00","MG","NJ"
"MK4 1JF",10,52.0075766235833,-0.770213699256368,064,"Y52","Q38","00","MG","NJ"
"MK4 1JG",10,52.0098489525805,-0.773429688259553,064,"Y52","Q38","00","MG","NJ"
"MK4 1JH",10,52.0107974576595,-0.773855439428844,064,"Y52","Q38","00","MG","NJ"
"MK4 1JJ",10,52.0114629600823,-0.773006725203817,064,"Y52","Q38","00","MG","NJ"
"MK4 1JL",10,52.012408433152,-0.773141146425837,064,"Y52","Q38","00","MG","NJ"
"MK4 1JN",10,52.0122889616804,-0.773756391217498,064,"Y52","Q38","00","MG","NJ"
"MK4 1JP",10,52.0130479636394,-0.767222342780262,064,"Y52","Q38","00","MG","NJ"
"MK4 1JQ",10,52.010200457577,-0.772647857058215,064,"Y52","Q38","00","MG","NJ"
"MK4 1JR",10,52.0128686422389,-0.766411289437244,064,"Y52","Q38","00","MG","NJ"
"MK4 1JS",10,52.0130223508689,-0.765634792187946,064,"Y52","Q38","00","MG","NJ"
"MK4 1JT",10,52.0122028841901,-0.76809067583046,064,"Y52","Q38","00","MG","NJ"
"MK4 1JU",10,52.0114546878858,-0.773939471313862,064,"Y52","Q38","00","MG","NJ"
"MK4 1JW",10,52.0124269252183,-0.774918295163004,064,"Y52","Q38","00","MG","NJ"
"MK4 1JX",10,52.0114347911301,-0.775484500242894,064,"Y52","Q38","00","MG","NJ"
"MK4 1JY",10,52.0121543248148,-0.772914962003041,064,"Y52","Q38","00","MG","NJ"
"MK4 1JZ",10,52.01189007124,-0.77085314106137,064,"Y52","Q38","00","MG","NJ"
"MK4 1LA",10,52.0119860867954,-0.768854310761376,064,"Y52","Q38","00","MG","NJ"
"MK4 1LB",10,52.0119773912535,-0.769743368085925,064,"Y52","Q38","00","MG","NJ"
"MK4 1LD",10,52.0113405692545,-0.769891966589356,064,"Y52","Q38","00","MG","NJ"
"MK4 1LH",10,52.0109962242502,-0.771358455851237,064,"Y52","Q38","00","MG","NJ"
"MK4 1LJ",10,52.010715422418,-0.772021813134036,064,"Y52","Q38","00","MG","NJ"
"MK4 1LP",10,52.0077062941289,-0.768855190059801,064,"Y52","Q38","00","MG","NJ"
"MK4 1LQ",10,52.013039548906,-0.77071964854098,064,"Y52","Q38","00","MG","NJ"
"MK4 1LR",10,52.0064884086716,-0.769325676266125,064,"Y52","Q38","00","MG","NJ"
"MK4 1LS",10,52.0113262542167,-0.765943729599066,064,"Y52","Q38","00","MG","NJ"
"MK4 1LT",10,52.0106575889101,-0.76562700361449,064,"Y52","Q38","00","MG","NJ"
"MK4 1LU",10,52.0156742732919,-0.770749449760047,064,"Y52","Q38","00","MG","NJ"
"MK4 1LW",10,52.0141455476203,-0.772452492255823,064,"Y52","Q38","00","MG","NJ"
"MK4 1LX",10,52.0133983331103,-0.770636960675168,064,"Y52","Q38","00","MG","NJ"
"MK4 1LY",10,52.0127108939812,-0.771967192201138,064,"Y52","Q38","00","MG","NJ"
"MK4 1LZ",10,52.0122535376501,-0.772081707914628,064,"Y52","Q38","00","MG","NJ"
"MK4 1NA",10,52.0085184509678,-0.769998479124195,064,"Y52","Q38","00","MG","NJ"
"MK4 1NB",10,52.0105141486124,-0.772551853617684,064,"Y52","Q38","00","MG","NJ"
"MK4 1ND",10,52.0140055999209,-0.765083164093894,064,"Y52","Q38","00","MG","NJ"
"MK4 1WB",10,52.0109170620988,-0.725813298903422,064,"Y52","Q38","00","MG","NB"
"MK4 1WL",10,52.0109170620988,-0.725813298903422,064,"Y52","Q38","00","MG","NB"
"MK4 1WN",10,52.0109170620988,-0.725813298903422,064,"Y52","Q38","00","MG","NB"
"MK4 1WR",10,52.0109170620988,-0.725813298903422,064,"Y52","Q38","00","MG","NB"
"MK4 1WU",10,52.0109170620988,-0.725813298903422,064,"Y52","Q38","00","MG","NB"
"MK4 1XJ",10,52.0109170620988,-0.725813298903422,064,"Y52","Q38","00","MG","NB"
"MK4 1ZD",10,52.0109170620988,-0.725813298903422,064,"Y52","Q38","00","MG","NB"
"MK4 1ZG",10,52.0109170620988,-0.725813298903422,064,"Y52","Q38","00","MG","NB"
"MK4 2AB",10,52.0007854579847,-0.771667138052252,064,"Y52","Q38","00","MG","NH"
"MK4 2AD",10,52.000073534264,-0.771511819105059,064,"Y52","Q38","00","MG","NH"
"MK4 2AE",10,52.0003772944698,-0.772188154868358,064,"Y52","Q38","00","MG","NH"
"MK4 2AF",10,52.0005847141645,-0.769662372923415,064,"Y52","Q38","00","MG","NH"
"MK4 2AG",10,52.0027744463958,-0.766688778919098,064,"Y52","Q38","00","MG","NH"
"MK4 2AH",10,51.999108950353,-0.772994882139314,064,"Y52","Q38","00","MG","NH"
"MK4 2AJ",10,52.0018140357045,-0.768565244483317,064,"Y52","Q38","00","MG","NH"
"MK4 2AL",10,52.0030017504834,-0.768649196577507,064,"Y52","Q38","00","MG","NH"
"MK4 2AP",10,52.0019797881077,-0.768939452700793,064,"Y52","Q38","00","MG","NH"
"MK4 2AQ",10,52.0023723902513,-0.766073417726663,064,"Y52","Q38","00","MG","NH"
"MK4 2AR",10,52.0020480170108,-0.77030693293005,064,"Y52","Q38","00","MG","NH"
"MK4 2AS",10,52.0014211298665,-0.767104720848725,064,"Y52","Q38","00","MG","NH"
"MK4 2AT",10,52.0012738453161,-0.772804589311655,064,"Y52","Q38","00","MG","NH"
"MK4 2AU",10,51.9997727794989,-0.771986189793031,064,"Y52","Q38","00","MG","NH"
"MK4 2AZ",10,52.0016098545851,-0.770537450091854,064,"Y52","Q38","00","MG","NH"
"MK4 2BA",10,52.0005143172007,-0.774121826621563,064,"Y52","Q38","00","MG","NH"
"MK4 2BB",10,52.0004809850914,-0.773510920610168,064,"Y52","Q38","00","MG","NH"
"MK4 2BD",10,52.0085820080547,-0.776101436980669,064,"Y52","Q38","00","MG","NH"
"MK4 2BE",10,52.0027162457535,-0.768860979380333,064,"Y52","Q38","00","MG","NH"
"MK4 2BH",10,52.0030278068002,-0.767701568614019,064,"Y52","Q38","00","MG","NH"
"MK4 2BJ",10,52.0034103555577,-0.767312295409937,064,"Y52","Q38","00","MG","NH"
"MK4 2BL",10,52.0034115727952,-0.768288319161388,064,"Y52","Q38","00","MG","NH"
"MK4 2BN",10,52.0033104507107,-0.777570896708237,064,"Y52","Q38","00","MG","NH"
"MK4 2BP",10,52.0031132238495,-0.776760466223745,064,"Y52","Q38","00","MG","NH"
"MK4 2BS",10,52.0043517166263,-0.768772405718486,064,"Y52","Q38","00","MG","NH"
"MK4 2BT",10,52.0034868207182,-0.769466265136613,064,"Y52","Q38","00","MG","NH"
"MK4 2BU",10,51.9998949587021,-0.775085589791272,064,"Y52","Q38","00","MG","NH"
"MK4 2DA",10,52.0027262672594,-0.770681678527129,064,"Y52","Q38","00","MG","NH"
"MK4 2DB",10,52.0022198822232,-0.769544707058393,064,"Y52","Q38","00","MG","NH"
"MK4 2DD",10,52.0019132872208,-0.772044160260362,064,"Y52","Q38","00","MG","NH"
"MK4 2DF",10,52.000909878267,-0.777578014511063,064,"Y52","Q38","00","MG","NH"
"MK4 2DG",10,52.0023352942344,-0.777174997023791,064,"Y52","Q38","00","MG","NH"
"MK4 2DH",10,52.0014466676817,-0.771270289344273,064,"Y52","Q38","00","MG","NH"
"MK4 2DJ",10,52.0052812297447,-0.777735739138836,064,"Y52","Q38","00","MG","NH"
"MK4 2DL",10,52.0049946509195,-0.777845524561553,064,"Y52","Q38","00","MG","NH"
"MK4 2DN",10,52.0035794301717,-0.778364812937964,064,"Y52","Q38","00","MG","NH"
"MK4 2DP",10,52.0043976798861,-0.782713034083547,064,"Y52","Q38","00","MG","NH"
"MK4 2DR",10,52.004014778645,-0.783073057289698,064,"Y52","Q38","00","MG","NH"
"MK4 2DU",10,52.0025997245483,-0.775798424044111,064,"Y52","Q38","00","MG","NH"
"MK4 2DW",10,52.002878535866,-0.77927253019798,064,"Y52","Q38","00","MG","NH"
"MK4 2DX",10,52.0020105597652,-0.776207819281491,064,"Y52","Q38","00","MG","NH"
"MK4 2DY",10,52.0012633780902,-0.776985693724637,064,"Y52","Q38","00","MG","NH"
"MK4 2DZ",10,51.9999053806077,-0.77004516733576,064,"Y52","Q38","00","MG","NH"
"MK4 2EA",10,52.0069760240536,-0.781637816233163,064,"Y52","Q38","00","MG","NH"
"MK4 2EB",10,52.0074019048948,-0.781087188307147,064,"Y52","Q38","00","MG","NH"
"MK4 2ED",10,52.007602463878,-0.780484396166464,064,"Y52","Q38","00","MG","NH"
"MK4 2EE",10,52.0078751656683,-0.779034608597169,064,"Y52","Q38","00","MG","NH"
"MK4 2EF",10,52.0065000104992,-0.783428159305703,064,"Y52","Q38","00","MG","NH"
"MK4 2EG",10,52.0067903193287,-0.780200517906346,064,"Y52","Q38","00","MG","NH"
"MK4 2EH",10,52.0074833699788,-0.778535343486084,064,"Y52","Q38","00","MG","NH"
"MK4 2EJ",10,52.0072817644415,-0.779036186494005,064,"Y52","Q38","00","MG","NH"
"MK4 2EL",10,52.0069451762088,-0.779526127283747,064,"Y52","Q38","00","MG","NH"
"MK4 2EN",10,52.0063894488828,-0.780561070524398,064,"Y52","Q38","00","MG","NH"
"MK4 2EP",10,52.008930125501,-0.781060241472634,064,"Y52","Q38","00","MG","NH"
"MK4 2EQ",10,52.0060197007112,-0.783062391492667,064,"Y52","Q38","00","MG","NH"
"MK4 2ER",10,52.0089684547674,-0.776950514318514,064,"Y52","Q38","00","MG","NH"
"MK4 2ES",10,52.0083858568125,-0.777126661045077,064,"Y52","Q38","00","MG","NH"
"MK4 2ET",10,52.0077613381755,-0.777595333768079,064,"Y52","Q38","00","MG","NH"
"MK4 2EU",10,52.008570013053,-0.77754416263267,064,"Y52","Q38","00","MG","NH"
"MK4 2EW",10,52.0060178036502,-0.78113935534452,064,"Y52","Q38","00","MG","NH"
"MK4 2EX",10,52.0079238892143,-0.77766375261573,064,"Y52","Q38","00","MG","NH"
"MK4 2EY",10,52.0080325785597,-0.776874038325759,064,"Y52","Q38","00","MG","NH"
"MK4 2EZ",10,52.0097926182941,-0.777525420925975,064,"Y52","Q38","00","MG","NH"
"MK4 2GA",10,52.0092154584624,-0.77822593146742,064,"Y52","Q38","00","MG","NH"
"MK4 2GB",10,52.0085878340871,-0.779262899928063,064,"Y52","Q38","00","MG","NH"
"MK4 2GD",10,52.0068348772269,-0.784511763322245,064,"Y52","Q38","00","MG","NH"
"MK4 2GE",10,52.0067988919961,-0.783638592313965,064,"Y52","Q38","00","MG","NH"
"MK4 2GF",10,52.0043254301018,-0.78616767931713,064,"Y52","Q38","00","MG","NH"
"MK4 2GG",10,52.0051087774805,-0.785403494141372,064,"Y52","Q38","00","MG","NH"
"MK4 2GJ",10,52.0053305232198,-0.786854353818216,064,"Y52","Q38","00","MG","NH"
"MK4 2HA",10,52.0102326040029,-0.779203577851161,064,"Y52","Q38","00","MG","NH"
"MK4 2HB",10,52.0108838695838,-0.777845376797923,064,"Y52","Q38","00","MG","NH"
"MK4 2HD",10,52.0104461338899,-0.776385701728008,064,"Y52","Q38","00","MG","NH"
"MK4 2HE",10,52.008699252113,-0.778735358599072,064,"Y52","Q38","00","MG","NH"
"MK4 2HF",10,52.0090294156871,-0.778493254488481,064,"Y52","Q38","00","MG","NH"
"MK4 2HG",10,52.0098272799762,-0.776533710402171,064,"Y52","Q38","00","MG","NH"
"MK4 2HH",10,52.0098002239172,-0.775660243284448,064,"Y52","Q38","00","MG","NH"
"MK4 2HJ",10,52.0030616843349,-0.775261378060013,064,"Y52","Q38","00","MG","NH"
"MK4 2HL",10,52.00331239937,-0.776026638416031,064,"Y52","Q38","00","MG","NH"
"MK4 2HN",10,52.0048713670093,-0.776362897311159,064,"Y52","Q38","00","MG","NH"
"MK4 2HP",10,52.0034254064945,-0.776518868598184,064,"Y52","Q38","00","MG","NH"
"MK4 2HQ",10,52.0099237478502,-0.778031802194952,064,"Y52","Q38","00","MG","NH"
"MK4 2HR",10,52.0036727162563,-0.777823254168209,064,"Y52","Q38","00","MG","NH"
"MK4 2HS",10,52.0048152518908,-0.777020008257788,064,"Y52","Q38","00","MG","NH"
"MK4 2HT",10,52.0041837089737,-0.777678223006496,064,"Y52","Q38","00","MG","NH"
"MK4 2HU",10,52.003795453076,-0.776654461075105,064,"Y52","Q38","00","MG","NH"
"MK4 2HW",10,52.0050353420524,-0.775702841929641,064,"Y52","Q38","00","MG","NH"
"MK4 2HY",10,52.0060607309265,-0.780074662436736,064,"Y52","Q38","00","MG","NH"
"MK4 2JA",10,51.9994163397546,-0.774020715360899,064,"Y52","Q38","00","MG","NH"
"MK4 2JB",10,52.0054812434791,-0.782290286041886,064,"Y52","Q38","00","MG","NH"
"MK4 2JD",10,52.0056991175641,-0.783362460447314,064,"Y52","Q38","00","MG","NH"
"MK4 2JE",10,52.0056603669844,-0.781353026490432,064,"Y52","Q38","00","MG","NH"
"MK4 2JF",10,52.005101353189,-0.782941610977809,064,"Y52","Q38","00","MG","NH"
"MK4 2JG",10,52.00803989175,-0.780181117039913,064,"Y52","Q38","00","MG","NH"
"MK4 2JH",10,52.0046956471413,-0.775027393824197,064,"Y52","Q38","00","MG","NH"
"MK4 2JJ",10,52.0045058759252,-0.774071062109514,064,"Y52","Q38","00","MG","NH"
"MK4 2JL",10,52.0045543506099,-0.773545276112039,064,"Y52","Q38","00","MG","NH"
"MK4 2JN",10,52.0042248033733,-0.773845648294944,064,"Y52","Q38","00","MG","NH"
"MK4 2JQ",10,52.0083844151353,-0.779588965959397,064,"Y52","Q38","00","MG","NH"
"MK4 2JR",10,52.0053560816697,-0.771964518877376,064,"Y52","Q38","00","MG","NH"
"MK4 2JS",10,52.0051872472546,-0.784294158720701,064,"Y52","Q38","00","MG","NH"
"MK4 2JT",10,52.006311581333,-0.784336542223903,064,"Y52","Q38","00","MG","NH"
"MK4 2JU",10,52.0057519064837,-0.78499272988959,064,"Y52","Q38","00","MG","NH"
"MK4 2JW",10,52.0040250356569,-0.774521244264346,064,"Y52","Q38","00","MG","NH"
"MK4 2JX",10,52.0037100260606,-0.773626624033009,064,"Y52","Q38","00","MG","NH"
"MK4 2JY",10,52.0038269294488,-0.775357038382812,064,"Y52","Q38","00","MG","NH"
"MK4 2JZ",10,52.004558642023,-0.784369461903368,064,"Y52","Q38","00","MG","NH"
"MK4 2LA",10,52.0070710139235,-0.773461919448554,064,"Y52","Q38","00","MG","NH"
"MK4 2LB",10,52.0052964040447,-0.770552995406378,064,"Y52","Q38","00","MG","NH"
"MK4 2LD",10,52.0049433932123,-0.771189113164278,064,"Y52","Q38","00","MG","NH"
"MK4 2LF",10,52.0057434721716,-0.780695175433176,064,"Y52","Q38","00","MG","NH"
"MK4 2LG",10,52.0047673862476,-0.772417682897119,064,"Y52","Q38","00","MG","NH"
"MK4 2LH",10,52.0066355596004,-0.776547893181199,064,"Y52","Q38","00","MG","NH"
"MK4 2LJ",10,52.006510116367,-0.772268022963361,064,"Y52","Q38","00","MG","NH"
"MK4 2LL",10,52.0062322120713,-0.777535008436205,064,"Y52","Q38","00","MG","NH"
"MK4 2LN",10,52.0065247561566,-0.778867387843773,064,"Y52","Q38","00","MG","NH"
"MK4 2LP",10,52.0069645226718,-0.777922993755402,064,"Y52","Q38","00","MG","NH"
"MK4 2LS",10,52.0073006285593,-0.775655602928903,064,"Y52","Q38","00","MG","NH"
"MK4 2LT",10,52.0071853786828,-0.776678593948496,064,"Y52","Q38","00","MG","NH"
"MK4 2LU",10,52.0077433416743,-0.775862063917598,064,"Y52","Q38","00","MG","NH"
"MK4 2LW",10,52.0069626927648,-0.776014483758255,064,"Y52","Q38","00","MG","NH"
"MK4 2LX",10,52.0080628454996,-0.775459970053484,064,"Y52","Q38","00","MG","NH"
"MK4 2NP",10,52.0036844873043,-0.784174620410847,064,"Y52","Q38","00","MG","NH"
"MK4 2RH",10,52.0025569157564,-0.777737099683416,064,"Y52","Q38","00","MG","NH"
"MK4 2SH",10,52.001917285719,-0.778482895865044,064,"Y52","Q38","00","MG","NH"
"MK4 2WR",10,52.0109170620988,-0.725813298903422,064,"Y52","Q38","00","MG","NB"
"MK4 2WS",10,52.0109170620988,-0.725813298903422,064,"Y52","Q38","00","MG","NB"
"MK4 2WT",10,52.0109170620988,-0.725813298903422,064,"Y52","Q38","00","MG","NB"
"MK4 2WY",10,52.0109170620988,-0.725813298903422,064,"Y52","Q38","00","MG","NB"
"MK4 3AB",10,51.9982667734083,-0.788924336990257,064,"Y52","Q38","00","MG","NH"
"MK4 3AD",10,51.9949324239957,-0.7820812399667,064,"Y52","Q38","00","MG","NH"
"MK4 3AE",10,51.9958931538885,-0.777612677577453,064,"Y52","Q38","00","MG","NH"
"MK4 3AF",10,51.9947758407621,-0.777380929183152,064,"Y52","Q38","00","MG","NH"
"MK4 3AG",10,51.994844423285,-0.778791887886415,064,"Y52","Q38","00","MG","NH"
"MK4 3AH",10,51.9963924347838,-0.778939127856378,064,"Y52","Q38","00","MG","NH"
"MK4 3AJ",10,51.9964350882492,-0.780452804210782,064,"Y52","Q38","00","MG","NH"
"MK4 3AL",10,51.9976286098567,-0.775030909537928,064,"Y52","Q38","00","MG","NH"
"MK4 3AN",10,51.9967730538602,-0.776627369782849,064,"Y52","Q38","00","MG","NH"
"MK4 3AP",10,51.9967488890324,-0.777764164059355,064,"Y52","Q38","00","MG","NH"
"MK4 3AQ",10,51.9950905884815,-0.779120193023696,064,"Y52","Q38","00","MG","NH"
"MK4 3AR",10,51.9954694368191,-0.780974263434968,064,"Y52","Q38","00","MG","NH"
"MK4 3AS",10,51.9948055772785,-0.780249465479996,064,"Y52","Q38","00","MG","NH"
"MK4 3AT",10,51.9936764146461,-0.779741246683768,064,"Y52","Q38","00","MG","NH"
"MK4 3AU",10,51.9946743071324,-0.779728686368713,064,"Y52","Q38","00","MG","NH"
"MK4 3AW",10,51.996535265381,-0.776240574636162,064,"Y52","Q38","00","MG","NH"
"MK4 3AX",10,51.9969525105273,-0.78006003273637,064,"Y52","Q38","00","MG","NH"
"MK4 3AY",10,51.9945866386489,-0.781682797640545,064,"Y52","Q38","00","MG","NH"
"MK4 3AZ",10,51.994083223215,-0.780822561645314,064,"Y52","Q38","00","MG","NH"
"MK4 3BA",10,51.9941478502051,-0.781854920938526,064,"Y52","Q38","00","MG","NH"
"MK4 3BB",10,51.9939697218297,-0.779412845337003,064,"Y52","Q38","00","MG","NH"
"MK4 3BD",10,51.9936700781969,-0.779129695652833,064,"Y52","Q38","00","MG","NH"
"MK4 3BE",10,51.9991268039212,-0.794756902447208,064,"Y52","Q38","00","MG","NH"
"MK4 3BF",10,51.9999682094542,-0.793510691282825,064,"Y52","Q38","00","MG","NH"
"MK4 3BG",10,52.0009653157633,-0.79429964968954,064,"Y52","Q38","00","MG","NH"
"MK4 3BH",10,51.9994514872099,-0.793976148823495,064,"Y52","Q38","00","MG","NH"
"MK4 3BJ",10,51.998557667049,-0.784867024273518,064,"Y52","Q38","00","MG","NH"
"MK4 3BL",10,51.9982480192242,-0.785356095647665,064,"Y52","Q38","00","MG","NH"
"MK4 3BN",10,51.999921118781,-0.77933840243326,064,"Y52","Q38","00","MG","NH"
"MK4 3BP",10,51.9992625957606,-0.779997244809561,064,"Y52","Q38","00","MG","NH"
"MK4 3BQ",10,51.9999691390528,-0.780502447137666,064,"Y52","Q38","00","MG","NH"
"MK4 3BS",10,51.9994851081837,-0.780646699176101,064,"Y52","Q38","00","MG","NH"
"MK4 3BT",10,51.9975413189311,-0.783962308797436,064,"Y52","Q38","00","MG","NH"
"MK4 3BU",10,51.9980486744706,-0.782593901664823,064,"Y52","Q38","00","MG","NH"
"MK4 3BW",10,51.9984001721077,-0.783545748460052,064,"Y52","Q38","00","MG","NH"
"MK4 3BX",10,51.9996197344149,-0.782361920382757,064,"Y52","Q38","00","MG","NH"
"MK4 3BY",10,51.9986168741498,-0.781893867542749,064,"Y52","Q38","00","MG","NH"
"MK4 3BZ",10,51.9994003453588,-0.781144269696251,064,"Y52","Q38","00","MG","NH"
"MK4 3DA",10,52.0018968112073,-0.779109856131399,064,"Y52","Q38","00","MG","NH"
"MK4 3DB",10,51.9984767420618,-0.783995231497994,064,"Y52","Q38","00","MG","NH"
"MK4 3DE",10,52.0002698592693,-0.794871877033927,064,"Y52","Q38","00","MG","NH"
"MK4 3DF",10,51.9989693269917,-0.795183560748314,064,"Y52","Q38","00","MG","NH"
"MK4 3DG",10,51.9991006781645,-0.795718998411852,064,"Y52","Q38","00","MG","NH"
"MK4 3DH",10,51.9988806794538,-0.78567400475746,064,"Y52","Q38","00","MG","NH"
"MK4 3DJ",10,51.9988051669623,-0.785326451760065,064,"Y52","Q38","00","MG","NH"
"MK4 3DL",10,51.9968723987509,-0.783616283776999,064,"Y52","Q38","00","MG","NH"
"MK4 3DN",10,51.9962427934059,-0.785337528158199,064,"Y52","Q38","00","MG","NH"
"MK4 3DP",10,51.9964233338882,-0.786279414884312,064,"Y52","Q38","00","MG","NH"
"MK4 3DQ",10,51.9968565757835,-0.785568538784278,064,"Y52","Q38","00","MG","NH"
"MK4 3DR",10,51.9973030069791,-0.785265140113659,064,"Y52","Q38","00","MG","NH"
"MK4 3DS",10,51.9959343001647,-0.784195195985016,064,"Y52","Q38","00","MG","NH"
"MK4 3DT",10,51.9961473707466,-0.785675119891582,064,"Y52","Q38","00","MG","NH"
"MK4 3DW",10,51.9991330653347,-0.783992016745867,064,"Y52","Q38","00","MG","NH"
"MK4 3DX",10,51.9941569069372,-0.778388205933789,064,"Y52","Q38","00","MG","NH"
"MK4 3DY",10,51.9980181963814,-0.784867062622669,064,"Y52","Q38","00","MG","NH"
"MK4 3DZ",10,51.9975021714174,-0.782783517007891,064,"Y52","Q38","00","MG","NH"
"MK4 3EA",10,51.9981564563225,-0.784324366931463,064,"Y52","Q38","00","MG","NH"
"MK4 3EB",10,51.9959082782593,-0.786031161198757,064,"Y52","Q38","00","MG","NH"
"MK4 3ED",10,51.9980188171509,-0.785799285414212,064,"Y52","Q38","00","MG","NH"
"MK4 3EE",10,51.9981335920881,-0.787340206216475,064,"Y52","Q38","00","MG","NH"
"MK4 3EF",10,51.9989517142817,-0.788206661660311,064,"Y52","Q38","00","MG","NH"
"MK4 3EG",10,51.9986762041132,-0.786772020968663,064,"Y52","Q38","00","MG","NH"
"MK4 3EH",10,51.9985259348437,-0.786149727257241,064,"Y52","Q38","00","MG","NH"
"MK4 3EJ",10,51.9990977793147,-0.787547221532718,064,"Y52","Q38","00","MG","NH"
"MK4 3EL",10,51.9992375516148,-0.788898142922129,064,"Y52","Q38","00","MG","NH"
"MK4 3EN",10,51.9987774817094,-0.788750325624592,064,"Y52","Q38","00","MG","NH"
"MK4 3EP",10,51.9951536900092,-0.786969182472702,064,"Y52","Q38","00","MG","NH"
"MK4 3EQ",10,51.9952215578488,-0.787448004517744,064,"Y52","Q38","00","MG","NH"
"MK4 3ER",10,51.9986433254578,-0.79232272370114,064,"Y52","Q38","00","MG","NH"
"MK4 3ES",10,51.9981543524223,-0.791986289322409,064,"Y52","Q38","00","MG","NH"
"MK4 3EU",10,51.9976429556927,-0.78684364735362,064,"Y52","Q38","00","MG","NH"
"MK4 3EX",10,51.9973777843392,-0.786413833213892,064,"Y52","Q38","00","MG","NH"
"MK4 3EY",10,51.9955755634753,-0.787773447412263,064,"Y52","Q38","00","MG","NH"
"MK4 3EZ",10,51.9953441049709,-0.787998178445139,064,"Y52","Q38","00","MG","NH"
"MK4 3FA",10,51.9960029981144,-0.793500743954486,064,"Y52","Q38","00","MG","NH"
"MK4 3FB",10,51.9962355113407,-0.793377969286168,064,"Y52","Q38","00","MG","NH"
"MK4 3FD",10,51.9957778702212,-0.792589167913904,064,"Y52","Q38","00","MG","NH"
"MK4 3FE",10,51.9952148647614,-0.792924748326943,064,"Y52","Q38","00","MG","NH"
"MK4 3FF",10,51.9956099529822,-0.791996500914416,064,"Y52","Q38","00","MG","NH"
"MK4 3FG",10,51.9952655693141,-0.790855106414107,064,"Y52","Q38","00","MG","NH"
"MK4 3FH",10,51.9950675428613,-0.786461725428706,064,"Y52","Q38","00","MG","NH"
"MK4 3FJ",10,51.9947579951456,-0.791334863827148,064,"Y52","Q38","00","MG","NH"
"MK4 3FL",10,51.9951771513388,-0.791877059957492,064,"Y52","Q38","00","MG","NH"
"MK4 3FN",10,51.9963172108739,-0.795211048796319,064,"Y52","Q38","00","MG","NH"
"MK4 3FP",10,51.9949484855893,-0.793252346326427,064,"Y52","Q38","00","MG","NH"
"MK4 3FQ",10,51.9950531773563,-0.79381757752884,064,"Y52","Q38","00","MG","NH"
"MK4 3FR",10,51.9958173204206,-0.794685541426113,064,"Y52","Q38","00","MG","NH"
"MK4 3FS",10,51.9947509190748,-0.792398312079453,064,"Y52","Q38","00","MG","NH"
"MK4 3FT",10,51.9945302633818,-0.791923599505571,064,"Y52","Q38","00","MG","NH"
"MK4 3FW",10,51.9969246658418,-0.795704550201997,064,"Y52","Q38","00","MG","NH"
"MK4 3FX",10,51.999942839084,-0.794545620124092,064,"Y52","Q38","00","MG","NH"
"MK4 3FY",10,52.0000276111492,-0.794922082278724,064,"Y52","Q38","00","MG","NH"
"MK4 3FZ",10,51.9995521035113,-0.795022249758043,064,"Y52","Q38","00","MG","NH"
"MK4 3GB",10,51.9935154356755,-0.79203829766576,064,"Y52","Q38","00","MG","NH"
"MK4 3GE",10,51.9926969835269,-0.800813585474732,064,"Y52","Q38","00","MG","NH"
"MK4 3HA",10,51.9944787689652,-0.790410216239865,064,"Y52","Q38","00","MG","NH"
"MK4 3HB",10,51.9943094945394,-0.789686525639169,064,"Y52","Q38","00","MG","NH"
"MK4 3WA",10,52.0109170620988,-0.725813298903422,064,"Y52","Q38","00","MG","NB"
"MK4 3WU",10,52.0109170620988,-0.725813298903422,064,"Y52","Q38","00","MG","NB"
"MK4 3ZR",10,52.0109170620988,-0.725813298903422,064,"Y52","Q38","00","MG","NB"
"MK4 4AB",10,52.0030874110803,-0.804906318598576,064,"Y52","Q38","00","MG","NH"
"MK4 4AD",10,51.9936682444688,-0.805259037263414,064,"Y52","Q38","00","MG","NH"
"MK4 4AE",10,51.9888397398299,-0.793766050982555,064,"Y52","Q38","00","MG","NH"
"MK4 4AF",10,51.9993436864759,-0.80545756980984,064,"Y52","Q38","00","MG","NH"
"MK4 4AG",10,52.0004380975113,-0.805209936864942,064,"Y52","Q38","00","MG","NH"
"MK4 4AH",10,52.000961932587,-0.804555036055393,064,"Y52","Q38","00","MG","NH"
"MK4 4AJ",10,52.000233697206,-0.804559865950073,064,"Y52","Q38","00","MG","NH"
"MK4 4AL",10,51.9997191224164,-0.804355069953415,064,"Y52","Q38","00","MG","NH"
"MK4 4AN",10,51.9996052244571,-0.804649438776943,064,"Y52","Q38","00","MG","NH"
"MK4 4AP",10,52.0000021792828,-0.803895956711313,064,"Y52","Q38","00","MG","NH"
"MK4 4AQ",10,51.999796621171,-0.804017969120674,064,"Y52","Q38","00","MG","NH"
"MK4 4AR",10,52.0021808531252,-0.80417294609338,064,"Y52","Q38","00","MG","NH"
"MK4 4AS",10,51.9995704242922,-0.8038783292709,064,"Y52","Q38","00","MG","NH"
"MK4 4AT",10,52.0014845809489,-0.803783612679515,064,"Y52","Q38","00","MG","NH"
"MK4 4AU",10,52.001784577268,-0.803222053777943,064,"Y52","Q38","00","MG","NH"
"MK4 4AW",10,52.0010893724679,-0.803823280742222,064,"Y52","Q38","00","MG","NH"
"MK4 4AX",10,52.0012499866461,-0.803702461817923,064,"Y52","Q38","00","MG","NH"
"MK4 4AY",10,52.0008659513715,-0.803071743882822,064,"Y52","Q38","00","MG","NH"
"MK4 4AZ",10,52.0005158677944,-0.804013370122522,064,"Y52","Q38","00","MG","NH"
"MK4 4BA",10,52.0011124934873,-0.803443916672593,064,"Y52","Q38","00","MG","NH"
"MK4 4BB",10,52.0014154475585,-0.803173627761551,064,"Y52","Q38","00","MG","NH"
"MK4 4BD",10,52.0009603877691,-0.802632210072854,064,"Y52","Q38","00","MG","NH"
"MK4 4BE",10,52.0001391956829,-0.803222227450132,064,"Y52","Q38","00","MG","NH"
"MK4 4BF",10,52.0016556278517,-0.802919576955161,064,"Y52","Q38","00","MG","NH"
"MK4 4BG",10,52.0061982842837,-0.799593240782688,064,"Y52","Q38","00","MG","NH"
"MK4 4BH",10,52.0059396890793,-0.799804121733493,064,"Y52","Q38","00","MG","NH"
"MK4 4BJ",10,52.0058784576527,-0.800854711380719,064,"Y52","Q38","00","MG","NH"
"MK4 4BL",10,52.0066168096436,-0.800077390992837,064,"Y52","Q38","00","MG","NH"
"MK4 4BN",10,52.0030671123871,-0.802022422974051,064,"Y52","Q38","00","MG","NH"
"MK4 4BP",10,52.0033341518291,-0.802641716199786,064,"Y52","Q38","00","MG","NH"
"MK4 4BS",10,52.0025825622251,-0.801234133840142,064,"Y52","Q38","00","MG","NH"
"MK4 4BT",10,52.002496379206,-0.801600627835951,064,"Y52","Q38","00","MG","NH"
"MK4 4BU",10,52.0028019957879,-0.801592466793172,064,"Y52","Q38","00","MG","NH"
"MK4 4BW",10,52.0085590717514,-0.801861225028728,064,"Y52","Q38","00","MG","NN"
"MK4 4BX",10,51.9915828777968,-0.784225653998163,064,"Y52","Q38","00","MG","NH"
"MK4 4BY",10,52.0028293722034,-0.804286775588858,064,"Y52","Q38","00","MG","NH"
"MK4 4BZ",10,52.002544267956,-0.80543065142478,064,"Y52","Q38","00","MG","NH"
"MK4 4DA",10,52.014665823022,-0.807351916275201,064,"Y52","Q38","00","MG","NN"
"MK4 4DB",10,52.0047068931267,-0.796180425573386,064,"Y52","Q38","00","MG","NH"
"MK4 4DD",10,52.0041395189363,-0.794330913912261,064,"Y52","Q38","00","MG","NH"
"MK4 4DE",10,52.0044260656005,-0.795095335751006,064,"Y52","Q38","00","MG","NH"
"MK4 4DF",10,52.0070817526008,-0.795417392207784,064,"Y52","Q38","00","MG","NH"
"MK4 4DG",10,52.0074841036762,-0.79607677871497,064,"Y52","Q38","00","MG","NH"
"MK4 4DH",10,52.0080795270275,-0.79715351469417,064,"Y52","Q38","00","MG","NH"
"MK4 4DJ",10,52.0070713054306,-0.797034850461186,064,"Y52","Q38","00","MG","NH"
"MK4 4DL",10,52.0075748259252,-0.798798809469137,064,"Y52","Q38","00","MG","NH"
"MK4 4DN",10,52.0066395548989,-0.79878013953633,064,"Y52","Q38","00","MG","NH"
"MK4 4DP",10,52.0059923637519,-0.797034637813731,064,"Y52","Q38","00","MG","NH"
"MK4 4DQ",10,52.0067306901128,-0.796257252962103,064,"Y52","Q38","00","MG","NH"
"MK4 4DR",10,52.0072258997645,-0.798968411736676,064,"Y52","Q38","00","MG","NH"
"MK4 4DS",10,52.0068814335312,-0.797812103428407,064,"Y52","Q38","00","MG","NH"
"MK4 4DT",10,52.0063603056662,-0.796966497997723,064,"Y52","Q38","00","MG","NH"
"MK4 4DY",10,52.0062245892405,-0.798645559195755,064,"Y52","Q38","00","MG","NH"
"MK4 4EA",10,52.0019134488696,-0.806175816323346,064,"Y52","Q38","00","MG","NH"
"MK4 4EB",10,52.003939161338,-0.8064424267514,064,"Y52","Q38","00","MG","NH"
"MK4 4ED",10,52.0010688024711,-0.806227418400558,064,"Y52","Q38","00","MG","NH"
"MK4 4EE",10,52.0023404597392,-0.804838803873575,064,"Y52","Q38","00","MG","NH"
"MK4 4EF",10,52.0013764488068,-0.804645966049609,064,"Y52","Q38","00","MG","NH"
"MK4 4EG",10,52.0013030839358,-0.805390851588142,064,"Y52","Q38","00","MG","NH"
"MK4 4EH",10,52.00114392376,-0.804768697022801,064,"Y52","Q38","00","MG","NH"
"MK4 4EJ",10,52.0034480322613,-0.807664631220267,064,"Y52","Q38","00","MG","NH"
"MK4 4EL",10,52.0032028311884,-0.808312133428267,064,"Y52","Q38","00","MG","NH"
"MK4 4EN",10,52.006311702645,-0.795729442654281,064,"Y52","Q38","00","MG","NH"
"MK4 4EP",10,52.0040156494897,-0.807780663396856,064,"Y52","Q38","00","MG","NH"
"MK4 4EQ",10,52.0036531460003,-0.809276234337212,064,"Y52","Q38","00","MG","NH"
"MK4 4ER",10,52.0052588923558,-0.807135753213136,064,"Y52","Q38","00","MG","NH"
"MK4 4ES",10,52.0022271820215,-0.808745932664611,064,"Y52","Q38","00","MG","NH"
"MK4 4ET",10,52.0051471099116,-0.800553747057913,064,"Y52","Q38","00","MG","NH"
"MK4 4EU",10,52.0048750303417,-0.80209070665335,064,"Y52","Q38","00","MG","NH"
"MK4 4EW",10,52.0049145388648,-0.802439295049946,064,"Y52","Q38","00","MG","NH"
"MK4 4EX",10,52.0059169814042,-0.801990047341595,064,"Y52","Q38","00","MG","NH"
"MK4 4EY",10,52.0052457424971,-0.801410656324957,064,"Y52","Q38","00","MG","NH"
"MK4 4EZ",10,52.0053648632226,-0.802514688760469,064,"Y52","Q38","00","MG","NH"
"MK4 4FA",10,52.0018302972829,-0.798879731218686,064,"Y52","Q38","00","MG","NH"
"MK4 4FB",10,52.0045000606756,-0.803237045651398,064,"Y52","Q38","00","MG","NH"
"MK4 4FD",10,52.0015452455554,-0.800023614978227,064,"Y52","Q38","00","MG","NH"
"MK4 4FE",10,52.0008162054766,-0.799067109347956,064,"Y52","Q38","00","MG","NH"
"MK4 4FF",10,52.0013313827291,-0.799330102673254,064,"Y52","Q38","00","MG","NH"
"MK4 4FG",10,52.0023786066275,-0.797102371612634,064,"Y52","Q38","00","MG","NH"
"MK4 4FH",10,52.0021864231579,-0.79677246838337,064,"Y52","Q38","00","MG","NH"
"MK4 4FJ",10,52.002172610844,-0.798943407556922,064,"Y52","Q38","00","MG","NH"
"MK4 4FL",10,52.0025277780752,-0.797622810202468,064,"Y52","Q38","00","MG","NH"
"MK4 4FN",10,52.0022952532551,-0.799508262318924,064,"Y52","Q38","00","MG","NH"
"MK4 4FP",10,52.0025593388757,-0.799836255128465,064,"Y52","Q38","00","MG","NH"
"MK4 4FQ",10,52.0032892899262,-0.79911747289128,064,"Y52","Q38","00","MG","NH"
"MK4 4FR",10,52.0019478215237,-0.798060805733397,064,"Y52","Q38","00","MG","NH"
"MK4 4FS",10,52.0029152521502,-0.796825766693658,064,"Y52","Q38","00","MG","NH"
"MK4 4FT",10,52.0017958013438,-0.795501004948596,064,"Y52","Q38","00","MG","NH"
"MK4 4FU",10,52.0024029572613,-0.795965442018172,064,"Y52","Q38","00","MG","NH"
"MK4 4FW",10,52.0021547538867,-0.795433100769247,064,"Y52","Q38","00","MG","NH"
"MK4 4FX",10,52.0037277313118,-0.802441830049235,064,"Y52","Q38","00","MG","NH"
"MK4 4FY",10,52.0033433930501,-0.801781960536671,064,"Y52","Q38","00","MG","NH"
"MK4 4FZ",10,52.0038657757816,-0.801869989515674,064,"Y52","Q38","00","MG","NH"
"MK4 4GA",10,52.0032507388995,-0.797982206308781,064,"Y52","Q38","00","MG","NH"
"MK4 4GB",10,52.0028698695567,-0.79854598414455,064,"Y52","Q38","00","MG","NH"
"MK4 4GD",10,52.0031357397998,-0.79728602782903,064,"Y52","Q38","00","MG","NH"
"MK4 4GE",10,52.0015102700264,-0.797475262137548,064,"Y52","Q38","00","MG","NH"
"MK4 4GF",10,51.9995000584374,-0.799612160389054,064,"Y52","Q38","00","MG","NH"
"MK4 4GG",10,51.9996649072487,-0.799025081127148,064,"Y52","Q38","00","MG","NH"
"MK4 4GH",10,51.9998751422727,-0.798480482952627,064,"Y52","Q38","00","MG","NH"
"MK4 4GJ",10,52.0002444966102,-0.797669412868445,064,"Y52","Q38","00","MG","NH"
"MK4 4GL",10,52.0006087868673,-0.799888415168499,064,"Y52","Q38","00","MG","NH"
"MK4 4GN",10,52.0001696746314,-0.800031259031901,064,"Y52","Q38","00","MG","NH"
"MK4 4GP",10,52.00348574489,-0.80961573973649,064,"Y52","Q38","00","MG","NH"
"MK4 4GQ",10,52.004284271703,-0.809448875405108,064,"Y52","Q38","00","MG","NH"
"MK4 4GR",10,52.0042220944058,-0.808634704230231,064,"Y52","Q38","00","MG","NH"
"MK4 4GS",10,52.0033425214051,-0.807011877052022,064,"Y52","Q38","00","MG","NH"
"MK4 4GU",10,52.0095017221487,-0.807037523964722,064,"Y52","Q38","00","MG","NN"
"MK4 4GW",10,52.0101307857425,-0.807006227456808,064,"Y52","Q38","00","MG","NN"
"MK4 4GX",10,52.0096654364853,-0.807222580948931,064,"Y52","Q38","00","MG","NN"
"MK4 4GY",10,52.009980031977,-0.806325441260634,064,"Y52","Q38","00","MG","NN"
"MK4 4HA",10,51.9999008652147,-0.807205326810693,064,"Y52","Q38","00","MG","NH"
"MK4 4HB",10,52.0001448883064,-0.807329943793753,064,"Y52","Q38","00","MG","NH"
"MK4 4HD",10,52.0005829776364,-0.807085229391372,064,"Y52","Q38","00","MG","NH"
"MK4 4HE",10,51.997284821502,-0.805468663789375,064,"Y52","Q38","00","MG","NH"
"MK4 4HF",10,51.9979936194055,-0.806207243704051,064,"Y52","Q38","00","MG","NH"
"MK4 4HG",10,51.9985984857446,-0.804676250004783,064,"Y52","Q38","00","MG","NH"
"MK4 4HH",10,51.9991770153283,-0.804981308015571,064,"Y52","Q38","00","MG","NH"
"MK4 4HJ",10,51.9995609070818,-0.806486025566047,064,"Y52","Q38","00","MG","NH"
"MK4 4HL",10,51.9982729925835,-0.805384100565058,064,"Y52","Q38","00","MG","NH"
"MK4 4HN",10,51.9989985989231,-0.806894274399833,064,"Y52","Q38","00","MG","NH"
"MK4 4HP",10,51.9997448010061,-0.806000431866813,064,"Y52","Q38","00","MG","NH"
"MK4 4HQ",10,51.9977942263293,-0.80516378437678,064,"Y52","Q38","00","MG","NH"
"MK4 4HR",10,52.0001442901307,-0.806383110794526,064,"Y52","Q38","00","MG","NH"
"MK4 4HS",10,52.0107150227072,-0.805213110748351,064,"Y52","Q38","00","MG","NN"
"MK4 4HU",10,52.0050951778766,-0.806950714463719,064,"Y52","Q38","00","MG","NH"
"MK4 4HW",10,51.9982677080015,-0.806636942831074,064,"Y52","Q38","00","MG","NH"
"MK4 4JA",10,52.0054719363606,-0.80509048072725,064,"Y52","Q38","00","MG","NH"
"MK4 4JB",10,52.0049312829999,-0.804973761042426,064,"Y52","Q38","00","MG","NH"
"MK4 4JE",50,52.0049312829999,-0.804973761042426,064,"Y52","Q38","00","MG","NH"
"MK4 4JG",10,52.0088835542046,-0.801939978689273,064,"Y52","Q38","00","MG","NN"
"MK4 4JH",50,52.0089187684576,-0.801866189590674,064,"Y52","Q38","00","MG","NN"
"MK4 4SX",10,52.0074963062417,-0.811447060362363,064,"Y52","Q38","00","MG","NN"
"MK4 4SY",10,52.0076872975832,-0.810771811133042,064,"Y52","Q38","00","MG","NN"
"MK4 4SZ",10,52.0071407481936,-0.810961126614833,064,"Y52","Q38","00","MG","NN"
"MK4 4TA",10,52.0066258675321,-0.804506129887547,064,"Y52","Q38","00","MG","NN"
"MK4 4TB",10,52.0075518237924,-0.803607300518051,064,"Y52","Q38","00","MG","NN"
"MK4 4TD",10,52.0082155415827,-0.804332649270021,064,"Y52","Q38","00","MG","NN"
"MK4 4TE",10,52.0082958167367,-0.803383488879482,064,"Y52","Q38","00","MG","NN"
"MK4 4TF",10,52.0081930938654,-0.803007420757671,064,"Y52","Q38","00","MG","NN"
"MK4 4TG",10,52.0079870932088,-0.803085763580208,064,"Y52","Q38","00","MG","NN"
"MK4 4TH",10,52.0088724261832,-0.803499238653994,064,"Y52","Q38","00","MG","NN"
"MK4 4TJ",10,52.0071528286379,-0.805045719137711,064,"Y52","Q38","00","MG","NN"
"MK4 4TL",10,52.0077807098568,-0.804897873250689,064,"Y52","Q38","00","MG","NN"
"MK4 4TN",10,52.0079103928858,-0.80527322434017,064,"Y52","Q38","00","MG","NN"
"MK4 4TP",10,52.0076124541592,-0.806038762687596,064,"Y52","Q38","00","MG","NN"
"MK4 4TQ",10,52.0077110526569,-0.807784462654777,064,"Y52","Q38","00","MG","NH"
"MK4 4TR",10,52.0083026672303,-0.805830992015594,064,"Y52","Q38","00","MG","NN"
"MK4 4TS",10,52.0082690860566,-0.806953740753757,064,"Y52","Q38","00","MG","NN"
"MK4 4TT",10,52.0075342219224,-0.808969274731027,064,"Y52","Q38","00","MG","NH"
"MK4 4TU",10,52.0070976013519,-0.809359662365168,064,"Y52","Q38","00","MG","NH"
"MK4 4TW",10,52.0070436557101,-0.810249811513676,064,"Y52","Q38","00","MG","NH"
"MK4 4TX",10,52.0058675793716,-0.811315375835141,064,"Y52","Q38","00","MG","NH"
"MK4 4TY",10,52.0065419183543,-0.809534665804915,064,"Y52","Q38","00","MG","NH"
"MK4 4TZ",10,52.0081729838524,-0.810788077435753,064,"Y52","Q38","00","MG","NN"
"MK4 4WA",10,52.0109170620988,-0.725813298903422,064,"Y52","Q38","00","MG","NB"
"MK4 4WF",10,52.0109170620988,-0.725813298903422,064,"Y52","Q38","00","MG","NB"
"MK4 4WH",10,52.0109170620988,-0.725813298903422,064,"Y52","Q38","00","MG","NB"
"MK4 4WR",10,52.0109170620988,-0.725813298903422,064,"Y52","Q38","00","MG","NB"
"MK4 4WT",10,52.0109170620988,-0.725813298903422,064,"Y52","Q38","00","MG","NB"
"MK4 4XQ",10,52.0109170620988,-0.725813298903422,064,"Y52","Q38","00","MG","NB"
"MK401AA",10,52.1344263755372,-0.475586431539319,064,"Y51","Q35","00","KB","MD"
"MK401AB",10,52.1378525338915,-0.469376141460794,064,"Y51","Q35","00","KB","MD"
"MK401AE",10,52.1344263755372,-0.475586431539319,064,"Y51","Q35","00","KB","MD"
"MK401AF",10,52.1344263755372,-0.475586431539319,064,"Y51","Q35","00","KB","MD"
"MK401AJ",10,52.1375135507711,-0.475831734803007,064,"Y51","Q35","00","KB","MD"
"MK401AL",10,52.1361724460722,-0.466014578120672,064,"Y51","Q35","00","KB","MD"
"MK401AN",10,52.1354083388225,-0.466026214069929,064,"Y51","Q35","00","KB","MD"
"MK401AQ",10,52.1383130794832,-0.480655773274088,064,"Y51","Q35","00","KB","MD"
"MK401BA",10,52.1382239324279,-0.468895812955709,064,"Y51","Q35","00","KB","MD"
"MK401BL",10,52.1335225755148,-0.47383475478066,064,"Y51","Q35","00","KB","MD"
"MK401BN",10,52.1326947122363,-0.473088682308905,064,"Y51","Q35","00","KB","MD"
"MK401BP",10,52.1384755282894,-0.467498997620874,064,"Y51","Q35","00","KB","MD"
"MK401BS",10,52.138731156987,-0.467797088602203,064,"Y51","Q35","00","KB","ML"
"MK401BY",10,52.1361745946438,-0.472414452043874,064,"Y51","Q35","00","KB","MD"
"MK401BZ",10,52.1360033600518,-0.473077835669372,064,"Y51","Q35","00","KB","MD"
"MK401DA",10,52.1358192498102,-0.474136168172399,064,"Y51","Q35","00","KB","MD"
"MK401DE",10,52.1355676863733,-0.474846117912106,064,"Y51","Q35","00","KB","MD"
"MK401DG",10,52.1363345154288,-0.475740471194631,064,"Y51","Q35","00","KB","MD"
"MK401DH",10,52.1358768003448,-0.476501288243443,064,"Y51","Q35","00","KB","MD"
"MK401DJ",10,52.1360195326135,-0.477110109735752,064,"Y51","Q35","00","KB","MD"
"MK401DL",10,52.1344263755372,-0.475586431539319,064,"Y51","Q35","00","KB","MD"
"MK401DN",10,52.1353193277231,-0.47580434501673,064,"Y51","Q35","00","KB","MD"
"MK401DP",10,52.1334375071168,-0.474904253715747,064,"Y51","Q35","00","KB","MD"
"MK401DQ",10,52.1366312353335,-0.477133084474656,064,"Y51","Q35","00","KB","MD"
"MK401DS",10,52.1360988449309,-0.478378624083207,064,"Y51","Q35","00","KB","MD"
"MK401DU",10,52.1386298478197,-0.480118943508101,064,"Y51","Q35","00","KB","MD"
"MK401DW",10,52.1349698370232,-0.47659067468173,064,"Y51","Q35","00","KB","MD"
"MK401DX",10,52.1360446726269,-0.477664496870924,064,"Y51","Q35","00","KB","MD"
"MK401DY",10,52.1367545418747,-0.478327057508149,064,"Y51","Q35","00","KB","MD"
"MK401DZ",10,52.1380894793886,-0.480049662232212,064,"Y51","Q35","00","KB","MD"
"MK401EA",10,52.1378233349024,-0.478933576279237,064,"Y51","Q35","00","KB","MD"
"MK401ED",10,52.1384078869755,-0.478942888809157,064,"Y51","Q35","00","KB","MD"
"MK401EF",10,52.1382101093276,-0.47824823056046,064,"Y51","Q35","00","KB","MD"
"MK401EG",10,52.1371605434218,-0.477041973059364,064,"Y51","Q35","00","KB","MD"
"MK401EJ",10,52.1376248604981,-0.478881888186763,064,"Y51","Q35","00","KB","MD"
"MK401EN",10,52.1384460984975,-0.47077320691182,064,"Y51","Q35","00","KB","MD"
"MK401EP",10,52.1380553713838,-0.469763722488291,064,"Y51","Q35","00","KB","MD"
"MK401EQ",10,52.1384005344282,-0.476283670182297,064,"Y51","Q35","00","KB","MD"
"MK401EZ",10,52.1384652093508,-0.470860227413894,064,"Y51","Q35","00","KB","MD"
"MK401HA",10,52.1385964314932,-0.471966286819396,064,"Y51","Q35","00","KB","MD"
"MK401HB",10,52.1385131755552,-0.471092385031939,064,"Y51","Q35","00","KB","MD"
"MK401HD",10,52.138417053286,-0.470613464305858,064,"Y51","Q35","00","KB","MD"
"MK401HG",10,52.1388597026593,-0.470773654486717,064,"Y51","Q35","00","KB","ML"
"MK401HH",10,52.1384167768562,-0.471285648035735,064,"Y51","Q35","00","KB","MD"
"MK401HJ",10,52.1365043788618,-0.471497235642325,064,"Y51","Q35","00","KB","MD"
"MK401HP",10,52.1364587823099,-0.472141717380969,064,"Y51","Q35","00","KB","MD"
"MK401HR",10,52.1370445619816,-0.472939948783532,064,"Y51","Q35","00","KB","MD"
"MK401HS",10,52.1365454338084,-0.473278478383924,064,"Y51","Q35","00","KB","MD"
"MK401HT",10,52.1372263694724,-0.474482612951081,064,"Y51","Q35","00","KB","MD"
"MK401HU",10,52.1366954689298,-0.473755542050804,064,"Y51","Q35","00","KB","MD"
"MK401HX",10,52.1368385932505,-0.474393576594271,064,"Y51","Q35","00","KB","MD"
"MK401HZ",10,52.1362163914605,-0.474254103972113,064,"Y51","Q35","00","KB","MD"
"MK401JA",10,52.1363086109909,-0.475127660379859,064,"Y51","Q35","00","KB","MD"
"MK401JB",10,52.1368554013741,-0.475693467323958,064,"Y51","Q35","00","KB","MD"
"MK401JD",10,52.1377923801215,-0.474448663845431,064,"Y51","Q35","00","KB","MD"
"MK401JE",10,52.1390570470663,-0.473514081827841,064,"Y51","Q35","00","KB","MD"
"MK401JF",10,52.1389075602498,-0.474469013847699,064,"Y51","Q35","00","KB","MD"
"MK401JH",10,52.138825318956,-0.475757733376154,064,"Y51","Q35","00","KB","MD"
"MK401JJ",10,52.1384805372002,-0.473431503001465,064,"Y51","Q35","00","KB","MD"
"MK401JL",10,52.1384805372002,-0.473431503001465,064,"Y51","Q35","00","KB","MD"
"MK401JN",10,52.1385441006146,-0.474174568461618,064,"Y51","Q35","00","KB","MD"
"MK401JP",10,52.1381389306831,-0.472741787005791,064,"Y51","Q35","00","KB","MD"
"MK401JR",10,52.1381389306831,-0.472741787005791,064,"Y51","Q35","00","KB","MD"
"MK401JU",10,52.1379400878496,-0.467809620771159,064,"Y51","Q35","00","KB","MD"
"MK401JW",10,52.1385441006146,-0.474174568461618,064,"Y51","Q35","00","KB","MD"
"MK401JX",10,52.1387407514455,-0.481050373265789,064,"Y51","Q35","00","KB","MD"
"MK401LA",10,52.1375531850907,-0.46848044576752,064,"Y51","Q35","00","KB","MD"
"MK401LB",10,52.137503813019,-0.468832831647559,064,"Y51","Q35","00","KB","MD"
"MK401LD",10,52.1380081905301,-0.467515036830123,064,"Y51","Q35","00","KB","MD"
"MK401LE",10,52.1361445316079,-0.468017346307585,064,"Y51","Q35","00","KB","MD"
"MK401LJ",10,52.1373292138097,-0.47062149843273,064,"Y51","Q35","00","KB","MD"
"MK401LN",10,52.1378970113501,-0.470032171074122,064,"Y51","Q35","00","KB","MD"
"MK401LP",10,52.137977707351,-0.470014793809332,064,"Y51","Q35","00","KB","MD"
"MK401LQ",10,52.1374726040149,-0.469199206247466,064,"Y51","Q35","00","KB","MD"
"MK401LR",10,52.1370428586713,-0.471420355694973,064,"Y51","Q35","00","KB","MD"
"MK401LT",10,52.1376666670802,-0.470989858931927,064,"Y51","Q35","00","KB","MD"
"MK401LX",10,52.1378926745599,-0.471084406204403,064,"Y51","Q35","00","KB","MD"
"MK401LY",10,52.1381379974597,-0.467817442212964,064,"Y51","Q35","00","KB","MD"
"MK401NE",10,52.1376161063505,-0.466403351375537,064,"Y51","Q35","00","KB","MD"
"MK401NF",10,52.1378776865333,-0.466467429084271,064,"Y51","Q35","00","KB","MD"
"MK401NH",10,52.1378342058114,-0.467272598853651,064,"Y51","Q35","00","KB","MD"
"MK401NJ",10,52.1380188236336,-0.466258008902147,064,"Y51","Q35","00","KB","MD"
"MK401NN",10,52.1379476231754,-0.467005683713945,064,"Y51","Q35","00","KB","MD"
"MK401NP",10,52.1378225388887,-0.469143372953249,064,"Y51","Q35","00","KB","MD"
"MK401NS",10,52.1373863610594,-0.467404868201272,064,"Y51","Q35","00","KB","MD"
"MK401NT",10,52.1372722494254,-0.466926584868803,064,"Y51","Q35","00","KB","MD"
"MK401NU",10,52.1384547703414,-0.466593734868907,064,"Y51","Q35","00","KB","MD"
"MK401NY",10,52.1350741389711,-0.469369091821106,064,"Y51","Q35","00","KB","MD"
"MK401PE",10,52.1366781953064,-0.468262052522352,064,"Y51","Q35","00","KB","MD"
"MK401PF",10,52.1359569372369,-0.468111452049949,064,"Y51","Q35","00","KB","MD"
"MK401PG",10,52.1363001608615,-0.46823118414882,064,"Y51","Q35","00","KB","MD"
"MK401PJ",10,52.1356753387042,-0.469275427555424,064,"Y51","Q35","00","KB","MD"
"MK401PL",10,52.137138479814,-0.469780531063376,064,"Y51","Q35","00","KB","MD"
"MK401PR",10,52.1363305915524,-0.471269395341231,064,"Y51","Q35","00","KB","MD"
"MK401PS",10,52.1362119499371,-0.470440586418599,064,"Y51","Q35","00","KB","MD"
"MK401PW",10,52.136407122219,-0.47093070341462,064,"Y51","Q35","00","KB","MD"
"MK401PX",10,52.1354502163424,-0.471328756091027,064,"Y51","Q35","00","KB","MD"
"MK401PY",10,52.1346750969643,-0.46910515474136,064,"Y51","Q35","00","KB","MD"
"MK401QA",10,52.1354964608597,-0.470041358584692,064,"Y51","Q35","00","KB","MD"
"MK401QB",10,52.1358881364398,-0.472511921002534,064,"Y51","Q35","00","KB","MD"
"MK401QE",10,52.1353386592788,-0.474517875923078,064,"Y51","Q35","00","KB","MD"
"MK401QH",10,52.135657393417,-0.473440342949628,064,"Y51","Q35","00","KB","MD"
"MK401QN",10,52.134652223846,-0.474278321446148,064,"Y51","Q35","00","KB","MD"
"MK401QS",10,52.1341605868285,-0.473111619624271,064,"Y51","Q35","00","KB","MD"
"MK401QT",10,52.1348343429004,-0.473760703748672,064,"Y51","Q35","00","KB","MD"
"MK401QU",10,52.1349694432596,-0.473083964378599,064,"Y51","Q35","00","KB","MD"
"MK401QW",10,52.1345103164134,-0.474429281574792,064,"Y51","Q35","00","KB","MD"
"MK401QX",10,52.1351146620215,-0.472494543136416,064,"Y51","Q35","00","KB","MD"
"MK401RA",10,52.1354132661654,-0.468480777969073,064,"Y51","Q35","00","KB","MD"
"MK401RB",10,52.1347049366458,-0.472099442057225,064,"Y51","Q35","00","KB","MD"
"MK401RD",10,52.1352875966123,-0.471962615456287,064,"Y51","Q35","00","KB","MD"
"MK401RG",10,52.1380193314236,-0.466988609514582,064,"Y51","Q35","00","KB","MD"
"MK401RH",10,52.1358775262609,-0.470305924492515,064,"Y51","Q35","00","KB","MD"
"MK401RN",10,52.1353613127512,-0.465867103002893,064,"Y51","Q35","00","KB","MD"
"MK401RW",10,52.1349854241858,-0.46531017255449,064,"Y51","Q35","00","KB","MD"
"MK401RY",10,52.1357841498976,-0.465195053461512,064,"Y51","Q35","00","KB","MD"
"MK401RZ",10,52.1365064944714,-0.466119997960406,064,"Y51","Q35","00","KB","MD"
"MK401SB",10,52.1362840300388,-0.466989735201888,064,"Y51","Q35","00","KB","MD"
"MK401SH",10,52.1344263755372,-0.475586431539319,064,"Y51","Q35","00","KB","MD"
"MK401SJ",10,52.1354132661654,-0.468480777969073,064,"Y51","Q35","00","KB","MD"
"MK401SL",10,52.1358897294039,-0.467090941185315,064,"Y51","Q35","00","KB","MD"
"MK401SP",10,52.1361630184397,-0.466672430893891,064,"Y51","Q35","00","KB","MD"
"MK401SQ",10,52.135027833294,-0.467880318336905,064,"Y51","Q35","00","KB","MD"
"MK401SU",10,52.1367599094383,-0.46763093589515,064,"Y51","Q35","00","KB","MD"
"MK401SX",10,52.1367099706611,-0.46793950011972,064,"Y51","Q35","00","KB","MD"
"MK401SY",10,52.1370587664246,-0.46779602483675,064,"Y51","Q35","00","KB","MD"
"MK401TE",10,52.1337043198875,-0.471899900215723,064,"Y51","Q35","00","KB","MD"
"MK401TF",10,52.1333479482681,-0.472847186439892,064,"Y51","Q35","00","KB","MD"
"MK401TG",10,52.1364476756572,-0.469205117595709,064,"Y51","Q35","00","KB","MD"
"MK401TH",10,52.1338946586072,-0.471323558390949,064,"Y51","Q35","00","KB","MD"
"MK401TJ",10,52.1360621706914,-0.46929139117621,064,"Y51","Q35","00","KB","MD"
"MK401TN",10,52.1362354698786,-0.468788650566826,064,"Y51","Q35","00","KB","MD"
"MK401TP",10,52.1357826173043,-0.469227915420768,064,"Y51","Q35","00","KB","MD"
"MK401TQ",10,52.1360621706914,-0.46929139117621,064,"Y51","Q35","00","KB","MD"
"MK401TS",10,52.1356753387042,-0.469275427555424,064,"Y51","Q35","00","KB","MD"
"MK401TT",10,52.1336231499316,-0.472574779524562,064,"Y51","Q35","00","KB","MD"
"MK401TU",10,52.1343653116733,-0.47225717311788,064,"Y51","Q35","00","KB","MD"
"MK401UH",10,52.1356385520049,-0.469904986310724,064,"Y51","Q35","00","KB","MD"
"MK401WB",10,52.1344263755372,-0.475586431539319,064,"Y51","Q35","00","KB","MD"
"MK401WD",10,52.1344263755372,-0.475586431539319,064,"Y51","Q35","00","KB","MD"
"MK401WG",10,52.1344263755372,-0.475586431539319,064,"Y51","Q35","00","KB","MD"
"MK401XA",10,52.1344263755372,-0.475586431539319,064,"Y51","Q35","00","KB","MD"
"MK401XJ",10,52.1344263755372,-0.475586431539319,064,"Y51","Q35","00","KB","MD"
"MK401XL",10,52.1344263755372,-0.475586431539319,064,"Y51","Q35","00","KB","MD"
"MK401XN",10,52.1344263755372,-0.475586431539319,064,"Y51","Q35","00","KB","MD"
"MK401YD",10,52.1344263755372,-0.475586431539319,064,"Y51","Q35","00","KB","MD"
"MK401YN",10,52.1374438289237,-0.466292370714503,064,"Y51","Q35","00","KB","MD"
"MK401YW",10,52.1344263755372,-0.475586431539319,064,"Y51","Q35","00","KB","MD"
"MK401YY",10,52.1379210482939,-0.470498941816511,064,"Y51","Q35","00","KB","MD"
"MK401ZG",10,52.1344263755372,-0.475586431539319,064,"Y51","Q35","00","KB","MD"
"MK401ZJ",10,52.1344263755372,-0.475586431539319,064,"Y51","Q35","00","KB","MD"
"MK401ZL",10,52.1379727802357,-0.469635041778995,064,"Y51","Q35","00","KB","MD"
"MK402AA",10,52.1395467567138,-0.475923072704818,064,"Y51","Q35","00","KB","ML"
"MK402AB",10,52.1399086283551,-0.475399266909477,064,"Y51","Q35","00","KB","ML"
"MK402AH",10,52.1396993844543,-0.480783955863229,064,"Y51","Q35","00","KB","ML"
"MK402AJ",10,52.1403652778611,-0.482222609072446,064,"Y51","Q35","00","KB","ML"
"MK402AL",10,52.1419468584631,-0.482154229948132,064,"Y51","Q35","00","KB","ML"
"MK402AN",10,52.1425357888626,-0.458927440431992,064,"Y51","Q35","00","KB","MG"
"MK402AP",10,52.1419382809365,-0.482885202441993,064,"Y51","Q35","00","KB","ML"
"MK402AQ",10,52.1399597319025,-0.479357639096003,064,"Y51","Q35","00","KB","ML"
"MK402AR",10,52.1441506948961,-0.483628422185097,064,"Y51","Q35","00","KB","ML"
"MK402AS",10,52.1436430532401,-0.482608058241509,064,"Y51","Q35","00","KB","ML"
"MK402AT",10,52.1434448276309,-0.483973907826759,064,"Y51","Q35","00","KB","ML"
"MK402AU",10,52.143335876944,-0.484591398579302,064,"Y51","Q35","00","KB","ML"
"MK402AW",10,52.1425357888626,-0.458927440431992,064,"Y51","Q35","00","KB","MG"
"MK402AX",10,52.1407967028791,-0.482909379067109,064,"Y51","Q35","00","KB","ML"
"MK402AY",10,52.1406211169137,-0.483938268102404,064,"Y51","Q35","00","KB","ML"
"MK402AZ",10,52.1402248957242,-0.483191842813102,064,"Y51","Q35","00","KB","ML"
"MK402BA",10,52.1394682371493,-0.482384616855356,064,"Y51","Q35","00","KB","ML"
"MK402BB",10,52.1419791423501,-0.483965222548065,064,"Y51","Q35","00","KB","ML"
"MK402BD",10,52.1445197639105,-0.484361223615492,064,"Y51","Q35","00","KB","ML"
"MK402BE",10,52.1419536557165,-0.483381543141407,064,"Y51","Q35","00","KB","ML"
"MK402BG",10,52.1411963293872,-0.48462017823616,064,"Y51","Q35","00","KB","ML"
"MK402BJ",10,52.139758504557,-0.477698620432268,064,"Y51","Q35","00","KB","ML"
"MK402BN",10,52.1402900112677,-0.477081362487404,064,"Y51","Q35","00","KB","ML"
"MK402BP",10,52.1396373373059,-0.473888790974703,064,"Y51","Q35","00","KB","ML"
"MK402BQ",10,52.1421746345833,-0.484484677270426,064,"Y51","Q35","00","KB","ML"
"MK402BS",10,52.1393587371395,-0.471121883143762,064,"Y51","Q35","00","KB","ML"
"MK402BU",10,52.140639195674,-0.476967159852513,064,"Y51","Q35","00","KB","ML"
"MK402BW",10,52.1443073813453,-0.47973567102571,064,"Y51","Q35","00","KB","ML"
"MK402BY",10,52.1406403753262,-0.475666544541718,064,"Y51","Q35","00","KB","ML"
"MK402DA",10,52.1413651421183,-0.479572815008018,064,"Y51","Q35","00","KB","ML"
"MK402DB",10,52.1403619736752,-0.477780337245004,064,"Y51","Q35","00","KB","ML"
"MK402DD",10,52.1430739099898,-0.480303777675339,064,"Y51","Q35","00","KB","ML"
"MK402DE",10,52.1399260424703,-0.479534142020548,064,"Y51","Q35","00","KB","ML"
"MK402DG",10,52.1431371484368,-0.479629380392037,064,"Y51","Q35","00","KB","ML"
"MK402DH",10,52.1439926859783,-0.480433259345886,064,"Y51","Q35","00","KB","ML"
"MK402DJ",10,52.1447924902638,-0.482495916403491,064,"Y51","Q35","00","KB","ML"
"MK402DL",10,52.144133408668,-0.482284490433551,064,"Y51","Q35","00","KB","ML"
"MK402DN",10,52.1457451458022,-0.482463532327815,064,"Y51","Q35","00","KB","ML"
"MK402DQ",10,52.1435990267746,-0.479189840193045,064,"Y51","Q35","00","KB","ML"
"MK402DR",10,52.1419887037009,-0.480516080091055,064,"Y51","Q35","00","KB","ML"
"MK402DS",10,52.1442436634622,-0.481769239074708,064,"Y51","Q35","00","KB","ML"
"MK402DT",10,52.1443337246524,-0.481780790656139,064,"Y51","Q35","00","KB","ML"
"MK402DU",10,52.1438158057706,-0.481359976747633,064,"Y51","Q35","00","KB","ML"
"MK402DW",10,52.1449370029497,-0.481847961613788,064,"Y51","Q35","00","KB","ML"
"MK402DX",10,52.1432660748366,-0.481261764092932,064,"Y51","Q35","00","KB","ML"
"MK402DY",10,52.1416168361657,-0.480265692604092,064,"Y51","Q35","00","KB","ML"
"MK402DZ",10,52.1407883093165,-0.48016237462094,064,"Y51","Q35","00","KB","ML"
"MK402EA",10,52.1399940843096,-0.480627798878732,064,"Y51","Q35","00","KB","ML"
"MK402EB",10,52.1409061308399,-0.480932867973235,064,"Y51","Q35","00","KB","ML"
"MK402ED",10,52.1427952012408,-0.481701585301307,064,"Y51","Q35","00","KB","ML"
"MK402EE",10,52.1420141831642,-0.476218799984249,064,"Y51","Q35","00","KB","ML"
"MK402EG",10,52.1429492466016,-0.478305909427975,064,"Y51","Q35","00","KB","ML"
"MK402EH",10,52.1397161441481,-0.47720322611031,064,"Y51","Q35","00","KB","ML"
"MK402EJ",10,52.1452896118202,-0.482698238465564,064,"Y51","Q35","00","KB","ML"
"MK402EN",10,52.1409920832504,-0.468114060916386,064,"Y51","Q35","00","KB","ML"
"MK402EQ",10,52.1426011916737,-0.478507752414716,064,"Y51","Q35","00","KB","ML"
"MK402ES",10,52.1421510605757,-0.468045067417157,064,"Y51","Q35","00","KB","ML"
"MK402ET",10,52.1423297858723,-0.468652713077214,064,"Y51","Q35","00","KB","ML"
"MK402EU",10,52.1433967304798,-0.469112995995291,064,"Y51","Q35","00","KB","ML"
"MK402EX",10,52.1432816769975,-0.468561606195852,064,"Y51","Q35","00","KB","ML"
"MK402EY",10,52.1435890098184,-0.480505456070955,064,"Y51","Q35","00","KB","ML"
"MK402FB",10,52.1415813491934,-0.481699023863429,064,"Y51","Q35","00","KB","ML"
"MK402FD",10,52.1399770187685,-0.468879536876596,064,"Y51","Q35","00","KB","ML"
"MK402FE",10,52.1413670106727,-0.46859805439259,064,"Y51","Q35","00","KB","ML"
"MK402FF",10,52.1415844119384,-0.468722119249508,064,"Y51","Q35","00","KB","ML"
"MK402FG",10,52.1397662329262,-0.478297486417006,064,"Y51","Q35","00","KB","ML"
"MK402HA",10,52.1407597011524,-0.470299408781876,064,"Y51","Q35","00","KB","ML"
"MK402HB",10,52.1411240301718,-0.471353702455888,064,"Y51","Q35","00","KB","ML"
"MK402HD",10,52.1397011208772,-0.476736125856184,064,"Y51","Q35","00","KB","ML"
"MK402HH",10,52.142961031275,-0.47156846975535,064,"Y51","Q35","00","KB","ML"
"MK402HJ",10,52.1431981747583,-0.469748208828886,064,"Y51","Q35","00","KB","ML"
"MK402HL",10,52.1429160776973,-0.470181682798326,064,"Y51","Q35","00","KB","ML"
"MK402HN",10,52.1430261134383,-0.471040137913436,064,"Y51","Q35","00","KB","ML"
"MK402HR",10,52.1442385882501,-0.458503299994811,064,"Y51","Q35","00","KB","MG"
"MK402HT",10,52.1424391000755,-0.470841034071636,064,"Y51","Q35","00","KB","ML"
"MK402HU",10,52.139251899937,-0.480945308572107,064,"Y51","Q35","00","KB","MD"
"MK402HW",10,52.1428283934488,-0.471046909215171,064,"Y51","Q35","00","KB","ML"
"MK402HX",10,52.1406106780905,-0.469208524104795,064,"Y51","Q35","00","KB","ML"
"MK402HY",10,52.1408954999066,-0.468292734301365,064,"Y51","Q35","00","KB","ML"
"MK402HZ",10,52.1403608877822,-0.467974972570912,064,"Y51","Q35","00","KB","ML"
"MK402JB",10,52.1414155825434,-0.470262323783596,064,"Y51","Q35","00","KB","ML"
"MK402JE",10,52.1419820506684,-0.469570686768697,064,"Y51","Q35","00","KB","ML"
"MK402JF",10,52.1426528730677,-0.469299255501857,064,"Y51","Q35","00","KB","ML"
"MK402JG",10,52.1419179394531,-0.471560338235549,064,"Y51","Q35","00","KB","ML"
"MK402JH",10,52.1425686197312,-0.471815725364438,064,"Y51","Q35","00","KB","ML"
"MK402JJ",10,52.1425686197312,-0.471815725364438,064,"Y51","Q35","00","KB","ML"
"MK402JL",10,52.1424526373922,-0.472579613106347,064,"Y51","Q35","00","KB","ML"
"MK402JN",10,52.1424526373922,-0.472579613106347,064,"Y51","Q35","00","KB","ML"
"MK402JP",10,52.1421726099046,-0.473173741724316,064,"Y51","Q35","00","KB","ML"
"MK402JQ",10,52.1419179394531,-0.471560338235549,064,"Y51","Q35","00","KB","ML"
"MK402JR",10,52.1454854171287,-0.481843926046773,064,"Y51","Q35","00","KB","ML"
"MK402JT",10,52.1421041088031,-0.470662529706646,064,"Y51","Q35","00","KB","ML"
"MK402JU",10,52.1398053037029,-0.479932802460435,064,"Y51","Q35","00","KB","ML"
"MK402JW",10,52.1441124878538,-0.468840007613741,064,"Y51","Q35","00","KB","MG"
"MK402JX",10,52.1413796012465,-0.468875278236261,064,"Y51","Q35","00","KB","ML"
"MK402JY",10,52.1442867326607,-0.468410213481533,064,"Y51","Q35","00","KB","MG"
"MK402JZ",10,52.1448297618057,-0.468683874901803,064,"Y51","Q35","00","KB","MG"
"MK402LA",10,52.145593943181,-0.463147865513527,064,"Y51","Q35","00","KB","MG"
"MK402LB",10,52.1455558126205,-0.464362209453285,064,"Y51","Q35","00","KB","MG"
"MK402LD",10,52.1452417277966,-0.463028458593219,064,"Y51","Q35","00","KB","MG"
"MK402LE",10,52.1449868855114,-0.462101895037383,064,"Y51","Q35","00","KB","MG"
"MK402LF",10,52.144217255759,-0.461689976152927,064,"Y51","Q35","00","KB","MG"
"MK402LH",10,52.1437572695841,-0.459513688707868,064,"Y51","Q35","00","KB","MG"
"MK402LJ",10,52.1446836689201,-0.460913947462497,064,"Y51","Q35","00","KB","MG"
"MK402LL",10,52.1446404749627,-0.460360084127485,064,"Y51","Q35","00","KB","MG"
"MK402LN",10,52.1457451147362,-0.460950426260068,064,"Y51","Q35","00","KB","MG"
"MK402LP",10,52.1462213741067,-0.462307821415321,064,"Y51","Q35","00","KB","MG"
"MK402LQ",10,52.1433440000783,-0.460916289936747,064,"Y51","Q35","00","KB","MG"
"MK402LR",10,52.1469186281588,-0.460617660342559,064,"Y51","Q35","00","KB","MG"
"MK402LS",10,52.1465322015612,-0.459944073838192,064,"Y51","Q35","00","KB","MG"
"MK402LT",10,52.144536486485,-0.459282197032714,064,"Y51","Q35","00","KB","MG"
"MK402LU",10,52.1456780340974,-0.459944312286916,064,"Y51","Q35","00","KB","MG"
"MK402LW",10,52.1461900632769,-0.461285846827736,064,"Y51","Q35","00","KB","MG"
"MK402LX",10,52.1443831474072,-0.458556766233534,064,"Y51","Q35","00","KB","MG"
"MK402LY",10,52.1449340403479,-0.458742349300652,064,"Y51","Q35","00","KB","MG"
"MK402LZ",10,52.145830264378,-0.459208313910171,064,"Y51","Q35","00","KB","MG"
"MK402NA",10,52.146953490989,-0.458468009151547,064,"Y51","Q35","00","KB","MG"
"MK402NB",10,52.1460106091875,-0.457872124888742,064,"Y51","Q35","00","KB","MG"
"MK402ND",10,52.1458396492112,-0.458550317906454,064,"Y51","Q35","00","KB","MG"
"MK402NE",10,52.1479189672959,-0.456666176800028,064,"Y51","Q35","00","KB","MG"
"MK402NF",10,52.147590448031,-0.45767139015846,064,"Y51","Q35","00","KB","MG"
"MK402NG",10,52.1466265241406,-0.457529312825369,064,"Y51","Q35","00","KB","MG"
"MK402NL",10,52.1450795676992,-0.458181966827375,064,"Y51","Q35","00","KB","MG"
"MK402NN",10,52.1394745841777,-0.463431564463264,064,"Y51","Q35","00","KB","MG"
"MK402NQ",10,52.1470745523508,-0.456724602757401,064,"Y51","Q35","00","KB","MG"
"MK402NR",10,52.1401930335114,-0.46267618583155,064,"Y51","Q35","00","KB","MG"
"MK402NS",10,52.1411883675617,-0.461779723459758,064,"Y51","Q35","00","KB","MG"
"MK402NT",10,52.1409936123956,-0.45925832448251,064,"Y51","Q35","00","KB","MG"
"MK402NX",10,52.1419266860887,-0.46116974010156,064,"Y51","Q35","00","KB","MG"
"MK402NY",10,52.1433786788484,-0.458752203544793,064,"Y51","Q35","00","KB","MG"
"MK402NZ",10,52.1429988877945,-0.45996366323329,064,"Y51","Q35","00","KB","MG"
"MK402PA",10,52.1433627633668,-0.460287235882966,064,"Y51","Q35","00","KB","MG"
"MK402PB",10,52.144015256739,-0.457926437953727,064,"Y51","Q35","00","KB","MG"
"MK402PD",10,52.1448256339952,-0.458015361844151,064,"Y51","Q35","00","KB","MG"
"MK402PE",10,52.1455996895002,-0.457389415154819,064,"Y51","Q35","00","KB","MG"
"MK402PF",10,52.1470389871592,-0.45606814240717,064,"Y51","Q35","00","KB","MG"
"MK402PG",10,52.1456159487061,-0.45657042085575,064,"Y51","Q35","00","KB","MG"
"MK402PH",10,52.1444045814011,-0.457445326691204,064,"Y51","Q35","00","KB","MG"
"MK402PJ",10,52.1426963476897,-0.460894775255039,064,"Y51","Q35","00","KB","MG"
"MK402PL",10,52.1417891441756,-0.46234356902814,064,"Y51","Q35","00","KB","MG"
"MK402PN",10,52.138802917467,-0.46501822875374,064,"Y51","Q35","00","KB","MD"
"MK402PQ",10,52.1468852454919,-0.455313465242463,064,"Y51","Q35","00","KB","MG"
"MK402PR",10,52.1393757656531,-0.462748162996165,064,"Y51","Q35","00","KB","MD"
"MK402PS",10,52.143876220834,-0.458983469626594,064,"Y51","Q35","00","KB","MG"
"MK402PT",10,52.1460740936788,-0.454479247935177,064,"Y51","Q35","00","KB","MG"
"MK402PU",10,52.1410928327238,-0.459970956094112,064,"Y51","Q35","00","KB","MG"
"MK402PX",10,52.1410659409758,-0.47103419757429,064,"Y51","Q35","00","KB","ML"
"MK402QA",10,52.1387643510296,-0.471741351491964,064,"Y51","Q35","00","KB","MD"
"MK402QD",10,52.1389142960666,-0.472905230994473,064,"Y51","Q35","00","KB","MD"
"MK402QG",10,52.1391862717323,-0.473772693202252,064,"Y51","Q35","00","KB","MD"
"MK402QH",10,52.1392561429229,-0.475699188243572,064,"Y51","Q35","00","KB","MD"
"MK402QN",10,52.1393141519709,-0.479496527257247,064,"Y51","Q35","00","KB","MD"
"MK402QP",10,52.1410155240095,-0.472000404130309,064,"Y51","Q35","00","KB","ML"
"MK402QS",10,52.1398608219659,-0.481450658214727,064,"Y51","Q35","00","KB","ML"
"MK402QT",10,52.1391859495303,-0.468892050674985,064,"Y51","Q35","00","KB","ML"
"MK402QW",10,52.1390849030946,-0.481243243571728,064,"Y51","Q35","00","KB","MD"
"MK402RA",10,52.1397622724424,-0.468959965501754,064,"Y51","Q35","00","KB","ML"
"MK402RB",10,52.1403395432975,-0.469100915005148,064,"Y51","Q35","00","KB","ML"
"MK402RD",10,52.1400358720641,-0.469257457137378,064,"Y51","Q35","00","KB","ML"
"MK402RE",10,52.140557054807,-0.469926408751482,064,"Y51","Q35","00","KB","ML"
"MK402RF",10,52.1407990601029,-0.470561099073792,064,"Y51","Q35","00","KB","ML"
"MK402RG",10,52.140449503493,-0.470646138799639,064,"Y51","Q35","00","KB","ML"
"MK402RH",10,52.1412624361447,-0.471626618610139,064,"Y51","Q35","00","KB","ML"
"MK402RN",10,52.1400018443354,-0.470792989192492,064,"Y51","Q35","00","KB","ML"
"MK402RP",10,52.1407184667677,-0.471279908444525,064,"Y51","Q35","00","KB","ML"
"MK402RQ",10,52.1413827612099,-0.473975265428044,064,"Y51","Q35","00","KB","ML"
"MK402RR",10,52.1411800362782,-0.471512532197286,064,"Y51","Q35","00","KB","ML"
"MK402RT",10,52.1406058935879,-0.47230668676491,064,"Y51","Q35","00","KB","ML"
"MK402RU",10,52.1407761770331,-0.47295845677662,064,"Y51","Q35","00","KB","ML"
"MK402RW",10,52.1401515109862,-0.471240867855778,064,"Y51","Q35","00","KB","ML"
"MK402RX",10,52.1413345233163,-0.473027040885236,064,"Y51","Q35","00","KB","ML"
"MK402RY",10,52.1409827841371,-0.473638216542915,064,"Y51","Q35","00","KB","ML"
"MK402RZ",10,52.1407473095523,-0.474201569706321,064,"Y51","Q35","00","KB","ML"
"MK402SA",10,52.1416152966274,-0.473879636316682,064,"Y51","Q35","00","KB","ML"
"MK402SB",10,52.1417318548541,-0.473159587448661,064,"Y51","Q35","00","KB","ML"
"MK402SD",10,52.1425502467199,-0.47456375499041,064,"Y51","Q35","00","KB","ML"
"MK402SE",10,52.1415305264009,-0.474277098356395,064,"Y51","Q35","00","KB","ML"
"MK402SF",10,52.1403582926554,-0.474711709473094,064,"Y51","Q35","00","KB","ML"
"MK402SG",10,52.1399086283551,-0.475399266909477,064,"Y51","Q35","00","KB","ML"
"MK402SL",10,52.1406624552064,-0.473897591969642,064,"Y51","Q35","00","KB","ML"
"MK402SP",10,52.1344263755372,-0.475586431539319,064,"Y51","Q35","00","KB","MD"
"MK402SR",10,52.1390619080817,-0.468341021539088,064,"Y51","Q35","00","KB","ML"
"MK402SS",10,52.1391336165236,-0.468323949017268,064,"Y51","Q35","00","KB","ML"
"MK402ST",10,52.1398599946604,-0.468868936866895,064,"Y51","Q35","00","KB","ML"
"MK402SU",10,52.1414846747035,-0.484668845430592,064,"Y51","Q35","00","KB","ML"
"MK402SX",10,52.1414927574025,-0.469280575530588,064,"Y51","Q35","00","KB","ML"
"MK402SY",10,52.139800381422,-0.468432592887763,064,"Y51","Q35","00","KB","ML"
"MK402SZ",10,52.1393653884129,-0.46816987046025,064,"Y51","Q35","00","KB","ML"
"MK402TA",10,52.141476697825,-0.481951011625036,064,"Y51","Q35","00","KB","ML"
"MK402TB",10,52.1421926294114,-0.485185523904716,064,"Y51","Q35","00","KB","ML"
"MK402TD",10,52.1416945735571,-0.484910151549143,064,"Y51","Q35","00","KB","ML"
"MK402TE",10,52.1388388809515,-0.467091985952571,064,"Y51","Q35","00","KB","ML"
"MK402TH",10,52.1396877916436,-0.468071132265539,064,"Y51","Q35","00","KB","ML"
"MK402TJ",10,52.1399987407402,-0.467782816518014,064,"Y51","Q35","00","KB","ML"
"MK402TL",10,52.1401875925722,-0.468477763058885,064,"Y51","Q35","00","KB","ML"
"MK402TP",10,52.143014664257,-0.467387031905156,064,"Y51","Q35","00","KB","MG"
"MK402TR",10,52.1433080787161,-0.466441657283566,064,"Y51","Q35","00","KB","MG"
"MK402TT",10,52.1416338479418,-0.465607738920728,064,"Y51","Q35","00","KB","MG"
"MK402TU",10,52.141453680882,-0.463509588292458,064,"Y51","Q35","00","KB","MG"
"MK402TW",10,52.141333287731,-0.467386295240266,064,"Y51","Q35","00","KB","MG"
"MK402TX",10,52.1405205103597,-0.466420498511628,064,"Y51","Q35","00","KB","MG"
"MK402TY",10,52.1414360707834,-0.466301369523932,064,"Y51","Q35","00","KB","MG"
"MK402TZ",10,52.1400087436426,-0.467168726791724,064,"Y51","Q35","00","KB","MG"
"MK402UA",10,52.1427235274116,-0.4664325087906,064,"Y51","Q35","00","KB","MG"
"MK402UB",10,52.1389877058416,-0.464018213923246,064,"Y51","Q35","00","KB","MD"
"MK402UD",10,52.1421588007594,-0.47210741340436,064,"Y51","Q35","00","KB","ML"
"MK402UH",10,52.1415890634451,-0.475327271151322,064,"Y51","Q35","00","KB","ML"
"MK402UJ",10,52.1440450023069,-0.48170292358788,064,"Y51","Q35","00","KB","ML"
"MK402UQ",10,52.1399295701932,-0.473542704218153,064,"Y51","Q35","00","KB","ML"
"MK402UT",10,52.14069773163,-0.474539368129327,064,"Y51","Q35","00","KB","ML"
"MK402UU",10,52.1396219013911,-0.474780703805091,064,"Y51","Q35","00","KB","ML"
"MK402UX",10,52.1427314510627,-0.48024236530115,064,"Y51","Q35","00","KB","ML"
"MK402WH",10,52.1344263755372,-0.475586431539319,064,"Y51","Q35","00","KB","MD"
"MK402WR",10,52.1344263755372,-0.475586431539319,064,"Y51","Q35","00","KB","MD"
"MK402WU",10,52.1344263755372,-0.475586431539319,064,"Y51","Q35","00","KB","MD"
"MK402WY",10,52.1344263755372,-0.475586431539319,064,"Y51","Q35","00","KB","MD"
"MK402WZ",10,52.1344263755372,-0.475586431539319,064,"Y51","Q35","00","KB","MD"
"MK402XQ",10,52.1344263755372,-0.475586431539319,064,"Y51","Q35","00","KB","MD"
"MK402XU",10,52.1402396746575,-0.473882816345243,064,"Y51","Q35","00","KB","ML"
"MK402YX",10,52.1344263755372,-0.475586431539319,064,"Y51","Q35","00","KB","MD"
"MK402ZA",10,52.1344263755372,-0.475586431539319,064,"Y51","Q35","00","KB","MD"
"MK402ZJ",10,52.1344263755372,-0.475586431539319,064,"Y51","Q35","00","KB","MD"
"MK402ZP",10,52.1344263755372,-0.475586431539319,064,"Y51","Q35","00","KB","MD"
"MK402ZR",10,52.1344263755372,-0.475586431539319,064,"Y51","Q35","00","KB","MD"
"MK402ZY",10,52.1344263755372,-0.475586431539319,064,"Y51","Q35","00","KB","MD"
"MK403AA",10,52.1443688289207,-0.455400538018038,064,"Y51","Q35","00","KB","MG"
"MK403AD",10,52.144380877678,-0.456320832268629,064,"Y51","Q35","00","KB","MG"
"MK403AE",10,52.1427379260624,-0.457882874698248,064,"Y51","Q35","00","KB","MG"
"MK403AF",10,52.1429188252315,-0.457277452900205,064,"Y51","Q35","00","KB","MG"
"MK403AG",10,52.1433783247965,-0.456662395048184,064,"Y51","Q35","00","KB","MG"
"MK403AJ",10,52.1436844893355,-0.449841575653,064,"Y51","Q35","00","KB","MG"
"MK403AL",10,52.1433660135222,-0.448186621871997,064,"Y51","Q35","00","KB","MG"
"MK403AN",10,52.1442045502174,-0.44631605697573,064,"Y51","Q35","00","KB","MG"
"MK403AP",10,52.1439958845356,-0.448223184685288,064,"Y51","Q35","00","KB","MG"
"MK403AR",10,52.1436795549624,-0.447415782328465,064,"Y51","Q35","00","KB","MG"
"MK403AS",10,52.1437189917571,-0.44563147091926,064,"Y51","Q35","00","KB","MG"
"MK403AT",10,52.1409054951752,-0.444326540877178,064,"Y51","Q35","00","KB","MG"
"MK403AU",10,52.1417956759578,-0.445011591418878,064,"Y51","Q35","00","KB","MG"
"MK403AW",10,52.1450553084347,-0.446739503172801,064,"Y51","Q35","00","KB","MG"
"MK403AX",10,52.141185380979,-0.445778132101042,064,"Y51","Q35","00","KB","MG"
"MK403AY",10,52.1421049593043,-0.445965325785025,064,"Y51","Q35","00","KB","MG"
"MK403AZ",10,52.142354925432,-0.446511949881579,064,"Y51","Q35","00","KB","MG"
"MK403BA",10,52.1411657874514,-0.447020955339588,064,"Y51","Q35","00","KB","MG"
"MK403BB",10,52.1415358963798,-0.448498663176645,064,"Y51","Q35","00","KB","MG"
"MK403BD",10,52.1424047700808,-0.448249261202038,064,"Y51","Q35","00","KB","MG"
"MK403BE",10,52.142288273714,-0.447595689699979,064,"Y51","Q35","00","KB","MG"
"MK403BG",10,52.1425193823912,-0.449443614487902,064,"Y51","Q35","00","KB","MG"
"MK403BH",10,52.1431690420686,-0.445519091737702,064,"Y51","Q35","00","KB","MG"
"MK403BJ",10,52.1425609329432,-0.445087234899672,064,"Y51","Q35","00","KB","MG"
"MK403BL",10,52.1430418503364,-0.447467187734854,064,"Y51","Q35","00","KB","MG"
"MK403BQ",10,52.1425396214196,-0.448931426101583,064,"Y51","Q35","00","KB","MG"
"MK403BS",10,52.1435276347359,-0.448853256914523,064,"Y51","Q35","00","KB","MG"
"MK403BT",10,52.1452669685372,-0.454638724457431,064,"Y51","Q35","00","KB","MG"
"MK403BU",10,52.1450547270392,-0.456282916271425,064,"Y51","Q35","00","KB","MG"
"MK403BY",10,52.1410418426364,-0.456070946369233,064,"Y51","Q35","00","KB","MG"
"MK403BZ",10,52.1420155207779,-0.456271094460623,064,"Y51","Q35","00","KB","MG"
"MK403DA",10,52.1424375373034,-0.456227274611097,064,"Y51","Q35","00","KB","MG"
"MK403DB",10,52.1435106479598,-0.45578097003687,064,"Y51","Q35","00","KB","MG"
"MK403DD",10,52.141607263192,-0.454619265331375,064,"Y51","Q35","00","KB","MG"
"MK403DE",10,52.141205687581,-0.453478704444959,064,"Y51","Q35","00","KB","MG"
"MK403DF",10,52.1423887563026,-0.4538761377556,064,"Y51","Q35","00","KB","MG"
"MK403DG",10,52.1424914541748,-0.454851708901201,064,"Y51","Q35","00","KB","MG"
"MK403DH",10,52.1437097019042,-0.455189515044019,064,"Y51","Q35","00","KB","MG"
"MK403DJ",10,52.1435349175746,-0.454201798383783,064,"Y51","Q35","00","KB","MG"
"MK403DL",10,52.1433447932178,-0.452045490539321,064,"Y51","Q35","00","KB","MG"
"MK403DN",10,52.1444545067098,-0.449595620214737,064,"Y51","Q35","00","KB","MG"
"MK403DP",10,52.1425278633625,-0.45077318167712,064,"Y51","Q35","00","KB","MG"
"MK403DQ",10,52.1428876566448,-0.454896452353159,064,"Y51","Q35","00","KB","MG"
"MK403DR",10,52.1412338676381,-0.450145864327358,064,"Y51","Q35","00","KB","MG"
"MK403DS",10,52.1438367610886,-0.45116618896986,064,"Y51","Q35","00","KB","MG"
"MK403DT",10,52.1443392717778,-0.447670513407921,064,"Y51","Q35","00","KB","MG"
"MK403DU",10,52.1441370080453,-0.452120321951295,064,"Y51","Q35","00","KB","MG"
"MK403DW",10,52.1429754618616,-0.449939264826773,064,"Y51","Q35","00","KB","MG"
"MK403DX",10,52.1437542010003,-0.452411265710928,064,"Y51","Q35","00","KB","MG"
"MK403DY",10,52.1402071727966,-0.454813856210155,064,"Y51","Q35","00","KB","MG"
"MK403EA",10,52.1405237728203,-0.452216362472583,064,"Y51","Q35","00","KB","MG"
"MK403EB",10,52.140518569109,-0.447715674950458,064,"Y51","Q35","00","KB","MG"
"MK403EE",10,52.1410972538706,-0.448645426617788,064,"Y51","Q35","00","KB","MG"
"MK403EF",10,52.1405276490026,-0.444310479663612,064,"Y51","Q35","00","KB","MG"
"MK403EG",10,52.140215533679,-0.443824508604452,064,"Y51","Q35","00","KB","MD"
"MK403EJ",10,52.1409993962535,-0.4494087218932,064,"Y51","Q35","00","KB","MG"
"MK403EL",10,52.1401532038786,-0.445916353822097,064,"Y51","Q35","00","KB","MD"
"MK403EN",10,52.1401534077036,-0.448663608114915,064,"Y51","Q35","00","KB","MD"
"MK403EP",10,52.1400593137007,-0.452451658943295,064,"Y51","Q35","00","KB","MD"
"MK403EQ",10,52.1396273912605,-0.444224943196218,064,"Y51","Q35","00","KB","MD"
"MK403EU",10,52.1368126885499,-0.465466553743847,064,"Y51","Q35","00","KB","MD"
"MK403EW",10,52.1402319087434,-0.45053135921224,064,"Y51","Q35","00","KB","MD"
"MK403FE",10,52.1357690794047,-0.464727999351078,064,"Y51","Q35","00","KB","MD"
"MK403FG",10,52.1360690809513,-0.464980696392541,064,"Y51","Q35","00","KB","MD"
"MK403GB",10,52.1426344431943,-0.452727745512836,064,"Y51","Q35","00","KB","MG"
"MK403GD",10,52.1423453198196,-0.452620855191542,064,"Y51","Q35","00","KB","MG"
"MK403HD",10,52.137167047029,-0.465059850048151,064,"Y51","Q35","00","KB","MD"
"MK403HH",10,52.138359549476,-0.464112884168144,064,"Y51","Q35","00","KB","MD"
"MK403HP",10,52.1375312006835,-0.464024478204651,064,"Y51","Q35","00","KB","MD"
"MK403HR",10,52.137241986332,-0.465291067831818,064,"Y51","Q35","00","KB","MD"
"MK403HS",10,52.1373854023056,-0.465256914465095,064,"Y51","Q35","00","KB","MD"
"MK403HU",10,52.1383104715062,-0.463106312439457,064,"Y51","Q35","00","KB","MD"
"MK403HY",10,52.1382337580566,-0.4661921765404,064,"Y51","Q35","00","KB","MD"
"MK403HZ",10,52.1379129892219,-0.46503420855725,064,"Y51","Q35","00","KB","MD"
"MK403JA",10,52.1377684198028,-0.462219007360716,064,"Y51","Q35","00","KB","MD"
"MK403JB",10,52.1375515454162,-0.462825576904524,064,"Y51","Q35","00","KB","MD"
"MK403JD",10,52.137444607978,-0.463589091443588,064,"Y51","Q35","00","KB","MD"
"MK403JG",10,52.1387936889114,-0.462928941476429,064,"Y51","Q35","00","KB","MD"
"MK403JJ",10,52.1380904369019,-0.462091018401797,064,"Y51","Q35","00","KB","MD"
"MK403JN",10,52.1387134785276,-0.460915164322352,064,"Y51","Q35","00","KB","MD"
"MK403JP",10,52.1378834376118,-0.460008585125893,064,"Y51","Q35","00","KB","MD"
"MK403JR",10,52.1373839079431,-0.461691599191233,064,"Y51","Q35","00","KB","MD"
"MK403JT",10,52.1387936889114,-0.462928941476429,064,"Y51","Q35","00","KB","MD"
"MK403JU",10,52.1376830771742,-0.463259416691608,064,"Y51","Q35","00","KB","MD"
"MK403JW",10,52.1378030989754,-0.460741970875598,064,"Y51","Q35","00","KB","MD"
"MK403JY",10,52.1393868851253,-0.462221718801519,064,"Y51","Q35","00","KB","MD"
"MK403LE",10,52.1383095937319,-0.46165970879081,064,"Y51","Q35","00","KB","MD"
"MK403LG",10,52.1400929373332,-0.460516901065977,064,"Y51","Q35","00","KB","MG"
"MK403LH",10,52.1394596585396,-0.459530449472844,064,"Y51","Q35","00","KB","MD"
"MK403LL",10,52.1395451587672,-0.458504598509706,064,"Y51","Q35","00","KB","MD"
"MK403LT",10,52.1393103574401,-0.457738226377382,064,"Y51","Q35","00","KB","MD"
"MK403NB",10,52.1396297028836,-0.456032098930469,064,"Y51","Q35","00","KB","MD"
"MK403ND",10,52.1398243510744,-0.454417941259183,064,"Y51","Q35","00","KB","MD"
"MK403NE",10,52.1401800262313,-0.456173812796285,064,"Y51","Q35","00","KB","MG"
"MK403NF",10,52.1400929373332,-0.460516901065977,064,"Y51","Q35","00","KB","MG"
"MK403NG",10,52.1399242479967,-0.461370271004268,064,"Y51","Q35","00","KB","MG"
"MK403NH",10,52.1394425574027,-0.461664513703938,064,"Y51","Q35","00","KB","MD"
"MK403NN",10,52.1395022583735,-0.460727234067149,064,"Y51","Q35","00","KB","MD"
"MK403NR",10,52.1371974941921,-0.46118659751612,064,"Y51","Q35","00","KB","MD"
"MK403NU",10,52.1365341369493,-0.464789367669579,064,"Y51","Q35","00","KB","MD"
"MK403NX",10,52.1359644591217,-0.462471081448915,064,"Y51","Q35","00","KB","MD"
"MK403NZ",10,52.135500777409,-0.462077922750947,064,"Y51","Q35","00","KB","MD"
"MK403PA",10,52.1350541163565,-0.461611128799546,064,"Y51","Q35","00","KB","MD"
"MK403PB",10,52.1350132422856,-0.460545905650213,064,"Y51","Q35","00","KB","MD"
"MK403PD",10,52.1350696919142,-0.459360435754929,064,"Y51","Q35","00","KB","MD"
"MK403PE",10,52.1348217286966,-0.456899675644824,064,"Y51","Q35","00","KB","MD"
"MK403PF",10,52.1342467371648,-0.45487398328456,064,"Y51","Q35","00","KB","MD"
"MK403PG",10,52.1361369208701,-0.45708801716193,064,"Y51","Q35","00","KB","MD"
"MK403PH",10,52.135903331533,-0.46123119360137,064,"Y51","Q35","00","KB","MD"
"MK403PJ",10,52.1367808412139,-0.460952552097883,064,"Y51","Q35","00","KB","MD"
"MK403PL",10,52.1365626955305,-0.460083356870118,064,"Y51","Q35","00","KB","MD"
"MK403PN",10,52.1362935003636,-0.458748353544575,064,"Y51","Q35","00","KB","MD"
"MK403PP",10,52.136498884102,-0.457952223469718,064,"Y51","Q35","00","KB","MD"
"MK403PQ",10,52.1357089080499,-0.460112798696486,064,"Y51","Q35","00","KB","MD"
"MK403PR",10,52.1367100011702,-0.456907484760105,064,"Y51","Q35","00","KB","MD"
"MK403PS",10,52.1370094458368,-0.457116317759092,064,"Y51","Q35","00","KB","MD"
"MK403PT",10,52.1372845919593,-0.458217333224642,064,"Y51","Q35","00","KB","MD"
"MK403PW",10,52.1355812320216,-0.457910853391466,064,"Y51","Q35","00","KB","MD"
"MK403PX",10,52.1378375987964,-0.457876768093818,064,"Y51","Q35","00","KB","MD"
"MK403PY",10,52.1379356650771,-0.459188492555375,064,"Y51","Q35","00","KB","MD"
"MK403PZ",10,52.1379863705348,-0.457564770466362,064,"Y51","Q35","00","KB","MD"
"MK403QA",10,52.1389016871722,-0.459491248886103,064,"Y51","Q35","00","KB","MD"
"MK403QB",10,52.1386883176513,-0.458300377631579,064,"Y51","Q35","00","KB","MD"
"MK403QD",10,52.1377702499645,-0.45960334457735,064,"Y51","Q35","00","KB","MD"
"MK403QF",10,52.1330730305228,-0.453818783174982,064,"Y51","Q35","00","KB","MR"
"MK403QH",10,52.1373781176606,-0.456431419669074,064,"Y51","Q35","00","KB","MD"
"MK403QJ",10,52.1385529547521,-0.456887633876553,064,"Y51","Q35","00","KB","MD"
"MK403QL",10,52.1390212490886,-0.456257716334989,064,"Y51","Q35","00","KB","MD"
"MK403QN",10,52.1376312902686,-0.455852790243194,064,"Y51","Q35","00","KB","MD"
"MK403QP",10,52.1368306601667,-0.455135264489452,064,"Y51","Q35","00","KB","MD"
"MK403QR",10,52.1371838398695,-0.455327615300551,064,"Y51","Q35","00","KB","MD"
"MK403QS",10,52.1382447137248,-0.455320141325278,064,"Y51","Q35","00","KB","MD"
"MK403QT",10,52.1382389738707,-0.45488196631467,064,"Y51","Q35","00","KB","MD"
"MK403QU",10,52.1362791792778,-0.454219187203842,064,"Y51","Q35","00","KB","MD"
"MK403QW",10,52.1361654149285,-0.455143667001807,064,"Y51","Q35","00","KB","MD"
"MK403QX",10,52.1368273991549,-0.454200209883033,064,"Y51","Q35","00","KB","MD"
"MK403QY",10,52.1371341129063,-0.454277264887798,064,"Y51","Q35","00","KB","MD"
"MK403QZ",10,52.1384756956282,-0.45442078645261,064,"Y51","Q35","00","KB","MD"
"MK403RA",10,52.1391824307252,-0.454147906099565,064,"Y51","Q35","00","KB","MD"
"MK403RB",10,52.1378647458526,-0.453769766196629,064,"Y51","Q35","00","KB","MD"
"MK403RD",10,52.1363200809217,-0.453224167159801,064,"Y51","Q35","00","KB","MD"
"MK403RE",10,52.1362803162288,-0.453620063507769,064,"Y51","Q35","00","KB","MD"
"MK403RF",10,52.1369656272657,-0.453084909959618,064,"Y51","Q35","00","KB","MD"
"MK403RG",10,52.1373801881455,-0.453158221623531,064,"Y51","Q35","00","KB","MD"
"MK403RH",10,52.1362854556221,-0.452640893850834,064,"Y51","Q35","00","KB","MD"
"MK403RJ",10,52.1364278874921,-0.451846917739453,064,"Y51","Q35","00","KB","MD"
"MK403RL",10,52.1379362262656,-0.452364504739085,064,"Y51","Q35","00","KB","MD"
"MK403RN",10,52.1392133670315,-0.452393302110567,064,"Y51","Q35","00","KB","MD"
"MK403RP",10,52.1363848735079,-0.463684000119562,064,"Y51","Q35","00","KB","MD"
"MK403RQ",10,52.1379024038614,-0.453213193075238,064,"Y51","Q35","00","KB","MD"
"MK403RS",10,52.1371250780379,-0.452217272823065,064,"Y51","Q35","00","KB","MD"
"MK403RT",10,52.1372778365303,-0.451525207211717,064,"Y51","Q35","00","KB","MD"
"MK403RU",10,52.1373219771418,-0.450778456429137,064,"Y51","Q35","00","KB","MD"
"MK403RW",10,52.1388007689718,-0.457273610756764,064,"Y51","Q35","00","KB","MD"
"MK403RX",10,52.1374278715973,-0.449941887395331,064,"Y51","Q35","00","KB","MD"
"MK403RY",10,52.1367216477665,-0.448885116600987,064,"Y51","Q35","00","KB","MD"
"MK403RZ",10,52.1355559605233,-0.44844342398045,064,"Y51","Q35","00","KB","MD"
"MK403SA",10,52.1343116931283,-0.448179818764719,064,"Y51","Q35","00","KB","MD"
"MK403SB",10,52.134253300494,-0.447159066606635,064,"Y51","Q35","00","KB","MD"
"MK403SD",10,52.1348777875198,-0.446786679164157,064,"Y51","Q35","00","KB","MD"
"MK403SE",10,52.1356166052297,-0.446220352650472,064,"Y51","Q35","00","KB","MD"
"MK403SF",10,52.1354646973386,-0.447657570810429,064,"Y51","Q35","00","KB","MD"
"MK403SG",10,52.1365834226989,-0.449313663634129,064,"Y51","Q35","00","KB","MD"
"MK403SH",10,52.1394362380614,-0.450193649655175,064,"Y51","Q35","00","KB","MD"
"MK403SJ",10,52.1395928244233,-0.44979366612109,064,"Y51","Q35","00","KB","MD"
"MK403SL",10,52.1374597129189,-0.452366407944176,064,"Y51","Q35","00","KB","MD"
"MK403SN",10,52.1375573985109,-0.451588573847923,064,"Y51","Q35","00","KB","MD"
"MK403SP",10,52.1377688089582,-0.449886215399816,064,"Y51","Q35","00","KB","MD"
"MK403SQ",10,52.1384208419259,-0.449556716918066,064,"Y51","Q35","00","KB","MD"
"MK403SR",10,52.1385902036942,-0.452867890458685,064,"Y51","Q35","00","KB","MD"
"MK403SS",10,52.138475243249,-0.451644420791297,064,"Y51","Q35","00","KB","MD"
"MK403ST",10,52.1385480726063,-0.451028167824804,064,"Y51","Q35","00","KB","MD"
"MK403SU",10,52.1386633396963,-0.450220476248607,064,"Y51","Q35","00","KB","MD"
"MK403SW",10,52.1376631068237,-0.450737396577311,064,"Y51","Q35","00","KB","MD"
"MK403SX",10,52.139257869089,-0.450988931643028,064,"Y51","Q35","00","KB","MD"
"MK403SY",10,52.1395693511339,-0.450744319342149,064,"Y51","Q35","00","KB","MD"
"MK403SZ",10,52.1382877968866,-0.450379635322039,064,"Y51","Q35","00","KB","MD"
"MK403TA",10,52.1365624135211,-0.449767362499541,064,"Y51","Q35","00","KB","MD"
"MK403TB",10,52.1365689399543,-0.450263941014056,064,"Y51","Q35","00","KB","MD"
"MK403TD",10,52.1356548990054,-0.449813478385413,064,"Y51","Q35","00","KB","MD"
"MK403TE",10,52.1357427244273,-0.451023196015094,064,"Y51","Q35","00","KB","MD"
"MK403TF",10,52.1357351060466,-0.451812488772666,064,"Y51","Q35","00","KB","MD"
"MK403TG",10,52.1365288014891,-0.450630631515474,064,"Y51","Q35","00","KB","MD"
"MK403TH",10,52.1380331447042,-0.45152823935011,064,"Y51","Q35","00","KB","MD"
"MK403TJ",10,52.1394049511225,-0.451919050859613,064,"Y51","Q35","00","KB","MD"
"MK403TL",10,52.1436769992131,-0.457499695164491,064,"Y51","Q35","00","KB","MG"
"MK403TN",10,52.1380488834618,-0.46580399287918,064,"Y51","Q35","00","KB","MD"
"MK403TP",10,52.1333173363801,-0.447776044630408,064,"Y51","Q35","00","KB","MD"
"MK403TQ",10,52.1365701221456,-0.451038331405899,064,"Y51","Q35","00","KB","MD"
"MK403TR",10,52.1332801844714,-0.447002961259471,064,"Y51","Q35","00","KB","MD"
"MK403TS",10,52.1359786473613,-0.44708445918726,064,"Y51","Q35","00","KB","MD"
"MK403TT",10,52.1367709147993,-0.447845954462966,064,"Y51","Q35","00","KB","MD"
"MK403TU",10,52.1367592828063,-0.448328554115949,064,"Y51","Q35","00","KB","MD"
"MK403TX",10,52.1376127239875,-0.448956449365479,064,"Y51","Q35","00","KB","MD"
"MK403TY",10,52.1379396785306,-0.448521333799613,064,"Y51","Q35","00","KB","MD"
"MK403TZ",10,52.1377415305562,-0.447812215740563,064,"Y51","Q35","00","KB","MD"
"MK403UA",10,52.1382693029072,-0.445558160581154,064,"Y51","Q35","00","KB","MD"
"MK403UB",10,52.1379916630962,-0.445640887716999,064,"Y51","Q35","00","KB","MD"
"MK403UD",10,52.1371838375648,-0.446428837886269,064,"Y51","Q35","00","KB","MD"
"MK403UE",10,52.137073544778,-0.446929486009708,064,"Y51","Q35","00","KB","MD"
"MK403UF",10,52.1384908258947,-0.446675615167823,064,"Y51","Q35","00","KB","MD"
"MK403UG",10,52.1387578965802,-0.448522129016955,064,"Y51","Q35","00","KB","MD"
"MK403UH",10,52.1391755825585,-0.446783308661892,064,"Y51","Q35","00","KB","MD"
"MK403UJ",10,52.139768403528,-0.447420269955612,064,"Y51","Q35","00","KB","MD"
"MK403UL",10,52.1396765106443,-0.448636338897798,064,"Y51","Q35","00","KB","MD"
"MK403UN",10,52.1394221633467,-0.445707992645384,064,"Y51","Q35","00","KB","MD"
"MK403UQ",10,52.1386641609007,-0.445500576689033,064,"Y51","Q35","00","KB","MD"
"MK403UR",10,52.1386613515109,-0.453493766801396,064,"Y51","Q35","00","KB","MD"
"MK403US",10,52.1356007387395,-0.465610481108407,064,"Y51","Q35","00","KB","MD"
"MK403UT",10,52.1356007387395,-0.465610481108407,064,"Y51","Q35","00","KB","MD"
"MK403UX",10,52.1339529276359,-0.447564009573724,064,"Y51","Q35","00","KB","MD"
"MK403UZ",10,52.1404607198641,-0.454264393877928,064,"Y51","Q35","00","KB","MG"
"MK403WE",10,52.1344263755372,-0.475586431539319,064,"Y51","Q35","00","KB","MD"
"MK403XD",10,52.1361672305761,-0.464232122894207,064,"Y51","Q35","00","KB","MD"
"MK403XS",10,52.1344263755372,-0.475586431539319,064,"Y51","Q35","00","KB","MD"
"MK403XU",10,52.1344263755372,-0.475586431539319,064,"Y51","Q35","00","KB","MD"
"MK403ZG",10,52.1344263755372,-0.475586431539319,064,"Y51","Q35","00","KB","MD"
"MK403ZJ",10,52.1344263755372,-0.475586431539319,064,"Y51","Q35","00","KB","MD"
"MK403ZP",10,52.1344263755372,-0.475586431539319,064,"Y51","Q35","00","KB","MD"
"MK403ZR",10,52.1344263755372,-0.475586431539319,064,"Y51","Q35","00","KB","MD"
"MK404AA",10,52.1414936513843,-0.49590629093267,064,"Y51","Q35","00","KB","MB"
"MK404AB",10,52.1423730652206,-0.50071381050341,064,"Y51","Q35","00","KB","MB"
"MK404AD",10,52.139276143885,-0.505362353021475,064,"Y51","Q35","00","KB","MB"
"MK404AE",10,52.1407971444339,-0.501935786487031,064,"Y51","Q35","00","KB","MB"
"MK404AF",10,52.1431858554973,-0.502410966733651,064,"Y51","Q35","00","KB","MB"
"MK404AG",10,52.1437680771748,-0.501529199335878,064,"Y51","Q35","00","KB","MB"
"MK404AH",10,52.1444714947649,-0.517347601737205,064,"Y51","Q35","00","KB","MB"
"MK404AJ",10,52.139842042745,-0.512430660822352,064,"Y51","Q35","00","KB","MB"
"MK404AL",10,52.1403878021346,-0.514356015110688,064,"Y51","Q35","00","KB","MB"
"MK404AN",10,52.139725059523,-0.513135974650439,064,"Y51","Q35","00","KB","MB"
"MK404AP",10,52.1368252729515,-0.514196913239568,064,"Y51","Q35","00","KB","MB"
"MK404AQ",10,52.1434365760705,-0.508715834859081,064,"Y51","Q35","00","KB","MB"
"MK404AR",10,52.1377893876002,-0.516502786789224,064,"Y51","Q35","00","KB","MB"
"MK404AS",10,52.1377180630083,-0.519412979690421,064,"Y51","Q35","00","KB","MB"
"MK404AT",10,52.1397666672688,-0.494444726398378,064,"Y51","Q35","00","KB","MB"
"MK404AU",10,52.140933728016,-0.497123441061132,064,"Y51","Q35","00","KB","MB"
"MK404AW",10,52.1383943641763,-0.513136447398352,064,"Y51","Q35","00","KB","MB"
"MK404AX",10,52.1398193630448,-0.49857840048197,064,"Y51","Q35","00","KB","MB"
"MK404AY",10,52.1391876265687,-0.500513905109441,064,"Y51","Q35","00","KB","MB"
"MK404AZ",10,52.1384647451893,-0.498112513167187,064,"Y51","Q35","00","KB","MB"
"MK404BA",10,52.1380197453081,-0.5012983509167,064,"Y51","Q35","00","KB","MB"
"MK404BB",10,52.1377705287685,-0.502914059560516,064,"Y51","Q35","00","KB","MB"
"MK404BD",10,52.1381791669773,-0.507488636984075,064,"Y51","Q35","00","KB","MB"
"MK404BE",10,52.1390046466419,-0.510909621922798,064,"Y51","Q35","00","KB","MB"
"MK404BF",10,52.1330776848563,-0.514336201447254,064,"Y51","Q35","00","KB","MB"
"MK404BG",10,52.1372307481371,-0.509989769987848,064,"Y51","Q35","00","KB","MB"
"MK404BH",10,52.1390251413788,-0.501878336508516,064,"Y51","Q35","00","KB","MB"
"MK404BJ",10,52.1390479898827,-0.507225794323102,064,"Y51","Q35","00","KB","MB"
"MK404BL",10,52.1378551789089,-0.514586399396725,064,"Y51","Q35","00","KB","MB"
"MK404BN",10,52.1390017502882,-0.48526455200597,064,"Y51","Q35","00","KB","MW"
"MK404BP",10,52.1388849429078,-0.489476946142186,064,"Y51","Q35","00","KB","MW"
"MK404BQ",10,52.1366165159937,-0.501959142818475,064,"Y51","Q35","00","KB","MB"
"MK404BS",10,52.1394155757669,-0.487383980145121,064,"Y51","Q35","00","KB","MW"
"MK404BT",10,52.1382751211198,-0.488197071038357,064,"Y51","Q35","00","KB","MW"
"MK404BU",10,52.1406635035003,-0.48934371043945,064,"Y51","Q35","00","KB","MW"
"MK404BW",10,52.1388428207422,-0.487593346435249,064,"Y51","Q35","00","KB","MW"
"MK404BX",10,52.1404713580584,-0.484878593745382,064,"Y51","Q35","00","KB","MW"
"MK404BY",10,52.1402817175961,-0.486214818328588,064,"Y51","Q35","00","KB","MW"
"MK404BZ",10,52.1403757264829,-0.48793597669962,064,"Y51","Q35","00","KB","MW"
"MK404DA",10,52.1382464386945,-0.485260949347805,064,"Y51","Q35","00","KB","MW"
"MK404DB",10,52.1378270349777,-0.485508972676489,064,"Y51","Q35","00","KB","MW"
"MK404DD",10,52.1386177471891,-0.486168942573713,064,"Y51","Q35","00","KB","MW"
"MK404DE",10,52.1375113666226,-0.486133389764896,064,"Y51","Q35","00","KB","MW"
"MK404DF",10,52.1380444406218,-0.487035894337296,064,"Y51","Q35","00","KB","MW"
"MK404DG",10,52.1373159034007,-0.487016742186889,064,"Y51","Q35","00","KB","MW"
"MK404DH",10,52.1369332180197,-0.504242593888835,064,"Y51","Q35","00","KB","MB"
"MK404DJ",10,52.1386841856334,-0.50476844185415,064,"Y51","Q35","00","KB","MB"
"MK404DL",10,52.138521940941,-0.505446047984737,064,"Y51","Q35","00","KB","MB"
"MK404DN",10,52.1344167200041,-0.481109780409695,064,"Y51","Q35","00","KB","MW"
"MK404DP",10,52.1343600149471,-0.481593876566089,064,"Y51","Q35","00","KB","MW"
"MK404DQ",10,52.1371962644589,-0.488204372371716,064,"Y51","Q35","00","KB","MW"
"MK404DR",10,52.1360378966809,-0.482720372510971,064,"Y51","Q35","00","KB","MW"
"MK404DS",10,52.1383623163921,-0.484482558994731,064,"Y51","Q35","00","KB","MW"
"MK404DT",10,52.1370014494237,-0.483535129216254,064,"Y51","Q35","00","KB","MW"
"MK404DU",10,52.1364753509949,-0.48457582292808,064,"Y51","Q35","00","KB","MW"
"MK404DW",10,52.1371946629042,-0.483177878196149,064,"Y51","Q35","00","KB","MW"
"MK404DX",10,52.1363433340561,-0.484098114165722,064,"Y51","Q35","00","KB","MW"
"MK404DY",10,52.1356265750207,-0.483596429174155,064,"Y51","Q35","00","KB","MW"
"MK404DZ",10,52.1357662404852,-0.483270231489153,064,"Y51","Q35","00","KB","MW"
"MK404EA",10,52.1351298003199,-0.482722003076529,064,"Y51","Q35","00","KB","MW"
"MK404EB",10,52.1346793364006,-0.483350979747307,064,"Y51","Q35","00","KB","MW"
"MK404ED",10,52.1348456156628,-0.483696003771869,064,"Y51","Q35","00","KB","MW"
"MK404EE",10,52.134682178202,-0.484271391353013,064,"Y51","Q35","00","KB","MW"
"MK404EF",10,52.1354644521537,-0.484274063098158,064,"Y51","Q35","00","KB","MW"
"MK404EG",10,52.1342893629092,-0.484489279026706,064,"Y51","Q35","00","KB","MW"
"MK404EH",10,52.1348113984067,-0.485231350084615,064,"Y51","Q35","00","KB","MW"
"MK404EJ",10,52.1350967421866,-0.485046334952253,064,"Y51","Q35","00","KB","MW"
"MK404EL",10,52.1360174050785,-0.486023307543458,064,"Y51","Q35","00","KB","MW"
"MK404EN",10,52.1362752254533,-0.48579539029815,064,"Y51","Q35","00","KB","MW"
"MK404EP",10,52.1362359274634,-0.487637802528427,064,"Y51","Q35","00","KB","MW"
"MK404EQ",10,52.1330794280546,-0.484092015238076,064,"Y51","Q35","00","KB","MW"
"MK404ER",10,52.1366326775817,-0.487025278937084,064,"Y51","Q35","00","KB","MW"
"MK404ES",10,52.1368685617246,-0.48508850923237,064,"Y51","Q35","00","KB","MW"
"MK404ET",10,52.1370874470413,-0.485329487990365,064,"Y51","Q35","00","KB","MW"
"MK404EU",10,52.14213265511,-0.498778267882044,064,"Y51","Q35","00","KB","MB"
"MK404EW",10,52.1365098452764,-0.486561861940555,064,"Y51","Q35","00","KB","MW"
"MK404EY",10,52.1333127849989,-0.486860144394714,064,"Y51","Q35","00","KB","MW"
"MK404EZ",10,52.1344998699924,-0.487579704867178,064,"Y51","Q35","00","KB","MW"
"MK404FA",10,52.1288247969491,-0.515047416775737,064,"Y51","Q35","00","KB","MB"
"MK404FB",10,52.1282072352038,-0.515272473428598,064,"Y51","Q35","00","KB","MB"
"MK404FD",10,52.1280024962973,-0.514008295196934,064,"Y51","Q35","00","KB","MB"
"MK404FE",10,52.1341169876999,-0.516186447661305,064,"Y51","Q35","00","KB","MB"
"MK404FF",10,52.1354491141736,-0.514870991430848,064,"Y51","Q35","00","KB","MB"
"MK404FG",10,52.1347980928414,-0.513153904981516,064,"Y51","Q35","00","KB","MB"
"MK404FH",10,52.1347792838506,-0.51522932469572,064,"Y51","Q35","00","KB","MB"
"MK404FL",10,52.1344263755372,-0.475586431539319,064,"Y51","Q35","00","KB","MD"
"MK404FP",50,52.1344263755372,-0.475586431539319,064,"Y51","Q35","00","KB","MD"
"MK404FQ",10,52.1372238138521,-0.48194947378028,064,"Y51","Q35","00","KB","MW"
"MK404FR",10,52.1367497413689,-0.482140932914229,064,"Y51","Q35","00","KB","MW"
"MK404FS",50,52.1359335495493,-0.481598820649218,064,"Y51","Q35","00","KB","MW"
"MK404FT",10,52.1351083679562,-0.481057033633381,064,"Y51","Q35","00","KB","MW"
"MK404FW",10,52.1346328894329,-0.479743583921102,064,"Y51","Q35","00","KB","MW"
"MK404FX",10,52.1348666073007,-0.480436970419254,064,"Y51","Q35","00","KB","MW"
"MK404FY",10,52.1363720480245,-0.481437792772096,064,"Y51","Q35","00","KB","MW"
"MK404FZ",10,52.1354828256655,-0.480810513000461,064,"Y51","Q35","00","KB","MW"
"MK404GA",10,52.1275757215655,-0.515103548036279,064,"Y51","Q35","00","KB","MB"
"MK404GB",10,52.1269519294808,-0.515547934204565,064,"Y51","Q35","00","KB","MB"
"MK404GD",10,52.1276081514875,-0.514109066576065,064,"Y51","Q35","00","KB","MB"
"MK404GE",10,52.126865011309,-0.516500383391165,064,"Y51","Q35","00","KB","MB"
"MK404GF",10,52.1275911730114,-0.517046013650843,064,"Y51","Q35","00","KB","MB"
"MK404GH",10,52.1288705672724,-0.512971376244602,064,"Y51","Q35","00","KB","MB"
"MK404GJ",10,52.1301225095443,-0.511717092037774,064,"Y51","Q35","00","KB","MB"
"MK404GL",10,52.1304689181094,-0.510668252689268,064,"Y51","Q35","00","KB","MB"
"MK404GX",10,52.1373350458983,-0.505441936393279,064,"Y51","Q35","00","KB","MB"
"MK404HA",10,52.1338091546848,-0.487705372780497,064,"Y51","Q35","00","KB","MW"
"MK404HD",10,52.1343770291838,-0.489921646075963,064,"Y51","Q35","00","KB","MW"
"MK404HE",10,52.134342029372,-0.488593217654219,064,"Y51","Q35","00","KB","MW"
"MK404HF",10,52.1337035064558,-0.491390899608307,064,"Y51","Q35","00","KB","MW"
"MK404HG",10,52.1339782296604,-0.488269476582818,064,"Y51","Q35","00","KB","MW"
"MK404HH",10,52.1332446366575,-0.487855985220183,064,"Y51","Q35","00","KB","MW"
"MK404HJ",10,52.1332289006995,-0.48943447968713,064,"Y51","Q35","00","KB","MW"
"MK404HL",10,52.1344694652859,-0.492227083503089,064,"Y51","Q35","00","KB","MW"
"MK404HN",10,52.1347552155999,-0.49136998343648,064,"Y51","Q35","00","KB","MW"
"MK404HP",10,52.1330318820699,-0.491603525306726,064,"Y51","Q35","00","KB","MW"
"MK404HQ",10,52.1325061752239,-0.487764103526729,064,"Y51","Q35","00","KB","MW"
"MK404HR",10,52.1330786626475,-0.492449366022724,064,"Y51","Q35","00","KB","MW"
"MK404HS",10,52.1330786626475,-0.492449366022724,064,"Y51","Q35","00","KB","MW"
"MK404HU",10,52.1332714741572,-0.493465611022202,064,"Y51","Q35","00","KB","MW"
"MK404HW",10,52.1348834176519,-0.492958283407133,064,"Y51","Q35","00","KB","MW"
"MK404HX",10,52.1400196743353,-0.510831932256282,064,"Y51","Q35","00","KB","MB"
"MK404HY",10,52.1350786251657,-0.481540220608362,064,"Y51","Q35","00","KB","MW"
"MK404HZ",10,52.139302018478,-0.483442384625222,064,"Y51","Q35","00","KB","MW"
"MK404JA",10,52.1337102529606,-0.480710090583362,064,"Y51","Q35","00","KB","MW"
"MK404JD",10,52.1334479693869,-0.481288835906323,064,"Y51","Q35","00","KB","MW"
"MK404JE",10,52.1335786412574,-0.48096295287811,064,"Y51","Q35","00","KB","MW"
"MK404JF",10,52.1330201868782,-0.48228229959636,064,"Y51","Q35","00","KB","MW"
"MK404JG",10,52.132731684897,-0.482920359587043,064,"Y51","Q35","00","KB","MW"
"MK404JH",10,52.1325659671844,-0.482619167164677,064,"Y51","Q35","00","KB","MW"
"MK404JL",10,52.132388442028,-0.482099220809978,064,"Y51","Q35","00","KB","MW"
"MK404JN",10,52.1319198184075,-0.482714171183842,064,"Y51","Q35","00","KB","MW"
"MK404JP",10,52.1315446330367,-0.483603529623769,064,"Y51","Q35","00","KB","MW"
"MK404JS",10,52.1312727843347,-0.484138723669036,064,"Y51","Q35","00","KB","MW"
"MK404JT",10,52.1323480740589,-0.483853850043513,064,"Y51","Q35","00","KB","MW"
"MK404JU",10,52.1320425270404,-0.484565520315886,064,"Y51","Q35","00","KB","MW"
"MK404JW",10,52.1320683399126,-0.483775683745245,064,"Y51","Q35","00","KB","MW"
"MK404JX",10,52.1307744056603,-0.485938052943628,064,"Y51","Q35","00","KB","MW"
"MK404JY",10,52.1299925157653,-0.486665822642599,064,"Y51","Q35","00","KB","MW"
"MK404JZ",10,52.1297599739292,-0.487462620998664,064,"Y51","Q35","00","KB","MW"
"MK404LA",10,52.1303930221355,-0.487747990241344,064,"Y51","Q35","00","KB","MW"
"MK404LB",10,52.1327461845742,-0.485447501835461,064,"Y51","Q35","00","KB","MW"
"MK404LD",10,52.1341515987408,-0.486364170169068,064,"Y51","Q35","00","KB","MW"
"MK404LE",10,52.1350733587598,-0.486026089662045,064,"Y51","Q35","00","KB","MW"
"MK404LF",10,52.1342800347211,-0.485863039546249,064,"Y51","Q35","00","KB","MW"
"MK404LG",10,52.1328384797879,-0.484932999751435,064,"Y51","Q35","00","KB","MW"
"MK404LH",10,52.1338397848483,-0.483788598024378,064,"Y51","Q35","00","KB","MW"
"MK404LJ",10,52.1338443118839,-0.484840433800146,064,"Y51","Q35","00","KB","MW"
"MK404LL",10,52.1336091398199,-0.484731525226342,064,"Y51","Q35","00","KB","MW"
"MK404LN",10,52.1341262530675,-0.483691205964986,064,"Y51","Q35","00","KB","MW"
"MK404LP",10,52.134469402894,-0.482408383076258,064,"Y51","Q35","00","KB","MW"
"MK404LQ",10,52.1334037613641,-0.485542088470384,064,"Y51","Q35","00","KB","MW"
"MK404LR",10,52.1334770702228,-0.482851207088625,064,"Y51","Q35","00","KB","MW"
"MK404LS",10,52.1336403129137,-0.482261225557951,064,"Y51","Q35","00","KB","MW"
"MK404LU",10,52.1312208402415,-0.482197342223954,064,"Y51","Q35","00","KB","MW"
"MK404LW",10,52.1341316425802,-0.482712081906899,064,"Y51","Q35","00","KB","MW"
"MK404LX",10,52.1323887738861,-0.48702294400226,064,"Y51","Q35","00","KB","MW"
"MK404LY",10,52.132126187345,-0.492496126449713,064,"Y51","Q35","00","KB","MW"
"MK404LZ",10,52.1314481549255,-0.493614774035645,064,"Y51","Q35","00","KB","MW"
"MK404NA",10,52.1311912139627,-0.494616925290309,064,"Y51","Q35","00","KB","MW"
"MK404NB",10,52.1314364738222,-0.497632961485789,064,"Y51","Q35","00","KB","MW"
"MK404ND",10,52.1317570432472,-0.497388414231077,064,"Y51","Q35","00","KB","MW"
"MK404NE",10,52.1318549168366,-0.498013364013827,064,"Y51","Q35","00","KB","MW"
"MK404NF",10,52.1318052962048,-0.495531285625374,064,"Y51","Q35","00","KB","MW"
"MK404NG",10,52.1318988627107,-0.49864012927153,064,"Y51","Q35","00","KB","MW"
"MK404NJ",10,52.1320657834864,-0.486376418434962,064,"Y51","Q35","00","KB","MW"
"MK404NL",10,52.1317613451322,-0.487175690814292,064,"Y51","Q35","00","KB","MW"
"MK404NN",10,52.1317046023503,-0.486257166369451,064,"Y51","Q35","00","KB","MW"
"MK404NP",10,52.1313638406044,-0.487028443172205,064,"Y51","Q35","00","KB","MW"
"MK404NQ",10,52.1323030414673,-0.497194719721874,064,"Y51","Q35","00","KB","MW"
"MK404NR",10,52.1315739241842,-0.487985600941775,064,"Y51","Q35","00","KB","MW"
"MK404NS",10,52.131067635978,-0.48776897941529,064,"Y51","Q35","00","KB","MW"
"MK404NT",10,52.1315546373916,-0.488585272427367,064,"Y51","Q35","00","KB","MW"
"MK404NU",10,52.1307616905417,-0.488451395567246,064,"Y51","Q35","00","KB","MW"
"MK404NW",10,52.130892943194,-0.487468084191015,064,"Y51","Q35","00","KB","MW"
"MK404NX",10,52.1310734293115,-0.489624259709061,064,"Y51","Q35","00","KB","MW"
"MK404NY",10,52.1312717005424,-0.49036267072063,064,"Y51","Q35","00","KB","MW"
"MK404NZ",10,52.1304851252044,-0.490024009712694,064,"Y51","Q35","00","KB","MW"
"MK404PA",10,52.1308444330198,-0.489997252740325,064,"Y51","Q35","00","KB","MW"
"MK404PB",10,52.1310614055088,-0.491494751900688,064,"Y51","Q35","00","KB","MW"
"MK404PD",10,52.130149383678,-0.49118952965094,064,"Y51","Q35","00","KB","MW"
"MK404PE",10,52.1309698283157,-0.492067635283557,064,"Y51","Q35","00","KB","MW"
"MK404PF",10,52.1320374963903,-0.490482890117962,064,"Y51","Q35","00","KB","MW"
"MK404PG",10,52.1316661945074,-0.490977577178948,064,"Y51","Q35","00","KB","MW"
"MK404PH",10,52.1418390389194,-0.505393466364387,064,"Y51","Q35","00","KB","MB"
"MK404PQ",10,52.1346005996214,-0.487021067666104,064,"Y51","Q35","00","KB","MW"
"MK404PR",10,52.1315276557221,-0.485781026721944,064,"Y51","Q35","00","KB","MW"
"MK404PS",10,52.1326712996179,-0.490125425353376,064,"Y51","Q35","00","KB","MW"
"MK404PT",10,52.1336123421422,-0.490590380812234,064,"Y51","Q35","00","KB","MW"
"MK404PU",10,52.1339106075177,-0.490711798902967,064,"Y51","Q35","00","KB","MW"
"MK404PX",10,52.142123303937,-0.505120904773989,064,"Y51","Q35","00","KB","MB"
"MK404PZ",10,52.1410336564349,-0.507115567240201,064,"Y51","Q35","00","KB","MB"
"MK404QA",10,52.1419694578729,-0.507171958307487,064,"Y51","Q35","00","KB","MB"
"MK404QB",10,52.1408105169873,-0.510089508823926,064,"Y51","Q35","00","KB","MB"
"MK404QD",10,52.1407644156333,-0.509287321816081,064,"Y51","Q35","00","KB","MB"
"MK404QE",10,52.1402513318599,-0.508529961808813,064,"Y51","Q35","00","KB","MB"
"MK404QG",10,52.1418884330059,-0.504325022647082,064,"Y51","Q35","00","KB","MB"
"MK404QH",10,52.1416226815281,-0.506058315462833,064,"Y51","Q35","00","KB","MB"
"MK404QJ",10,52.1410828001281,-0.505316488343543,064,"Y51","Q35","00","KB","MB"
"MK404QL",10,52.1298603093041,-0.490381154024,064,"Y51","Q35","00","KB","MW"
"MK404QN",10,52.1424342567543,-0.504116758731898,064,"Y51","Q35","00","KB","MB"
"MK404QP",10,52.1417297632189,-0.509547360797785,064,"Y51","Q35","00","KB","MB"
"MK404QQ",10,52.1402774325215,-0.509172063296736,064,"Y51","Q35","00","KB","MB"
"MK404QR",10,52.1424324442978,-0.509655426683597,064,"Y51","Q35","00","KB","MB"
"MK404QS",10,52.1419152334832,-0.509994189828695,064,"Y51","Q35","00","KB","MB"
"MK404QT",10,52.1418546039264,-0.508754061779723,064,"Y51","Q35","00","KB","MB"
"MK404QU",10,52.1421013273763,-0.50906732086084,064,"Y51","Q35","00","KB","MB"
"MK404QW",10,52.1419489656159,-0.50768411879249,064,"Y51","Q35","00","KB","MB"
"MK404QX",10,52.1423391714543,-0.510813022774016,064,"Y51","Q35","00","KB","MB"
"MK404QY",10,52.1427694617577,-0.510710987258934,064,"Y51","Q35","00","KB","MB"
"MK404QZ",10,52.1418384120915,-0.508184674445257,064,"Y51","Q35","00","KB","MB"
"MK404RA",10,52.14086214486,-0.511329909647858,064,"Y51","Q35","00","KB","MB"
"MK404RB",10,52.1407756436682,-0.505911298740865,064,"Y51","Q35","00","KB","MB"
"MK404RE",10,52.138297850182,-0.482965054913815,064,"Y51","Q35","00","KB","MW"
"MK404RF",10,52.1378318241276,-0.483083173392014,064,"Y51","Q35","00","KB","MW"
"MK404RG",10,52.1387781411005,-0.503669354621891,064,"Y51","Q35","00","KB","MB"
"MK404RL",10,52.1344263755372,-0.475586431539319,064,"Y51","Q35","00","KB","MD"
"MK404RN",10,52.1408789671482,-0.504841075214155,064,"Y51","Q35","00","KB","MB"
"MK404RW",10,52.1410996731338,-0.503810752898199,064,"Y51","Q35","00","KB","MB"
"MK404WX",10,52.1344263755372,-0.475586431539319,064,"Y51","Q35","00","KB","MD"
"MK404WY",10,52.1344263755372,-0.475586431539319,064,"Y51","Q35","00","KB","MD"
"MK404XT",10,52.1344263755372,-0.475586431539319,064,"Y51","Q35","00","KB","MD"
"MK404YG",10,52.1344263755372,-0.475586431539319,064,"Y51","Q35","00","KB","MD"
"MK404ZE",10,52.1344263755372,-0.475586431539319,064,"Y51","Q35","00","KB","MD"
"MK404ZF",10,52.1344263755372,-0.475586431539319,064,"Y51","Q35","00","KB","MD"
"MK409AE",10,52.1344263755372,-0.475586431539319,064,"Y51","Q35","00","KB","MD"
"MK409AF",10,52.1344263755372,-0.475586431539319,064,"Y51","Q35","00","KB","MD"
"MK409AP",10,52.1344263755372,-0.475586431539319,064,"Y51","Q35","00","KB","MD"
"MK409AR",10,52.1344263755372,-0.475586431539319,064,"Y51","Q35","00","KB","MD"
"MK409AS",10,52.1344263755372,-0.475586431539319,064,"Y51","Q35","00","KB","MD"
"MK409AX",10,52.1344263755372,-0.475586431539319,064,"Y51","Q35","00","KB","MD"
"MK409AZ",10,52.1344263755372,-0.475586431539319,064,"Y51","Q35","00","KB","MD"
"MK409BD",10,52.1344263755372,-0.475586431539319,064,"Y51","Q35","00","KB","MD"
"MK409BE",10,52.1344263755372,-0.475586431539319,064,"Y51","Q35","00","KB","MD"
"MK409BF",10,52.1344263755372,-0.475586431539319,064,"Y51","Q35","00","KB","MD"
"MK409BH",10,52.1344263755372,-0.475586431539319,064,"Y51","Q35","00","KB","MD"
"MK409BL",10,52.1344263755372,-0.475586431539319,064,"Y51","Q35","00","KB","MD"
"MK409BP",10,52.1344263755372,-0.475586431539319,064,"Y51","Q35","00","KB","MD"
"MK409DB",10,52.1344263755372,-0.475586431539319,064,"Y51","Q35","00","KB","MD"
"MK409DE",10,52.1344263755372,-0.475586431539319,064,"Y51","Q35","00","KB","MD"
"MK409DF",10,52.1344263755372,-0.475586431539319,064,"Y51","Q35","00","KB","MD"
"MK409DG",10,52.1344263755372,-0.475586431539319,064,"Y51","Q35","00","KB","MD"
"MK409DJ",10,52.1344263755372,-0.475586431539319,064,"Y51","Q35","00","KB","MD"
"MK409DL",10,52.1344263755372,-0.475586431539319,064,"Y51","Q35","00","KB","MD"
"MK409DN",10,52.1344263755372,-0.475586431539319,064,"Y51","Q35","00","KB","MD"
"MK409DP",10,52.1344263755372,-0.475586431539319,064,"Y51","Q35","00","KB","MD"
"MK409DQ",50,52.1344263755372,-0.475586431539319,064,"Y51","Q35","00","KB","MD"
"MK409SA",10,52.1354132661654,-0.468480777969073,064,"Y51","Q35","00","KB","MD"
"MK409SB",10,52.1354132661654,-0.468480777969073,064,"Y51","Q35","00","KB","MD"
"MK409SD",10,52.1354132661654,-0.468480777969073,064,"Y51","Q35","00","KB","MD"
"MK409SE",10,52.1354132661654,-0.468480777969073,064,"Y51","Q35","00","KB","MD"
"MK409SF",10,52.1354132661654,-0.468480777969073,064,"Y51","Q35","00","KB","MD"
"MK409SG",10,52.1354132661654,-0.468480777969073,064,"Y51","Q35","00","KB","MD"
"MK409SH",10,52.1354132661654,-0.468480777969073,064,"Y51","Q35","00","KB","MD"
"MK409SJ",10,52.1354132661654,-0.468480777969073,064,"Y51","Q35","00","KB","MD"
"MK409SL",10,52.1354132661654,-0.468480777969073,064,"Y51","Q35","00","KB","MD"
"MK409SP",10,52.1354132661654,-0.468480777969073,064,"Y51","Q35","00","KB","MD"
"MK409SQ",10,52.1354132661654,-0.468480777969073,064,"Y51","Q35","00","KB","MD"
"MK409SR",10,52.1354132661654,-0.468480777969073,064,"Y51","Q35","00","KB","MD"
"MK409SS",10,52.1354132661654,-0.468480777969073,064,"Y51","Q35","00","KB","MD"
"MK409ST",10,52.1354132661654,-0.468480777969073,064,"Y51","Q35","00","KB","MD"
"MK409SU",10,52.1354132661654,-0.468480777969073,064,"Y51","Q35","00","KB","MD"
"MK409SW",10,52.1354132661654,-0.468480777969073,064,"Y51","Q35","00","KB","MD"
"MK409SX",10,52.1354132661654,-0.468480777969073,064,"Y51","Q35","00","KB","MD"
"MK409SY",10,52.1354132661654,-0.468480777969073,064,"Y51","Q35","00","KB","MD"
"MK409SZ",10,52.1354132661654,-0.468480777969073,064,"Y51","Q35","00","KB","MD"
"MK409TA",10,52.1354132661654,-0.468480777969073,064,"Y51","Q35","00","KB","MD"
"MK409TB",10,52.1354132661654,-0.468480777969073,064,"Y51","Q35","00","KB","MD"
"MK409TD",10,52.1354132661654,-0.468480777969073,064,"Y51","Q35","00","KB","MD"
"MK409TE",10,52.1354132661654,-0.468480777969073,064,"Y51","Q35","00","KB","MD"
"MK409TF",10,52.1354132661654,-0.468480777969073,064,"Y51","Q35","00","KB","MD"
"MK409TG",10,52.1354132661654,-0.468480777969073,064,"Y51","Q35","00","KB","MD"
"MK409TH",10,52.1354132661654,-0.468480777969073,064,"Y51","Q35","00","KB","MD"
"MK409TJ",10,52.1354132661654,-0.468480777969073,064,"Y51","Q35","00","KB","MD"
"MK410AA",10,52.1430505104535,-0.432487481546348,064,"Y51","Q35","00","KB","MJ"
"MK410AB",10,52.1433960971835,-0.43278224520276,064,"Y51","Q35","00","KB","MJ"
"MK410AD",10,52.144077564497,-0.432641406525694,064,"Y51","Q35","00","KB","MJ"
"MK410AE",10,52.1483144142664,-0.421998491766382,064,"Y51","Q35","00","KB","MJ"
"MK410AF",10,52.14766402335,-0.421773019533067,064,"Y51","Q35","00","KB","MJ"
"MK410AG",10,52.1485924205023,-0.421272484178187,064,"Y51","Q35","00","KB","MJ"
"MK410AH",10,52.1446327344727,-0.431116612342336,064,"Y51","Q35","00","KB","MJ"
"MK410AJ",10,52.1446672726995,-0.431685367847428,064,"Y51","Q35","00","KB","MJ"
"MK410AN",10,52.1455735513009,-0.429519753418409,064,"Y51","Q35","00","KB","MJ"
"MK410AP",10,52.148363737321,-0.427711533675665,064,"Y51","Q35","00","KB","MJ"
"MK410AQ",10,52.1480541822278,-0.422709246406612,064,"Y51","Q35","00","KB","MJ"
"MK410AR",10,52.1502250362832,-0.427719047815998,064,"Y51","Q35","00","KB","MJ"
"MK410AS",10,52.1505512658786,-0.428584547386633,064,"Y51","Q35","00","KB","MU"
"MK410AT",10,52.1521261457743,-0.428689883503073,064,"Y51","Q35","00","KB","MU"
"MK410AW",10,52.1481532718959,-0.428785896693447,064,"Y51","Q35","00","KB","MJ"
"MK410AX",10,52.1505417771985,-0.426523950882808,064,"Y51","Q35","00","KB","MJ"
"MK410AY",10,52.1506332630489,-0.421258762090913,064,"Y51","Q35","00","KB","MJ"
"MK410AZ",10,52.1360350370273,-0.430965728924428,064,"Y51","Q35","00","KB","MS"
"MK410BA",10,52.1513140304898,-0.42779761853748,064,"Y51","Q35","00","KB","MJ"
"MK410BB",10,52.1515494984958,-0.42657612430726,064,"Y51","Q35","00","KB","MJ"
"MK410BD",10,52.1511228507973,-0.424924859051798,064,"Y51","Q35","00","KB","MJ"
"MK410BE",10,52.151421386134,-0.424388117727664,064,"Y51","Q35","00","KB","MJ"
"MK410BG",10,52.152403289755,-0.42587363499124,064,"Y51","Q35","00","KB","MJ"
"MK410BH",10,52.1509620774051,-0.423658882400495,064,"Y51","Q35","00","KB","MJ"
"MK410BJ",10,52.1508270580664,-0.424993764312785,064,"Y51","Q35","00","KB","MJ"
"MK410BL",10,52.1511710435619,-0.427188752623508,064,"Y51","Q35","00","KB","MJ"
"MK410BN",10,52.1493787961362,-0.422925527740801,064,"Y51","Q35","00","KB","MJ"
"MK410BP",10,52.1502784008486,-0.427000962217004,064,"Y51","Q35","00","KB","MJ"
"MK410BQ",10,52.1520917070713,-0.424086728785006,064,"Y51","Q35","00","KB","MJ"
"MK410BS",10,52.1497393940192,-0.426362226338427,064,"Y51","Q35","00","KB","MJ"
"MK410BT",10,52.1501485407702,-0.424681530828187,064,"Y51","Q35","00","KB","MJ"
"MK410BU",10,52.1494858249589,-0.425552659976756,064,"Y51","Q35","00","KB","MJ"
"MK410BW",10,52.1526641456698,-0.423861873778778,064,"Y51","Q35","00","KB","MJ"
"MK410BX",10,52.1493020005316,-0.424579863819852,064,"Y51","Q35","00","KB","MJ"
"MK410BY",10,52.1531980681743,-0.425465548894269,064,"Y51","Q35","00","KB","MJ"
"MK410BZ",10,52.1537142571908,-0.42439487138397,064,"Y51","Q35","00","KB","MJ"
"MK410DA",10,52.1490206772176,-0.423712831274767,064,"Y51","Q35","00","KB","MJ"
"MK410DB",10,52.1499942083245,-0.423897694831665,064,"Y51","Q35","00","KB","MJ"
"MK410DD",10,52.1499588521765,-0.422598088608811,064,"Y51","Q35","00","KB","MJ"
"MK410DE",10,52.1545504430751,-0.429788567954766,064,"Y51","Q35","00","KB","MU"
"MK410DF",10,52.155073288065,-0.42921468624641,064,"Y51","Q35","00","KB","MU"
"MK410DG",10,52.1553942930932,-0.429013351275611,064,"Y51","Q35","00","KB","MU"
"MK410DH",10,52.1540112906214,-0.428462713472564,064,"Y51","Q35","00","KB","MU"
"MK410DJ",10,52.1554060697041,-0.427872723209358,064,"Y51","Q35","00","KB","MU"
"MK410DL",10,52.1534229532068,-0.424799828062261,064,"Y51","Q35","00","KB","MJ"
"MK410DN",10,52.1521393849238,-0.422944914590112,064,"Y51","Q35","00","KB","MJ"
"MK410DP",10,52.1424986413777,-0.428853385838544,064,"Y51","Q35","00","KB","MS"
"MK410DQ",10,52.155253064094,-0.428535926865974,064,"Y51","Q35","00","KB","MU"
"MK410DR",10,52.1422337950277,-0.427196732281626,064,"Y51","Q35","00","KB","MS"
"MK410DS",10,52.1431075154829,-0.426639843941464,064,"Y51","Q35","00","KB","MS"
"MK410DU",10,52.145325431859,-0.423726398232859,064,"Y51","Q35","00","KB","MS"
"MK410DW",10,52.1531472989733,-0.423684018789815,064,"Y51","Q35","00","KB","MJ"
"MK410DX",10,52.1453674366084,-0.421488844134423,064,"Y51","Q35","00","KB","MS"
"MK410EH",10,52.1457630062704,-0.418800315677609,064,"Y51","Q35","00","KB","MJ"
"MK410EN",10,52.1469849162606,-0.422089337932402,064,"Y51","Q35","00","KB","MJ"
"MK410EP",10,52.1468335043029,-0.422196997489184,064,"Y51","Q35","00","KB","MJ"
"MK410ET",10,52.1461627821992,-0.424486045627278,064,"Y51","Q35","00","KB","MJ"
"MK410EU",10,52.1465448893659,-0.426167925075146,064,"Y51","Q35","00","KB","MJ"
"MK410EW",10,52.1468445420505,-0.414304327095472,064,"Y51","Q35","00","KB","MJ"
"MK410EX",10,52.1474562874774,-0.426413485601436,064,"Y51","Q35","00","KB","MJ"
"MK410EY",10,52.1468879764574,-0.425600445881444,064,"Y51","Q35","00","KB","MJ"
"MK410GA",10,52.1559937801217,-0.418700947365039,064,"Y51","Q35","00","KB","MK"
"MK410GB",10,52.1558109815142,-0.421835734552,064,"Y51","Q35","00","KB","MK"
"MK410GD",10,52.1552215526087,-0.422806754778349,064,"Y51","Q35","00","KB","MK"
"MK410GE",10,52.155556807515,-0.422327123686917,064,"Y51","Q35","00","KB","MK"
"MK410GF",10,52.1566547655632,-0.420387893559275,064,"Y51","Q35","00","KB","MK"
"MK410GG",10,52.1560393243292,-0.419415632335458,064,"Y51","Q35","00","KB","MK"
"MK410GH",10,52.1548282714317,-0.422981452028178,064,"Y51","Q35","00","KB","MK"
"MK410GJ",10,52.1554549888974,-0.420094146525456,064,"Y51","Q35","00","KB","MK"
"MK410GL",10,52.1459748864951,-0.41649824766518,064,"Y51","Q35","00","KB","MJ"
"MK410GN",10,52.1569145462464,-0.418302851597054,064,"Y51","Q35","00","KB","MK"
"MK410GP",10,52.1550052593322,-0.420753261132067,064,"Y51","Q35","00","KB","MK"
"MK410GQ",10,52.1563044668425,-0.420414912393276,064,"Y51","Q35","00","KB","MK"
"MK410GY",10,52.1597706678646,-0.391476985950637,064,"Y51","Q35","00","KB","MK"
"MK410GZ",10,52.1344263755372,-0.475586431539319,064,"Y51","Q35","00","KB","MD"
"MK410HA",10,52.1476630252955,-0.42506156323865,064,"Y51","Q35","00","KB","MJ"
"MK410HB",10,52.1476354981299,-0.423674054176546,064,"Y51","Q35","00","KB","MJ"
"MK410HD",10,52.1486025704287,-0.424721477929766,064,"Y51","Q35","00","KB","MJ"
"MK410HE",10,52.1486191488926,-0.425963244579216,064,"Y51","Q35","00","KB","MJ"
"MK410HF",10,52.1480975087767,-0.425952408268315,064,"Y51","Q35","00","KB","MJ"
"MK410HH",10,52.1477405782228,-0.425482679725918,064,"Y51","Q35","00","KB","MJ"
"MK410HJ",10,52.149021963778,-0.427176786053859,064,"Y51","Q35","00","KB","MJ"
"MK410HL",10,52.1477233175825,-0.427558704826443,064,"Y51","Q35","00","KB","MJ"
"MK410HN",10,52.1459727841042,-0.427766519243359,064,"Y51","Q35","00","KB","MJ"
"MK410HP",10,52.1456114016125,-0.414874268936585,064,"Y51","Q35","00","KB","MS"
"MK410HR",10,52.1500523195355,-0.417493668127191,064,"Y51","Q35","00","KB","MJ"
"MK410HS",10,52.1458663856633,-0.419805089606658,064,"Y51","Q35","00","KB","MJ"
"MK410HT",10,52.1484161263377,-0.412158428417493,064,"Y51","Q35","00","KB","MJ"
"MK410HU",10,52.1478081568425,-0.419107875826079,064,"Y51","Q35","00","KB","MJ"
"MK410HW",10,52.1459727841042,-0.427766519243359,064,"Y51","Q35","00","KB","MJ"
"MK410HY",10,52.1457618852882,-0.407356819682656,064,"Y51","Q35","00","KB","MS"
"MK410HZ",10,52.1479057396105,-0.406315690027688,064,"Y51","Q35","00","KB","MK"
"MK410JB",10,52.1529030326297,-0.396226677407131,064,"Y51","Q35","00","KB","MK"
"MK410JD",10,52.1534259100832,-0.395667037977774,064,"Y51","Q35","00","KB","MK"
"MK410JE",10,52.1491739733908,-0.387824846062698,064,"Y51","Q35","00","KB","MK"
"MK410JF",10,52.1485452421703,-0.377382532981982,064,"Y51","Q35","00","KB","MK"
"MK410JG",10,52.1651006178295,-0.425995846310632,064,"Y51","Q35","00","KB","MK"
"MK410JH",10,52.1477120310725,-0.383492947189264,064,"Y51","Q35","00","KB","MK"
"MK410JJ",10,52.1695614357004,-0.414666624764253,064,"Y51","Q35","00","KB","MK"
"MK410JL",10,52.1650162375971,-0.425063061920497,064,"Y51","Q35","00","KB","MK"
"MK410JP",10,52.1618279832987,-0.420628721518349,064,"Y51","Q35","00","KB","MK"
"MK410JR",10,52.1622187471341,-0.422954146487034,064,"Y51","Q35","00","KB","MK"
"MK410JS",10,52.1614173362737,-0.423538039076969,064,"Y51","Q35","00","KB","MK"
"MK410JT",10,52.1618635518886,-0.424633410381343,064,"Y51","Q35","00","KB","MK"
"MK410JU",10,52.1610167512592,-0.427207185182396,064,"Y51","Q35","00","KB","MK"
"MK410JW",10,52.1496053618515,-0.41233536500765,064,"Y51","Q35","00","KB","MJ"
"MK410JX",10,52.1593265995535,-0.427222906092604,064,"Y51","Q35","00","KB","MK"
"MK410JY",10,52.1687517227878,-0.430092905607998,064,"Y51","Q35","00","KB","MK"
"MK410JZ",10,52.1646483541682,-0.425119913634269,064,"Y51","Q35","00","KB","MK"
"MK410LA",10,52.163017415163,-0.424183287114805,064,"Y51","Q35","00","KB","MK"
"MK410LB",10,52.1625637350979,-0.425895287136594,064,"Y51","Q35","00","KB","MK"
"MK410LD",10,52.1650990920563,-0.423188609430035,064,"Y51","Q35","00","KB","MK"
"MK410LE",10,52.1644985114602,-0.421309093613186,064,"Y51","Q35","00","KB","MK"
"MK410LF",10,52.1481758454288,-0.41501705278129,064,"Y51","Q35","00","KB","MJ"
"MK410LH",10,52.1597007841735,-0.390967819615732,064,"Y51","Q35","00","KB","MK"
"MK410LJ",10,52.157346630139,-0.390424103674908,064,"Y51","Q35","00","KB","MK"
"MK410LL",10,52.1598997912638,-0.393694518608279,064,"Y51","Q35","00","KB","MK"
"MK410LN",10,52.1591539351851,-0.392405623820229,064,"Y51","Q35","00","KB","MK"
"MK410LP",10,52.1585391851434,-0.393480356415243,064,"Y51","Q35","00","KB","MK"
"MK410LR",10,52.1630539529808,-0.401505359593475,064,"Y51","Q35","00","KB","MK"
"MK410LS",10,52.1611865015288,-0.397069289103799,064,"Y51","Q35","00","KB","MK"
"MK410LT",10,52.1648806482751,-0.404934386533351,064,"Y51","Q35","00","KB","MK"
"MK410LU",10,52.1632551171184,-0.415080809259737,064,"Y51","Q35","00","KB","MK"
"MK410LW",10,52.1530818764257,-0.388239137371294,064,"Y51","Q35","00","KB","MK"
"MK410LX",10,52.1624919954434,-0.410487851381802,064,"Y51","Q35","00","KB","MK"
"MK410LY",10,52.1647453137295,-0.416913999605984,064,"Y51","Q35","00","KB","MK"
"MK410LZ",10,52.1500523195355,-0.417493668127191,064,"Y51","Q35","00","KB","MJ"
"MK410ND",10,52.1538768583609,-0.413718255854361,064,"Y51","Q35","00","KB","MJ"
"MK410NE",10,52.1527422571034,-0.419620109706338,064,"Y51","Q35","00","KB","MJ"
"MK410NF",10,52.1522915145457,-0.418861364047176,064,"Y51","Q35","00","KB","MJ"
"MK410NG",10,52.1503626869474,-0.413156182065278,064,"Y51","Q35","00","KB","MJ"
"MK410NH",10,52.1519658939568,-0.422074024910357,064,"Y51","Q35","00","KB","MJ"
"MK410NJ",10,52.1517107309309,-0.421147563381296,064,"Y51","Q35","00","KB","MJ"
"MK410NL",10,52.1535706703758,-0.423069745822763,064,"Y51","Q35","00","KB","MJ"
"MK410NN",10,52.1528477919537,-0.42145815187158,064,"Y51","Q35","00","KB","MJ"
"MK410NP",10,52.1542374463938,-0.425194992950835,064,"Y51","Q35","00","KB","MJ"
"MK410NQ",10,52.1629070407236,-0.411262576372728,064,"Y51","Q35","00","KB","MK"
"MK410NR",10,52.1538373516616,-0.422841058101535,064,"Y51","Q35","00","KB","MJ"
"MK410NS",10,52.1538687662308,-0.425865796180267,064,"Y51","Q35","00","KB","MJ"
"MK410NT",10,52.1543863106812,-0.425569802262938,064,"Y51","Q35","00","KB","MJ"
"MK410NU",10,52.1547241131018,-0.425280144053288,064,"Y51","Q35","00","KB","MJ"
"MK410NW",10,52.1533903428519,-0.422359861739763,064,"Y51","Q35","00","KB","MJ"
"MK410NX",10,52.1539558664659,-0.427002900515744,064,"Y51","Q35","00","KB","MJ"
"MK410NY",10,52.1540039425778,-0.426562675978425,064,"Y51","Q35","00","KB","MJ"
"MK410NZ",10,52.154748699531,-0.426448709289979,064,"Y51","Q35","00","KB","MJ"
"MK410PA",10,52.1546150824238,-0.425868706169367,064,"Y51","Q35","00","KB","MJ"
"MK410PB",10,52.1551935690335,-0.426096807028527,064,"Y51","Q35","00","KB","MJ"
"MK410PD",10,52.1556251429744,-0.426096203425688,064,"Y51","Q35","00","KB","MJ"
"MK410PE",10,52.1560320951718,-0.426271888122998,064,"Y51","Q35","00","KB","MJ"
"MK410PF",10,52.154695728611,-0.427196089585786,064,"Y51","Q35","00","KB","MJ"
"MK410PG",10,52.1550995621503,-0.42713800235458,064,"Y51","Q35","00","KB","MJ"
"MK410PH",10,52.1561194109459,-0.426751214571264,064,"Y51","Q35","00","KB","MJ"
"MK410PJ",10,52.1536245555529,-0.425757469941991,064,"Y51","Q35","00","KB","MJ"
"MK410PL",10,52.1537536689886,-0.42667382314766,064,"Y51","Q35","00","KB","MJ"
"MK410PN",10,52.1539163861801,-0.427413585908951,064,"Y51","Q35","00","KB","MJ"
"MK410PP",10,52.1549333132783,-0.426807648732551,064,"Y51","Q35","00","KB","MJ"
"MK410PQ",10,52.155597966341,-0.426754980411475,064,"Y51","Q35","00","KB","MJ"
"MK410PR",10,52.1541395044696,-0.427288781763375,064,"Y51","Q35","00","KB","MJ"
"MK410PT",10,52.1491367313227,-0.422305589402731,064,"Y51","Q35","00","KB","MJ"
"MK410PU",10,52.1523931135656,-0.426458679439235,064,"Y51","Q35","00","KB","MJ"
"MK410PW",10,52.1526394429214,-0.427400113351542,064,"Y51","Q35","00","KB","MJ"
"MK410PX",10,52.1533990803408,-0.426379357309626,064,"Y51","Q35","00","KB","MJ"
"MK410PY",10,52.1511131013668,-0.422177259181298,064,"Y51","Q35","00","KB","MJ"
"MK410PZ",10,52.151427242762,-0.420792171360866,064,"Y51","Q35","00","KB","MJ"
"MK410QB",10,52.1527122280642,-0.413364986111136,064,"Y51","Q35","00","KB","MJ"
"MK410QD",10,52.1519779055208,-0.427686529822047,064,"Y51","Q35","00","KB","MJ"
"MK410QE",10,52.1531992553037,-0.420846406286376,064,"Y51","Q35","00","KB","MJ"
"MK410QF",10,52.1534464040326,-0.421173863139731,064,"Y51","Q35","00","KB","MJ"
"MK410QH",10,52.1538052875998,-0.420444903478832,064,"Y51","Q35","00","KB","MJ"
"MK410QJ",10,52.1536964766219,-0.42104807537908,064,"Y51","Q35","00","KB","MJ"
"MK410QL",10,52.1537810514479,-0.419977998016085,064,"Y51","Q35","00","KB","MJ"
"MK410QN",10,52.1476179265673,-0.410973728086107,064,"Y51","Q35","00","KB","MJ"
"MK410QP",10,52.1467574343593,-0.418531245611257,064,"Y51","Q35","00","KB","MJ"
"MK410QQ",10,52.1491195305217,-0.4129811382783,064,"Y51","Q35","00","KB","MJ"
"MK410QS",10,52.1499164808361,-0.413405907836211,064,"Y51","Q35","00","KB","MJ"
"MK410QU",10,52.1496580691037,-0.414248220736035,064,"Y51","Q35","00","KB","MJ"
"MK410RA",10,52.1518109522039,-0.424608235730266,064,"Y51","Q35","00","KB","MJ"
"MK410RB",10,52.1495136875317,-0.414209501740697,064,"Y51","Q35","00","KB","MJ"
"MK410RE",10,52.135454965736,-0.427917677450076,064,"Y51","Q35","00","KB","MS"
"MK410RG",10,52.1523826736209,-0.416943287904847,064,"Y51","Q35","00","KB","MJ"
"MK410RJ",10,52.1529518803114,-0.415139781554876,064,"Y51","Q35","00","KB","MJ"
"MK410RL",10,52.1548062179225,-0.411287875840799,064,"Y51","Q35","00","KB","MK"
"MK410RN",10,52.140789487584,-0.424748730711656,064,"Y51","Q35","00","KB","MS"
"MK410RP",10,52.1537740044026,-0.419452013859516,064,"Y51","Q35","00","KB","MJ"
"MK410RQ",10,52.1530855880856,-0.416392128128382,064,"Y51","Q35","00","KB","MJ"
"MK410RU",10,52.135152014267,-0.430149288377656,064,"Y51","Q35","00","KB","MS"
"MK410RW",10,52.1345269772632,-0.433181183387321,064,"Y51","Q35","00","KB","MS"
"MK410RX",10,52.1466140721625,-0.419910158866519,064,"Y51","Q35","00","KB","MJ"
"MK410RZ",10,52.1378637028164,-0.427847486579235,064,"Y51","Q35","00","KB","MS"
"MK410SA",10,52.1371631533271,-0.426557058192784,064,"Y51","Q35","00","KB","MS"
"MK410SB",10,52.137373753314,-0.426841881650567,064,"Y51","Q35","00","KB","MS"
"MK410SD",10,52.1383274176278,-0.42486481589401,064,"Y51","Q35","00","KB","MS"
"MK410SE",10,52.1418906054657,-0.42438837857925,064,"Y51","Q35","00","KB","MS"
"MK410SF",10,52.1418906054657,-0.42438837857925,064,"Y51","Q35","00","KB","MS"
"MK410SH",10,52.1388282982651,-0.426688346141637,064,"Y51","Q35","00","KB","MS"
"MK410SJ",10,52.1394162970378,-0.428304270253031,064,"Y51","Q35","00","KB","MS"
"MK410SL",10,52.1387872002779,-0.428326414310221,064,"Y51","Q35","00","KB","MS"
"MK410SN",10,52.139286661829,-0.42600000423308,064,"Y51","Q35","00","KB","MS"
"MK410SP",10,52.1396463182438,-0.426674134760666,064,"Y51","Q35","00","KB","MS"
"MK410SQ",10,52.137595287541,-0.427272445505082,064,"Y51","Q35","00","KB","MS"
"MK410SR",10,52.1397549166126,-0.427400957875089,064,"Y51","Q35","00","KB","MS"
"MK410SS",10,52.1399588641489,-0.427861392575858,064,"Y51","Q35","00","KB","MS"
"MK410ST",10,52.1386830861384,-0.427935537641427,064,"Y51","Q35","00","KB","MS"
"MK410SU",10,52.1385233217281,-0.4267429299437,064,"Y51","Q35","00","KB","MS"
"MK410SW",10,52.139365418426,-0.425164294224741,064,"Y51","Q35","00","KB","MS"
"MK410SX",10,52.1392960822643,-0.424012324555433,064,"Y51","Q35","00","KB","MS"
"MK410SY",10,52.140557208313,-0.42351479842589,064,"Y51","Q35","00","KB","MS"
"MK410SZ",10,52.140039477594,-0.42312391211532,064,"Y51","Q35","00","KB","MS"
"MK410TB",10,52.1412446765597,-0.425843295640311,064,"Y51","Q35","00","KB","MS"
"MK410TD",10,52.1411821358454,-0.42654694703245,064,"Y51","Q35","00","KB","MS"
"MK410TE",10,52.1409188019585,-0.42567942462366,064,"Y51","Q35","00","KB","MS"
"MK410TF",10,52.1404379614047,-0.426704691679155,064,"Y51","Q35","00","KB","MS"
"MK410TG",10,52.1403914884941,-0.425917216125749,064,"Y51","Q35","00","KB","MS"
"MK410TH",10,52.1543235634947,-0.418862456187672,064,"Y51","Q35","00","KB","MJ"
"MK410TJ",10,52.1539978757934,-0.418713201108243,064,"Y51","Q35","00","KB","MJ"
"MK410TL",10,52.1535449981597,-0.41846613266105,064,"Y51","Q35","00","KB","MJ"
"MK410TN",10,52.1535951696852,-0.417514214136817,064,"Y51","Q35","00","KB","MJ"
"MK410TQ",10,52.1380483697198,-0.426861951364797,064,"Y51","Q35","00","KB","MS"
"MK410TR",10,52.1384898123966,-0.428950610355235,064,"Y51","Q35","00","KB","MS"
"MK410TS",10,52.1379222245502,-0.429540463777191,064,"Y51","Q35","00","KB","MS"
"MK410TT",10,52.137907207298,-0.429088007925399,064,"Y51","Q35","00","KB","MS"
"MK410TU",10,52.1369910555873,-0.42578868137853,064,"Y51","Q35","00","KB","MS"
"MK410TW",10,52.1530925118812,-0.418248290014453,064,"Y51","Q35","00","KB","MJ"
"MK410TX",10,52.1361669499554,-0.426694442847207,064,"Y51","Q35","00","KB","MS"
"MK410TY",10,52.1473887926761,-0.416667322240023,064,"Y51","Q35","00","KB","MJ"
"MK410TZ",10,52.1380842601608,-0.428205032196247,064,"Y51","Q35","00","KB","MS"
"MK410UA",10,52.1427582615952,-0.422034133163095,064,"Y51","Q35","00","KB","MS"
"MK410UD",10,52.1532845962967,-0.415142583207386,064,"Y51","Q35","00","KB","MJ"
"MK410UE",10,52.1439642876119,-0.422795295497615,064,"Y51","Q35","00","KB","MS"
"MK410UG",10,52.136843292871,-0.427518111731559,064,"Y51","Q35","00","KB","MS"
"MK410UJ",10,52.1372619236527,-0.42857005861409,064,"Y51","Q35","00","KB","MS"
"MK410UL",10,52.1356039383777,-0.432354369206654,064,"Y51","Q35","00","KB","MS"
"MK410UN",10,52.1353523716758,-0.433722074022323,064,"Y51","Q35","00","KB","MS"
"MK410UP",10,52.1519458508931,-0.409869530963921,064,"Y51","Q35","00","KB","MJ"
"MK410UQ",10,52.1371937587939,-0.428177929241314,064,"Y51","Q35","00","KB","MS"
"MK410UR",10,52.1518932690756,-0.407971193897616,064,"Y51","Q35","00","KB","MJ"
"MK410US",10,52.1524905119304,-0.409587014975951,064,"Y51","Q35","00","KB","MJ"
"MK410UT",10,52.1522730036101,-0.407460665340751,064,"Y51","Q35","00","KB","MJ"
"MK410UU",10,52.1517286286068,-0.408430192450198,064,"Y51","Q35","00","KB","MJ"
"MK410UW",10,52.1361136227357,-0.43281866580221,064,"Y51","Q35","00","KB","MS"
"MK410UX",10,52.1518963852216,-0.409535102320939,064,"Y51","Q35","00","KB","MJ"
"MK410UY",10,52.1499506624958,-0.40926826190864,064,"Y51","Q35","00","KB","MJ"
"MK410UZ",10,52.1456689436602,-0.428581041888305,064,"Y51","Q35","00","KB","MJ"
"MK410WA",10,52.136556418137,-0.428930960819317,064,"Y51","Q35","00","KB","MS"
"MK410WB",10,52.1362353713548,-0.429804354594034,064,"Y51","Q35","00","KB","MS"
"MK410WD",10,52.1369483697884,-0.431357386826117,064,"Y51","Q35","00","KB","MS"
"MK410WE",10,52.1370365850374,-0.42987846576913,064,"Y51","Q35","00","KB","MS"
"MK410WN",10,52.1500290179617,-0.407745364288359,064,"Y51","Q35","00","KB","MJ"
"MK410WP",10,52.151020566035,-0.40659911911555,064,"Y51","Q35","00","KB","MJ"
"MK410WR",10,52.1500765441068,-0.405273494988159,064,"Y51","Q35","00","KB","MJ"
"MK410WS",10,52.150242948112,-0.406276085641664,064,"Y51","Q35","00","KB","MJ"
"MK410WT",10,52.1344263755372,-0.475586431539319,064,"Y51","Q35","00","KB","MD"
"MK410XZ",10,52.1488601660171,-0.411747999881291,064,"Y51","Q35","00","KB","MJ"
"MK410YA",10,52.1459251844944,-0.419496092540637,064,"Y51","Q35","00","KB","MJ"
"MK410YR",10,52.1471159591451,-0.412423910084772,064,"Y51","Q35","00","KB","MJ"
"MK410YT",10,52.1344263755372,-0.475586431539319,064,"Y51","Q35","00","KB","MD"
"MK410ZW",10,52.1488947120127,-0.413646852568289,064,"Y51","Q35","00","KB","MJ"
"MK415AA",90,49.7668057243776,-7.55715980363992,064,"","","","",""
"MK415AB",90,49.7668057243776,-7.55715980363992,064,"","","","",""
"MK415AD",90,49.7668057243776,-7.55715980363992,064,"","","","",""
"MK415AE",90,49.7668057243776,-7.55715980363992,064,"","","","",""
"MK415AF",90,49.7668057243776,-7.55715980363992,064,"","","","",""
"MK415AH",90,49.7668057243776,-7.55715980363992,064,"","","","",""
"MK415AJ",90,49.7668057243776,-7.55715980363992,064,"","","","",""
"MK415AL",90,49.7668057243776,-7.55715980363992,064,"","","","",""
"MK415AN",90,49.7668057243776,-7.55715980363992,064,"","","","",""
"MK415AP",90,49.7668057243776,-7.55715980363992,064,"","","","",""
"MK416AA",10,52.1728751325908,-0.484830876184269,064,"Y51","Q35","00","KB","MF"
"MK416AB",10,52.1792469052633,-0.501492565925673,064,"Y51","Q35","00","KB","MT"
"MK416AD",10,52.180392037377,-0.48415127525249,064,"Y51","Q35","00","KB","MF"
"MK416AE",10,52.1926189442949,-0.491079797681344,064,"Y51","Q35","00","KB","MF"
"MK416AF",10,52.1625472115011,-0.504085770842641,064,"Y51","Q35","00","KB","MF"
"MK416AG",10,52.16021215873,-0.493696442319355,064,"Y51","Q35","00","KB","MF"
"MK416AH",10,52.162259094291,-0.500513471740111,064,"Y51","Q35","00","KB","MF"
"MK416AJ",10,52.1634403727507,-0.502199002339441,064,"Y51","Q35","00","KB","MF"
"MK416AL",10,52.162610583756,-0.50341110957341,064,"Y51","Q35","00","KB","MF"
"MK416AN",10,52.1642503630571,-0.505095986284514,064,"Y51","Q35","00","KB","MF"
"MK416AP",10,52.1649691692819,-0.503639028327702,064,"Y51","Q35","00","KB","MF"
"MK416AQ",10,52.1612194157776,-0.497946070608651,064,"Y51","Q35","00","KB","MF"
"MK416AR",10,52.1738199471115,-0.506749468185115,064,"Y51","Q35","00","KB","MF"
"MK416AS",10,52.1722097270129,-0.506686394273777,064,"Y51","Q35","00","KB","MF"
"MK416AT",10,52.1704751833429,-0.505326045515547,064,"Y51","Q35","00","KB","MF"
"MK416AU",10,52.1679562218146,-0.504503883824569,064,"Y51","Q35","00","KB","MF"
"MK416AW",10,52.1647986716564,-0.509346964279312,064,"Y51","Q35","00","KB","MF"
"MK416AX",10,52.1660271794619,-0.504115289990624,064,"Y51","Q35","00","KB","MF"
"MK416AY",10,52.1640667049696,-0.501958661233591,064,"Y51","Q35","00","KB","MF"
"MK416AZ",10,52.1649626575588,-0.501709257696807,064,"Y51","Q35","00","KB","MF"
"MK416BA",10,52.1658546547459,-0.503273032987307,064,"Y51","Q35","00","KB","MF"
"MK416BB",10,52.1677292192498,-0.503619550471363,064,"Y51","Q35","00","KB","MF"
"MK416BD",10,52.1688834814228,-0.502469523802881,064,"Y51","Q35","00","KB","MF"
"MK416BE",10,52.1671670930871,-0.503960088429623,064,"Y51","Q35","00","KB","MF"
"MK416BG",10,52.1666941708664,-0.502118993885982,064,"Y51","Q35","00","KB","MF"
"MK416BJ",10,52.1959549198884,-0.489693910186369,064,"Y51","Q35","00","KB","MF"
"MK416BL",10,52.194977706676,-0.486405792755857,064,"Y51","Q35","00","KB","MF"
"MK416BN",10,52.160767184275,-0.492098769057211,064,"Y51","Q35","00","KB","MF"
"MK416BP",10,52.1611867351155,-0.496792198747093,064,"Y51","Q35","00","KB","MF"
"MK416BQ",10,52.1674037200878,-0.502767776038726,064,"Y51","Q35","00","KB","MF"
"MK416BS",10,52.162676484049,-0.500104692792221,064,"Y51","Q35","00","KB","MF"
"MK416BT",10,52.1641846192315,-0.500624201949717,064,"Y51","Q35","00","KB","MF"
"MK416BU",10,52.1661159729357,-0.500486178426282,064,"Y51","Q35","00","KB","MF"
"MK416BW",10,52.160750993785,-0.494350759888752,064,"Y51","Q35","00","KB","MF"
"MK416BX",10,52.1636640951807,-0.500700179188153,064,"Y51","Q35","00","KB","MF"
"MK416BY",10,52.1639478573319,-0.499681807361948,064,"Y51","Q35","00","KB","MF"
"MK416BZ",10,52.1651010271328,-0.499862341961271,064,"Y51","Q35","00","KB","MF"
"MK416DA",10,52.1658780943064,-0.499456052902313,064,"Y51","Q35","00","KB","MF"
"MK416DB",10,52.1666871421045,-0.499443459206764,064,"Y51","Q35","00","KB","MF"
"MK416DD",10,52.1686939865837,-0.498878786264906,064,"Y51","Q35","00","KB","MF"
"MK416DE",10,52.1675706243216,-0.50033492405314,064,"Y51","Q35","00","KB","MF"
"MK416DF",10,52.1675849255375,-0.501460336628828,064,"Y51","Q35","00","KB","MF"
"MK416DG",10,52.1668753801524,-0.498691417100677,064,"Y51","Q35","00","KB","MF"
"MK416DN",10,52.1604196425016,-0.493046172742846,064,"Y51","Q35","00","KB","MF"
"MK416DP",10,52.1612440231561,-0.493530025906597,064,"Y51","Q35","00","KB","MF"
"MK416DR",10,52.1625397200864,-0.492901460667189,064,"Y51","Q35","00","KB","MF"
"MK416DS",10,52.1616789281472,-0.49449488551187,064,"Y51","Q35","00","KB","MF"
"MK416DT",10,52.1630015923052,-0.493865431574853,064,"Y51","Q35","00","KB","MF"
"MK416DU",10,52.1664378128813,-0.496103495187711,064,"Y51","Q35","00","KB","MF"
"MK416DW",10,52.161123480331,-0.492539943781825,064,"Y51","Q35","00","KB","MF"
"MK416DX",10,52.1648050607511,-0.493570605972316,064,"Y51","Q35","00","KB","MF"
"MK416DY",10,52.1658330910122,-0.498039288874893,064,"Y51","Q35","00","KB","MF"
"MK416DZ",10,52.1659657686572,-0.496455703192207,064,"Y51","Q35","00","KB","MF"
"MK416EA",10,52.1653807037195,-0.49570049501937,064,"Y51","Q35","00","KB","MF"
"MK416EB",10,52.164797721099,-0.494404255921655,064,"Y51","Q35","00","KB","MF"
"MK416ED",10,52.1641077105581,-0.49529017415222,064,"Y51","Q35","00","KB","MF"
"MK416EE",10,52.1602100137295,-0.490012378343909,064,"Y51","Q35","00","KB","MF"
"MK416EF",10,52.1640670007419,-0.484384388139748,064,"Y51","Q35","00","KB","MF"
"MK416EG",10,52.1597598992309,-0.489969133547096,064,"Y51","Q35","00","KB","MF"
"MK416EH",10,52.1587889001833,-0.489271038112598,064,"Y51","Q35","00","KB","MF"
"MK416EJ",10,52.158247038482,-0.487681299453728,064,"Y51","Q35","00","KB","MF"
"MK416EL",10,52.1540139386873,-0.48431653695111,064,"Y51","Q35","00","KB","ML"
"MK416EN",10,52.1504399670201,-0.483970182396796,064,"Y51","Q35","00","KB","ML"
"MK416EP",10,52.159887040448,-0.488663696289947,064,"Y51","Q35","00","KB","MF"
"MK416EQ",10,52.1596789884321,-0.491375335837323,064,"Y51","Q35","00","KB","MF"
"MK416ER",10,52.1625740585113,-0.487856274296975,064,"Y51","Q35","00","KB","MF"
"MK416ES",10,52.161564286721,-0.486940196033306,064,"Y51","Q35","00","KB","MF"
"MK416ET",10,52.165787516856,-0.484632982649265,064,"Y51","Q35","00","KB","MF"
"MK416EU",10,52.1705404276486,-0.475990164388656,064,"Y51","Q35","00","KB","MF"
"MK416EX",10,52.1631191437749,-0.475717355086382,064,"Y51","Q35","00","KB","MF"
"MK416EY",10,52.1636839409077,-0.470726999273285,064,"Y51","Q35","00","KB","MF"
"MK416FG",10,52.1634382592156,-0.504158237521318,064,"Y51","Q35","00","KB","MF"
"MK416FS",10,52.1643224944451,-0.470047165638457,064,"Y51","Q35","00","KB","MF"
"MK416GA",10,52.1676493444508,-0.505830153050644,064,"Y51","Q35","00","KB","MF"
"MK416GB",10,52.1680435752261,-0.506431076906884,064,"Y51","Q35","00","KB","MF"
"MK416GD",10,52.1701031653373,-0.506479091567799,064,"Y51","Q35","00","KB","MF"
"MK416GE",10,52.169930337465,-0.50774243537118,064,"Y51","Q35","00","KB","MF"
"MK416GF",10,52.1683154937735,-0.507313927400766,064,"Y51","Q35","00","KB","MF"
"MK416GG",10,52.1664483809234,-0.504715273154945,064,"Y51","Q35","00","KB","MF"
"MK416GH",10,52.1684822083538,-0.50556829733482,064,"Y51","Q35","00","KB","MF"
"MK416GJ",10,52.1676625054941,-0.505449539941014,064,"Y51","Q35","00","KB","MF"
"MK416GL",10,52.1654274252591,-0.5057437421621,064,"Y51","Q35","00","KB","MF"
"MK416GN",10,52.1649121823221,-0.505527062968163,064,"Y51","Q35","00","KB","MF"
"MK416GP",10,52.1658563105151,-0.506241125451377,064,"Y51","Q35","00","KB","MF"
"MK416GQ",10,52.1678633503661,-0.50710972694332,064,"Y51","Q35","00","KB","MF"
"MK416HA",10,52.1645139981176,-0.486986362543563,064,"Y51","Q35","00","KB","MF"
"MK416HB",10,52.1669881308846,-0.487107149138864,064,"Y51","Q35","00","KB","MF"
"MK416HD",10,52.1658053676755,-0.487425069969338,064,"Y51","Q35","00","KB","MF"
"MK416HE",10,52.1658871955215,-0.488197232580407,064,"Y51","Q35","00","KB","MF"
"MK416HG",10,52.1691733154453,-0.504053646310596,064,"Y51","Q35","00","KB","MF"
"MK416HH",10,52.1687544302317,-0.504345520105869,064,"Y51","Q35","00","KB","MF"
"MK416HJ",10,52.169741373029,-0.504180820927214,064,"Y51","Q35","00","KB","MF"
"MK416HL",10,52.1696266662317,-0.503643629503154,064,"Y51","Q35","00","KB","MF"
"MK416HP",10,52.1691103108518,-0.504757638763674,064,"Y51","Q35","00","KB","MF"
"MK416JE",10,52.1930269247511,-0.491343960673022,064,"Y51","Q35","00","KB","MF"
"MK416WB",10,52.1344263755372,-0.475586431539319,064,"Y51","Q35","00","KB","MD"
"MK417AA",10,52.1559160406042,-0.455585606679851,064,"Y51","Q35","00","KB","MA"
"MK417AB",10,52.1571512973076,-0.455162768517253,064,"Y51","Q35","00","KB","MA"
"MK417AD",10,52.1577999054155,-0.455257263730775,064,"Y51","Q35","00","KB","MA"
"MK417AE",10,52.1573843969565,-0.456485002193472,064,"Y51","Q35","00","KB","MA"
"MK417AF",10,52.158176969292,-0.4586504324298,064,"Y51","Q35","00","KB","MA"
"MK417AG",10,52.1583697312745,-0.45757658359929,064,"Y51","Q35","00","KB","MA"
"MK417AH",10,52.15973076713,-0.459897890298232,064,"Y51","Q35","00","KB","MA"
"MK417AJ",10,52.1591500527861,-0.459493975316153,064,"Y51","Q35","00","KB","MA"
"MK417AL",10,52.1589553903438,-0.463871845385862,064,"Y51","Q35","00","KB","MA"
"MK417AN",10,52.159465705283,-0.460945016770847,064,"Y51","Q35","00","KB","MA"
"MK417AP",10,52.1598542522276,-0.46109242888932,064,"Y51","Q35","00","KB","MA"
"MK417AQ",10,52.1591774240061,-0.458148054173364,064,"Y51","Q35","00","KB","MA"
"MK417AR",10,52.1598847703973,-0.462743383436578,064,"Y51","Q35","00","KB","MA"
"MK417AS",10,52.159284828513,-0.464313702801206,064,"Y51","Q35","00","KB","MA"
"MK417AT",10,52.1594406056808,-0.465229362281792,064,"Y51","Q35","00","KB","MA"
"MK417AU",10,52.1594406056808,-0.465229362281792,064,"Y51","Q35","00","KB","MA"
"MK417AW",10,52.1591954570283,-0.462284695531711,064,"Y51","Q35","00","KB","MA"
"MK417AX",10,52.1607908756831,-0.463969468712969,064,"Y51","Q35","00","KB","MA"
"MK417AY",10,52.1600344272397,-0.463878554291255,064,"Y51","Q35","00","KB","MA"
"MK417AZ",10,52.1599427978188,-0.464437251780616,064,"Y51","Q35","00","KB","MA"
"MK417BA",10,52.1600568696907,-0.465602892532916,064,"Y51","Q35","00","KB","MA"
"MK417BB",10,52.1585863825043,-0.455580894599821,064,"Y51","Q35","00","KB","MA"
"MK417BD",10,52.1606892590462,-0.465142550457112,064,"Y51","Q35","00","KB","MA"
"MK417BG",10,52.1586664672782,-0.463779458322568,064,"Y51","Q35","00","KB","MA"
"MK417BH",10,52.1591346748818,-0.461760495988339,064,"Y51","Q35","00","KB","MA"
"MK417BJ",10,52.1511872940526,-0.474984789891098,064,"Y51","Q35","00","KB","ML"
"MK417BL",10,52.1586583528167,-0.461776917047185,064,"Y51","Q35","00","KB","MA"
"MK417BN",10,52.1580871725483,-0.462103605512995,064,"Y51","Q35","00","KB","MA"
"MK417BP",10,52.1581321668711,-0.460727872614495,064,"Y51","Q35","00","KB","MA"
"MK417BQ",10,52.1586380232924,-0.462976385964935,064,"Y51","Q35","00","KB","MA"
"MK417BS",10,52.1571421079589,-0.463407998347119,064,"Y51","Q35","00","KB","MA"
"MK417BT",10,52.1564283812129,-0.461766078152898,064,"Y51","Q35","00","KB","MA"
"MK417BU",10,52.1584513200353,-0.460380624168333,064,"Y51","Q35","00","KB","MA"
"MK417BW",10,52.1573848939719,-0.460651319783617,064,"Y51","Q35","00","KB","MA"
"MK417BX",10,52.1574811224905,-0.459069175322817,064,"Y51","Q35","00","KB","MA"
"MK417BY",10,52.1581890112966,-0.458883920162231,064,"Y51","Q35","00","KB","MA"
"MK417BZ",10,52.1583392964197,-0.459375776549604,064,"Y51","Q35","00","KB","MA"
"MK417DA",10,52.1585213304975,-0.459544920378519,064,"Y51","Q35","00","KB","MA"
"MK417DB",10,52.1590557731709,-0.459848092752417,064,"Y51","Q35","00","KB","MA"
"MK417DD",10,52.1587672287676,-0.459784956787249,064,"Y51","Q35","00","KB","MA"
"MK417DE",10,52.1590792798345,-0.460271240220516,064,"Y51","Q35","00","KB","MA"
"MK417DH",10,52.1554655210037,-0.458261691577711,064,"Y51","Q35","00","KB","MA"
"MK417DP",10,52.1430715093732,-0.474545944445849,064,"Y51","Q35","00","KB","ML"
"MK417DS",10,52.1549157739454,-0.458163741238776,064,"Y51","Q35","00","KB","MA"
"MK417DT",10,52.1547825097273,-0.456224169140893,064,"Y51","Q35","00","KB","MA"
"MK417DU",10,52.1542876116345,-0.458945564785592,064,"Y51","Q35","00","KB","MA"
"MK417DW",10,52.1344263755372,-0.475586431539319,064,"Y51","Q35","00","KB","MD"
"MK417DX",10,52.1557792413349,-0.464390491534714,064,"Y51","Q35","00","KB","MA"
"MK417DY",10,52.1562449087229,-0.463555839956312,064,"Y51","Q35","00","KB","MA"
"MK417DZ",10,52.1560539667919,-0.462012877132777,064,"Y51","Q35","00","KB","MA"
"MK417EA",10,52.1567741684118,-0.460014554947602,064,"Y51","Q35","00","KB","MA"
"MK417EB",10,52.1584441202596,-0.456389867569476,064,"Y51","Q35","00","KB","MA"
"MK417ED",10,52.1599187812727,-0.455710209023671,064,"Y51","Q35","00","KB","MA"
"MK417EE",10,52.1588839095478,-0.454956589131838,064,"Y51","Q35","00","KB","MA"
"MK417EF",10,52.1603071278926,-0.454468714159271,064,"Y51","Q35","00","KB","MA"
"MK417EG",10,52.1609046925668,-0.455471405543249,064,"Y51","Q35","00","KB","MA"
"MK417EJ",10,52.1606650950807,-0.457775008117876,064,"Y51","Q35","00","KB","MA"
"MK417EL",10,52.1601635409359,-0.456549676122475,064,"Y51","Q35","00","KB","MA"
"MK417EN",10,52.1593743893406,-0.456708549235607,064,"Y51","Q35","00","KB","MA"
"MK417EP",10,52.1589108788575,-0.457016965710671,064,"Y51","Q35","00","KB","MA"
"MK417EQ",10,52.1612106428454,-0.456864331693741,064,"Y51","Q35","00","KB","MA"
"MK417ER",10,52.1601962236621,-0.458361381121698,064,"Y51","Q35","00","KB","MA"
"MK417ES",10,52.1601511057374,-0.457661198007943,064,"Y51","Q35","00","KB","MA"
"MK417ET",10,52.1602306321244,-0.458930358612218,064,"Y51","Q35","00","KB","MA"
"MK417EU",10,52.1598631116441,-0.459016150290107,064,"Y51","Q35","00","KB","MA"
"MK417EW",10,52.1590913814964,-0.457756306940624,064,"Y51","Q35","00","KB","MA"
"MK417EY",10,52.1576964613993,-0.456971247388068,064,"Y51","Q35","00","KB","MA"
"MK417FB",10,52.1594906273852,-0.458722007301354,064,"Y51","Q35","00","KB","MA"
"MK417FD",10,52.1689896739851,-0.459739055248711,064,"Y51","Q35","00","KB","MK"
"MK417FE",10,52.1512143524768,-0.470131129959908,064,"Y51","Q35","00","KB","MA"
"MK417FF",10,52.1520016299905,-0.469826421555875,064,"Y51","Q35","00","KB","MA"
"MK417FG",10,52.1686898671925,-0.458813573192408,064,"Y51","Q35","00","KB","MK"
"MK417FH",10,52.1698332544036,-0.46168400087278,064,"Y51","Q35","00","KB","MK"
"MK417FJ",10,52.1691386636703,-0.458066937002091,064,"Y51","Q35","00","KB","MK"
"MK417FL",10,52.1699424864918,-0.46040804704739,064,"Y51","Q35","00","KB","MK"
"MK417FN",10,52.1344263755372,-0.475586431539319,064,"Y51","Q35","00","KB","MD"
"MK417FP",30,52.1697411438004,-0.460137164577186,064,"Y51","Q35","00","KB","MK"
"MK417FQ",10,52.1689833979894,-0.457882211799053,064,"Y51","Q35","00","KB","MK"
"MK417FR",10,52.169157599909,-0.457452134006182,064,"Y51","Q35","00","KB","MK"
"MK417GA",10,52.1678575638616,-0.462556356985258,064,"Y51","Q35","00","KB","MK"
"MK417GB",10,52.1684852586532,-0.46380686555885,064,"Y51","Q35","00","KB","MK"
"MK417GD",10,52.1688566666283,-0.462638898494115,064,"Y51","Q35","00","KB","MK"
"MK417GE",10,52.167850443921,-0.463390064516038,064,"Y51","Q35","00","KB","MK"
"MK417GF",10,52.1678528582154,-0.460816483876252,064,"Y51","Q35","00","KB","MK"
"MK417GG",10,52.1672057804225,-0.46083881230921,064,"Y51","Q35","00","KB","MK"
"MK417HH",10,52.153501466067,-0.460712187335892,064,"Y51","Q35","00","KB","MA"
"MK417HJ",10,52.1542820187158,-0.460582940273266,064,"Y51","Q35","00","KB","MA"
"MK417HL",10,52.1543029837336,-0.462190164480092,064,"Y51","Q35","00","KB","MA"
"MK417HN",10,52.1545823130649,-0.462926046302298,064,"Y51","Q35","00","KB","MA"
"MK417HP",10,52.1546201670628,-0.465833685197957,064,"Y51","Q35","00","KB","MA"
"MK417HR",10,52.1556452815997,-0.465842296935373,064,"Y51","Q35","00","KB","MA"
"MK417HS",10,52.1555025065447,-0.467309014227027,064,"Y51","Q35","00","KB","MA"
"MK417HT",10,52.1545655554037,-0.467165780728913,064,"Y51","Q35","00","KB","MA"
"MK417HU",10,52.1554631969924,-0.468435955981126,064,"Y51","Q35","00","KB","MA"
"MK417HW",10,52.154876286423,-0.464787010371442,064,"Y51","Q35","00","KB","MA"
"MK417HX",10,52.1565121146741,-0.467508231646149,064,"Y51","Q35","00","KB","MA"
"MK417HY",10,52.1554136734644,-0.47016258608657,064,"Y51","Q35","00","KB","MA"
"MK417HZ",10,52.1552276738011,-0.469686568769992,064,"Y51","Q35","00","KB","MA"
"MK417JA",10,52.1574865753801,-0.465004197891817,064,"Y51","Q35","00","KB","MA"
"MK417JB",10,52.1573678871733,-0.464175014738657,064,"Y51","Q35","00","KB","MA"
"MK417JD",10,52.1580117324184,-0.463904332369547,064,"Y51","Q35","00","KB","MA"
"MK417JE",10,52.1584405521578,-0.465073713183991,064,"Y51","Q35","00","KB","MA"
"MK417JF",10,52.1603132634973,-0.465959566701732,064,"Y51","Q35","00","KB","MA"
"MK417JN",10,52.1506944831456,-0.45645327216758,064,"Y51","Q35","00","KB","MA"
"MK417JP",10,52.1537690603358,-0.456420020175521,064,"Y51","Q35","00","KB","MA"
"MK417JR",10,52.1505877792291,-0.45517071074256,064,"Y51","Q35","00","KB","MA"
"MK417JS",10,52.1510623751741,-0.45777066404412,064,"Y51","Q35","00","KB","MA"
"MK417JT",10,52.1523113625027,-0.459773892011283,064,"Y51","Q35","00","KB","MA"
"MK417JU",10,52.1525316541732,-0.459430095524039,064,"Y51","Q35","00","KB","MA"
"MK417JW",10,52.1521857843386,-0.45635784422008,064,"Y51","Q35","00","KB","MA"
"MK417JX",10,52.1522731639052,-0.457538802687745,064,"Y51","Q35","00","KB","MA"
"MK417JY",10,52.1526808252058,-0.458460212603914,064,"Y51","Q35","00","KB","MA"
"MK417JZ",10,52.1535321361779,-0.457553759214215,064,"Y51","Q35","00","KB","MA"
"MK417LA",10,52.1539030706688,-0.45910501947008,064,"Y51","Q35","00","KB","MA"
"MK417LB",10,52.164017511298,-0.456986554368033,064,"Y51","Q35","00","KB","MA"
"MK417LE",10,52.1541551350243,-0.476432842468287,064,"Y51","Q35","00","KB","ML"
"MK417LG",10,52.1428721687206,-0.475122699115581,064,"Y51","Q35","00","KB","ML"
"MK417LH",10,52.1466080103279,-0.476164298581335,064,"Y51","Q35","00","KB","ML"
"MK417LJ",10,52.1465495562982,-0.475815530672315,064,"Y51","Q35","00","KB","ML"
"MK417LP",10,52.1475294317481,-0.476498229936226,064,"Y51","Q35","00","KB","ML"
"MK417LQ",10,52.1456991617175,-0.476107633680495,064,"Y51","Q35","00","KB","ML"
"MK417LR",10,52.1483472021241,-0.475768763563742,064,"Y51","Q35","00","KB","ML"
"MK417LS",10,52.1488215621026,-0.474904843748446,064,"Y51","Q35","00","KB","ML"
"MK417LT",10,52.1482783580323,-0.474616473612117,064,"Y51","Q35","00","KB","ML"
"MK417LU",10,52.1488093809158,-0.473268281130238,064,"Y51","Q35","00","KB","ML"
"MK417LW",10,52.148962184462,-0.478831723554562,064,"Y51","Q35","00","KB","ML"
"MK417LY",10,52.1474878734924,-0.473284249757164,064,"Y51","Q35","00","KB","ML"
"MK417LZ",10,52.1465743640108,-0.47495238989384,064,"Y51","Q35","00","KB","ML"
"MK417NA",10,52.1469895019928,-0.473681292445755,064,"Y51","Q35","00","KB","ML"
"MK417NB",10,52.1481478121524,-0.474255543173036,064,"Y51","Q35","00","KB","ML"
"MK417ND",10,52.1476060123852,-0.474770988914687,064,"Y51","Q35","00","KB","ML"
"MK417NE",10,52.147744817833,-0.47229622069751,064,"Y51","Q35","00","KB","ML"
"MK417NG",10,52.147971005576,-0.473793887185828,064,"Y51","Q35","00","KB","ML"
"MK417NH",10,52.1472088493357,-0.478131475560783,064,"Y51","Q35","00","KB","ML"
"MK417NJ",10,52.1485975640159,-0.471492396614692,064,"Y51","Q35","00","KB","ML"
"MK417NL",10,52.1495800168401,-0.473066527813017,064,"Y51","Q35","00","KB","ML"
"MK417NP",10,52.1502969142446,-0.471492666868717,064,"Y51","Q35","00","KB","ML"
"MK417NQ",10,52.1482867030105,-0.472482294483565,064,"Y51","Q35","00","KB","ML"
"MK417NR",10,52.1489082422002,-0.471876387497339,064,"Y51","Q35","00","KB","ML"
"MK417NS",10,52.1499975004094,-0.472672222492079,064,"Y51","Q35","00","KB","ML"
"MK417NT",10,52.1480304781247,-0.481187358193792,064,"Y51","Q35","00","KB","ML"
"MK417NU",10,52.148962184462,-0.478831723554562,064,"Y51","Q35","00","KB","ML"
"MK417NW",10,52.1491645190087,-0.471531445565183,064,"Y51","Q35","00","KB","ML"
"MK417NX",10,52.1495857763894,-0.474206389499996,064,"Y51","Q35","00","KB","ML"
"MK417NY",10,52.1482591003178,-0.476604866847373,064,"Y51","Q35","00","KB","ML"
"MK417NZ",10,52.1488227729336,-0.475694060150258,064,"Y51","Q35","00","KB","ML"
"MK417PB",10,52.1544375148382,-0.476715556392182,064,"Y51","Q35","00","KB","ML"
"MK417PD",10,52.1544904225078,-0.475939010218452,064,"Y51","Q35","00","KB","ML"
"MK417PE",10,52.1535953955754,-0.475560287367716,064,"Y51","Q35","00","KB","ML"
"MK417PF",10,52.1552914226569,-0.475999362263841,064,"Y51","Q35","00","KB","ML"
"MK417PG",10,52.1540267415013,-0.476934223778263,064,"Y51","Q35","00","KB","ML"
"MK417PH",10,52.1511872940526,-0.474984789891098,064,"Y51","Q35","00","KB","ML"
"MK417PJ",10,52.1468130332216,-0.484400282700555,064,"Y51","Q35","00","KB","ML"
"MK417PL",10,52.154719689273,-0.473504622606948,064,"Y51","Q35","00","KB","ML"
"MK417PN",10,52.1443849277897,-0.480171462966132,064,"Y51","Q35","00","KB","ML"
"MK417PP",10,52.1424157803502,-0.475985886617945,064,"Y51","Q35","00","KB","ML"
"MK417PQ",10,52.1538454662875,-0.47334449787308,064,"Y51","Q35","00","KB","ML"
"MK417PR",10,52.1488072078138,-0.472406018321016,064,"Y51","Q35","00","KB","ML"
"MK417PT",10,52.1548090819475,-0.474159367991032,064,"Y51","Q35","00","KB","ML"
"MK417PW",10,52.1431581558324,-0.477772683996545,064,"Y51","Q35","00","KB","ML"
"MK417PX",10,52.1505912135488,-0.477563037806065,064,"Y51","Q35","00","KB","ML"
"MK417PY",10,52.1498879297148,-0.455969595770487,064,"Y51","Q35","00","KB","MA"
"MK417PZ",10,52.1499343673247,-0.458832780006877,064,"Y51","Q35","00","KB","MA"
"MK417QA",10,52.1510231559215,-0.458897500074113,064,"Y51","Q35","00","KB","MA"
"MK417QB",10,52.1524178261741,-0.46104190442972,064,"Y51","Q35","00","KB","MA"
"MK417QD",10,52.1522185533093,-0.461618839708869,064,"Y51","Q35","00","KB","MA"
"MK417QE",10,52.1534554830381,-0.462701743222908,064,"Y51","Q35","00","KB","MA"
"MK417QF",10,52.1543410458593,-0.465112395346094,064,"Y51","Q35","00","KB","MA"
"MK417QG",10,52.1541496739304,-0.466990035999275,064,"Y51","Q35","00","KB","MA"
"MK417QH",10,52.1508253687993,-0.472029997921117,064,"Y51","Q35","00","KB","ML"
"MK417QJ",10,52.1531202972739,-0.469422633735228,064,"Y51","Q35","00","KB","MA"
"MK417QL",10,52.1535542965538,-0.46822373604354,064,"Y51","Q35","00","KB","MA"
"MK417QN",10,52.1533223484653,-0.463524902539031,064,"Y51","Q35","00","KB","MA"
"MK417QP",10,52.1521006973584,-0.46292381342585,064,"Y51","Q35","00","KB","MA"
"MK417QQ",10,52.1536583946251,-0.469316474044826,064,"Y51","Q35","00","KB","MA"
"MK417QR",10,52.1517469586713,-0.462687509494384,064,"Y51","Q35","00","KB","MA"
"MK417QS",10,52.1521865816052,-0.465376512462312,064,"Y51","Q35","00","KB","MA"
"MK417QT",10,52.1524803802691,-0.468611405511061,064,"Y51","Q35","00","KB","MA"
"MK417QU",10,52.1526022857065,-0.467613257336457,064,"Y51","Q35","00","KB","MA"
"MK417QW",10,52.1524895813579,-0.463787446347888,064,"Y51","Q35","00","KB","MA"
"MK417QX",10,52.1530771760701,-0.464030331496217,064,"Y51","Q35","00","KB","MA"
"MK417QY",10,52.1531689255232,-0.466936021477915,064,"Y51","Q35","00","KB","MA"
"MK417QZ",10,52.1501085190452,-0.460463795839381,064,"Y51","Q35","00","KB","MA"
"MK417RB",10,52.1465411038907,-0.482831081934065,064,"Y51","Q35","00","KB","ML"
"MK417RE",10,52.1443916948257,-0.470262646756374,064,"Y51","Q35","00","KB","ML"
"MK417RF",10,52.145254093414,-0.470203865404089,064,"Y51","Q35","00","KB","ML"
"MK417RG",10,52.1449195866147,-0.470756069105416,064,"Y51","Q35","00","KB","ML"
"MK417RH",10,52.1469965052874,-0.471444913459584,064,"Y51","Q35","00","KB","ML"
"MK417RL",10,52.146002704518,-0.471771242494369,064,"Y51","Q35","00","KB","ML"
"MK417RN",10,52.1461140490216,-0.47134359556215,064,"Y51","Q35","00","KB","ML"
"MK417RP",10,52.1442397737786,-0.471027800842153,064,"Y51","Q35","00","KB","ML"
"MK417RQ",10,52.1460991914384,-0.470891039362616,064,"Y51","Q35","00","KB","ML"
"MK417RR",10,52.1442091263802,-0.471438053127832,064,"Y51","Q35","00","KB","ML"
"MK417RS",10,52.1460183156146,-0.472282232059346,064,"Y51","Q35","00","KB","ML"
"MK417RT",10,52.1460249372248,-0.472793529496035,064,"Y51","Q35","00","KB","ML"
"MK417RU",10,52.1444470471205,-0.473841291954295,064,"Y51","Q35","00","KB","ML"
"MK417RW",10,52.1449877106687,-0.471849833089621,064,"Y51","Q35","00","KB","ML"
"MK417RX",10,52.1446895146931,-0.473818388342647,064,"Y51","Q35","00","KB","ML"
"MK417RY",10,52.144943626685,-0.47261130233953,064,"Y51","Q35","00","KB","ML"
"MK417RZ",10,52.1439770690513,-0.472264399619241,064,"Y51","Q35","00","KB","ML"
"MK417SA",10,52.1437481646645,-0.476115773868276,064,"Y51","Q35","00","KB","ML"
"MK417SB",10,52.1431999963979,-0.473357816545763,064,"Y51","Q35","00","KB","ML"
"MK417SD",10,52.1438572023839,-0.473423028265899,064,"Y51","Q35","00","KB","ML"
"MK417SE",10,52.1437904084561,-0.473819896718558,064,"Y51","Q35","00","KB","ML"
"MK417SG",10,52.1431113439562,-0.474150004933574,064,"Y51","Q35","00","KB","ML"
"MK417SH",10,52.144569821765,-0.474991639705029,064,"Y51","Q35","00","KB","ML"
"MK417SJ",10,52.1438186668287,-0.475309583856529,064,"Y51","Q35","00","KB","ML"
"MK417SL",10,52.1428742726043,-0.473895056498377,064,"Y51","Q35","00","KB","ML"
"MK417SQ",10,52.143756621319,-0.474683291149123,064,"Y51","Q35","00","KB","ML"
"MK417SR",10,52.1344263755372,-0.475586431539319,064,"Y51","Q35","00","KB","MD"
"MK417SS",10,52.147885305521,-0.465802091418553,064,"Y51","Q35","00","KB","MG"
"MK417ST",10,52.1666746378354,-0.458722362300711,064,"Y51","Q35","00","KB","MA"
"MK417SU",10,52.1669526676598,-0.458668889967722,064,"Y51","Q35","00","KB","MA"
"MK417SX",10,52.1669129077355,-0.45769060035504,064,"Y51","Q35","00","KB","MA"
"MK417SY",10,52.1666907192118,-0.456513919198641,064,"Y51","Q35","00","KB","MA"
"MK417SZ",10,52.1645953204474,-0.459920027257068,064,"Y51","Q35","00","KB","MA"
"MK417TA",10,52.1448241115631,-0.469634016751728,064,"Y51","Q35","00","KB","ML"
"MK417TB",10,52.1462241495077,-0.470126776843949,064,"Y51","Q35","00","KB","ML"
"MK417TD",10,52.1472589011368,-0.46949208257575,064,"Y51","Q35","00","KB","MG"
"MK417TE",10,52.1433853103162,-0.470311744866412,064,"Y51","Q35","00","KB","ML"
"MK417TF",10,52.1438263356897,-0.469653606117191,064,"Y51","Q35","00","KB","ML"
"MK417TG",10,52.1437167024462,-0.470212704647702,064,"Y51","Q35","00","KB","ML"
"MK417TH",10,52.1434201394523,-0.47161120836824,064,"Y51","Q35","00","KB","ML"
"MK417TJ",10,52.1432245974438,-0.47248013200367,064,"Y51","Q35","00","KB","ML"
"MK417TL",10,52.1498058569999,-0.476625156449385,064,"Y51","Q35","00","KB","ML"
"MK417TN",10,52.1425983127604,-0.474109083415887,064,"Y51","Q35","00","KB","ML"
"MK417TP",10,52.162486236069,-0.454714873397204,064,"Y51","Q35","00","KB","MA"
"MK417TQ",10,52.1437160501487,-0.470855752676535,064,"Y51","Q35","00","KB","ML"
"MK417TR",10,52.1613813879032,-0.454797001314673,064,"Y51","Q35","00","KB","MA"
"MK417TS",10,52.1615670647677,-0.455243793478836,064,"Y51","Q35","00","KB","MA"
"MK417TT",10,52.162759498105,-0.456357523112888,064,"Y51","Q35","00","KB","MA"
"MK417TU",10,52.1615498616608,-0.456677157776876,064,"Y51","Q35","00","KB","MA"
"MK417TW",10,52.1423741117844,-0.47345912618855,064,"Y51","Q35","00","KB","ML"
"MK417TX",10,52.1624468408535,-0.458576018580815,064,"Y51","Q35","00","KB","MA"
"MK417TY",10,52.1618534811572,-0.459269047644187,064,"Y51","Q35","00","KB","MA"
"MK417TZ",10,52.162029248618,-0.463093479574233,064,"Y51","Q35","00","KB","MA"
"MK417UA",10,52.1606187364843,-0.461109919751611,064,"Y51","Q35","00","KB","MA"
"MK417UB",10,52.1603399675891,-0.460417790056076,064,"Y51","Q35","00","KB","MA"
"MK417UD",10,52.1600691212672,-0.462400781156689,064,"Y51","Q35","00","KB","MA"
"MK417UE",10,52.1607580883748,-0.462143120416837,064,"Y51","Q35","00","KB","MA"
"MK417UF",10,52.1344263755372,-0.475586431539319,064,"Y51","Q35","00","KB","MD"
"MK417UG",10,52.162924443047,-0.460723355687821,064,"Y51","Q35","00","KB","MA"
"MK417UH",10,52.1621276331535,-0.46098477181838,064,"Y51","Q35","00","KB","MA"
"MK417UJ",10,52.1613830300048,-0.46111279749108,064,"Y51","Q35","00","KB","MA"
"MK417UL",10,52.1621202999992,-0.462490912133697,064,"Y51","Q35","00","KB","MA"
"MK417UN",10,52.1642122819128,-0.460883612840232,064,"Y51","Q35","00","KB","MA"
"MK417UP",10,52.1647515821647,-0.458116233221582,064,"Y51","Q35","00","KB","MA"
"MK417UQ",10,52.1619901787189,-0.460097679751955,064,"Y51","Q35","00","KB","MA"
"MK417UR",10,52.1617699460437,-0.457692955610465,064,"Y51","Q35","00","KB","MA"
"MK417UT",10,52.1622166292029,-0.455411366295045,064,"Y51","Q35","00","KB","MA"
"MK417UU",10,52.1605799714185,-0.459517702660063,064,"Y51","Q35","00","KB","MA"
"MK417UW",10,52.1646040697329,-0.46127948581419,064,"Y51","Q35","00","KB","MA"
"MK417UX",10,52.1624179648805,-0.454307867617868,064,"Y51","Q35","00","KB","MA"
"MK417UY",10,52.1629287242002,-0.456921868741166,064,"Y51","Q35","00","KB","MA"
"MK417WD",10,52.1344263755372,-0.475586431539319,064,"Y51","Q35","00","KB","MD"
"MK417WJ",10,52.1344263755372,-0.475586431539319,064,"Y51","Q35","00","KB","MD"
"MK417WL",10,52.1344263755372,-0.475586431539319,064,"Y51","Q35","00","KB","MD"
"MK417WP",10,52.1344263755372,-0.475586431539319,064,"Y51","Q35","00","KB","MD"
"MK417WU",10,52.1344263755372,-0.475586431539319,064,"Y51","Q35","00","KB","MD"
"MK417XA",10,52.1645682819143,-0.461982531515587,064,"Y51","Q35","00","KB","MA"
"MK417XB",10,52.1656679021064,-0.456680902889907,064,"Y51","Q35","00","KB","MA"
"MK417XD",10,52.1662811326415,-0.456133307408271,064,"Y51","Q35","00","KB","MA"
"MK417XE",10,52.1660514361998,-0.45988437679865,064,"Y51","Q35","00","KB","MA"
"MK417XF",10,52.1661365373372,-0.4595158989519,064,"Y51","Q35","00","KB","MA"
"MK417XG",10,52.1640637192523,-0.460523215792299,064,"Y51","Q35","00","KB","MA"
"MK417XH",10,52.1667143449576,-0.461075096093016,064,"Y51","Q35","00","KB","MA"
"MK417XJ",10,52.1659180767919,-0.462067586433742,064,"Y51","Q35","00","KB","MA"
"MK417XL",10,52.1659444964954,-0.461335599591074,064,"Y51","Q35","00","KB","MA"
"MK417XN",10,52.1656929430531,-0.455159406069938,064,"Y51","Q35","00","KB","MA"
"MK417XP",10,52.1652516902377,-0.461988211780579,064,"Y51","Q35","00","KB","MA"
"MK417XQ",10,52.1633028816473,-0.460096230682684,064,"Y51","Q35","00","KB","MA"
"MK417XR",10,52.1654035952657,-0.459848258273749,064,"Y51","Q35","00","KB","MA"
"MK417XS",10,52.1652469535373,-0.460935642125167,064,"Y51","Q35","00","KB","MA"
"MK417XT",10,52.1655035223758,-0.461994150499935,064,"Y51","Q35","00","KB","MA"
"MK417XU",10,52.1658377293239,-0.462801430710081,064,"Y51","Q35","00","KB","MA"
"MK417XW",10,52.1661673225365,-0.453622330481613,064,"Y51","Q35","00","KB","MA"
"MK417XX",10,52.1659445222148,-0.460648387229096,064,"Y51","Q35","00","KB","MA"
"MK417XY",10,52.165987594458,-0.454315773690834,064,"Y51","Q35","00","KB","MA"
"MK417YA",10,52.1651039449488,-0.460311862520785,064,"Y51","Q35","00","KB","MA"
"MK417YB",10,52.1641155943358,-0.454863127037506,064,"Y51","Q35","00","KB","MA"
"MK417YD",10,52.1648881163614,-0.455494322571778,064,"Y51","Q35","00","KB","MA"
"MK417YF",10,52.1641858578381,-0.451307800717475,064,"Y51","Q35","00","KB","MA"
"MK417YG",10,52.1665998884506,-0.455756731460215,064,"Y51","Q35","00","KB","MA"
"MK417YH",10,52.1647247571227,-0.452634236547751,064,"Y51","Q35","00","KB","MA"
"MK417YJ",10,52.1645314818145,-0.454351605823152,064,"Y51","Q35","00","KB","MA"
"MK417YL",10,52.1620408721122,-0.453663021023708,064,"Y51","Q35","00","KB","MA"
"MK417YN",10,52.1641151990465,-0.458957000509395,064,"Y51","Q35","00","KB","MA"
"MK417YP",10,52.1628407113859,-0.452948133356068,064,"Y51","Q35","00","KB","MA"
"MK417YQ",10,52.1643140313009,-0.452853177165558,064,"Y51","Q35","00","KB","MA"
"MK417YR",10,52.1634048499181,-0.455516433942806,064,"Y51","Q35","00","KB","MA"
"MK417YS",10,52.1651820013003,-0.458715449612826,064,"Y51","Q35","00","KB","MA"
"MK417YT",10,52.1659044248885,-0.458266464769722,064,"Y51","Q35","00","KB","MA"
"MK417YU",10,52.1660453610095,-0.457355057045764,064,"Y51","Q35","00","KB","MA"
"MK417YW",10,52.1641209510145,-0.458021062484052,064,"Y51","Q35","00","KB","MA"
"MK417YX",10,52.1655862503679,-0.457312448440836,064,"Y51","Q35","00","KB","MA"
"MK417YY",10,52.1645636263731,-0.45680683302538,064,"Y51","Q35","00","KB","MA"
"MK417YZ",10,52.1639995341715,-0.455612812422584,064,"Y51","Q35","00","KB","MA"
"MK418AA",10,52.1560775865534,-0.453504217451029,064,"Y51","Q35","00","KB","MA"
"MK418AB",10,52.1557856193886,-0.454552228272994,064,"Y51","Q35","00","KB","MA"
"MK418AD",10,52.1578914794736,-0.454011487731106,064,"Y51","Q35","00","KB","MA"
"MK418AE",10,52.1581148016142,-0.453214325973127,064,"Y51","Q35","00","KB","MA"
"MK418AF",10,52.1600015113836,-0.452417939198304,064,"Y51","Q35","00","KB","MA"
"MK418AG",10,52.159665960041,-0.453569897051482,064,"Y51","Q35","00","KB","MA"
"MK418AH",10,52.1641098967764,-0.450316214095088,064,"Y51","Q35","00","KB","MU"
"MK418AJ",10,52.1550279846475,-0.452999727536444,064,"Y51","Q35","00","KB","MA"
"MK418AL",10,52.164942781963,-0.44938076546047,064,"Y51","Q35","00","KB","MK"
"MK418AN",10,52.1679415100039,-0.447682700714918,064,"Y51","Q35","00","KB","MK"
"MK418AP",10,52.1581564576877,-0.452277267136058,064,"Y51","Q35","00","KB","MU"
"MK418AQ",10,52.1615757738892,-0.451793148112735,064,"Y51","Q35","00","KB","MA"
"MK418AR",10,52.1571955089338,-0.450307840650349,064,"Y51","Q35","00","KB","MU"
"MK418AS",10,52.1574382299123,-0.448252785739276,064,"Y51","Q35","00","KB","MU"
"MK418AT",10,52.1575737003934,-0.449666097885303,064,"Y51","Q35","00","KB","MU"
"MK418AU",10,52.1581553263165,-0.448768750046433,064,"Y51","Q35","00","KB","MU"
"MK418AW",10,52.1566596258249,-0.452636173227942,064,"Y51","Q35","00","KB","MU"
"MK418AX",10,52.1585057494053,-0.450803241472723,064,"Y51","Q35","00","KB","MU"
"MK418AY",10,52.1600984265643,-0.451581259316321,064,"Y51","Q35","00","KB","MU"
"MK418AZ",10,52.1587508261087,-0.449610578699849,064,"Y51","Q35","00","KB","MU"
"MK418BA",10,52.1590262019039,-0.450039588231836,064,"Y51","Q35","00","KB","MU"
"MK418BB",10,52.1603257284184,-0.450403795194212,064,"Y51","Q35","00","KB","MU"
"MK418BD",10,52.160621499024,-0.449647913092458,064,"Y51","Q35","00","KB","MU"
"MK418BE",10,52.1567982563548,-0.428437654156074,064,"Y51","Q35","00","KB","MU"
"MK418BG",10,52.1581147124775,-0.433449463113174,064,"Y51","Q35","00","KB","MU"
"MK418BH",10,52.1577322572217,-0.429705838748151,064,"Y51","Q35","00","KB","MU"
"MK418BJ",10,52.166778074916,-0.446728905584136,064,"Y51","Q35","00","KB","MK"
"MK418BL",10,52.1526883313538,-0.450113539785762,064,"Y51","Q35","00","KB","MU"
"MK418BN",10,52.1535838516543,-0.4512079855207,064,"Y51","Q35","00","KB","MU"
"MK418BP",10,52.1560790529863,-0.451559932627578,064,"Y51","Q35","00","KB","MU"
"MK418BQ",10,52.1574899091694,-0.431088534770138,064,"Y51","Q35","00","KB","MU"
"MK418BS",10,52.1559868133551,-0.450013596353552,064,"Y51","Q35","00","KB","MU"
"MK418BT",10,52.1556236784454,-0.449748464627175,064,"Y51","Q35","00","KB","MU"
"MK418BU",10,52.1547379430157,-0.449399169898965,064,"Y51","Q35","00","KB","MU"
"MK418BW",10,52.154594413129,-0.450792849835928,064,"Y51","Q35","00","KB","MU"
"MK418BX",10,52.1535445708276,-0.449586809165576,064,"Y51","Q35","00","KB","MU"
"MK418BY",10,52.1540657396182,-0.448194644040256,064,"Y51","Q35","00","KB","MU"
"MK418BZ",10,52.1548666030356,-0.448926926255291,064,"Y51","Q35","00","KB","MU"
"MK418DA",10,52.1548923971617,-0.446104771076508,064,"Y51","Q35","00","KB","MU"
"MK418DB",10,52.1561574401896,-0.447946484773605,064,"Y51","Q35","00","KB","MU"
"MK418DD",10,52.1563510097873,-0.446258636242747,064,"Y51","Q35","00","KB","MU"
"MK418DE",10,52.158012588794,-0.447487245443522,064,"Y51","Q35","00","KB","MU"
"MK418DF",10,52.1552654908797,-0.444396086059047,064,"Y51","Q35","00","KB","MU"
"MK418DG",10,52.1560844053837,-0.443768187238657,064,"Y51","Q35","00","KB","MU"
"MK418DH",10,52.1558131729858,-0.442973643744062,064,"Y51","Q35","00","KB","MU"
"MK418DJ",10,52.1565618258031,-0.445198765841927,064,"Y51","Q35","00","KB","MU"
"MK418DL",10,52.1561261795783,-0.442845775456532,064,"Y51","Q35","00","KB","MU"
"MK418DN",10,52.1509703909429,-0.454178153789746,064,"Y51","Q35","00","KB","MA"
"MK418DP",10,52.1542484280006,-0.454576227484655,064,"Y51","Q35","00","KB","MA"
"MK418DQ",10,52.1590981104023,-0.447303281752112,064,"Y51","Q35","00","KB","MU"
"MK418DR",10,52.1542432255364,-0.452807666293014,064,"Y51","Q35","00","KB","MA"
"MK418DS",10,52.1526959162089,-0.453431379266699,064,"Y51","Q35","00","KB","MA"
"MK418DT",10,52.1508227502576,-0.453203956690459,064,"Y51","Q35","00","KB","MA"
"MK418DU",10,52.1522797800709,-0.451867157842131,064,"Y51","Q35","00","KB","MA"
"MK418DW",10,52.1526450713665,-0.454354023141005,064,"Y51","Q35","00","KB","MA"
"MK418DX",10,52.1528266268641,-0.451058857482573,064,"Y51","Q35","00","KB","MU"
"MK418DY",10,52.1642018989206,-0.447739727454621,064,"Y51","Q35","00","KB","MK"
"MK418EA",10,52.1526429499644,-0.442572648222076,064,"Y51","Q35","00","KB","MU"
"MK418EB",10,52.1534553768152,-0.442135007200144,064,"Y51","Q35","00","KB","MU"
"MK418ED",10,52.1535764859369,-0.439733509426142,064,"Y51","Q35","00","KB","MU"
"MK418EE",10,52.1524330893194,-0.438940307376536,064,"Y51","Q35","00","KB","MU"
"MK418EF",10,52.1526790985587,-0.437148402507236,064,"Y51","Q35","00","KB","MJ"
"MK418EG",10,52.1529559801022,-0.438366559728084,064,"Y51","Q35","00","KB","MU"
"MK418EH",10,52.1502665098268,-0.438285265270374,064,"Y51","Q35","00","KB","MJ"
"MK418EJ",10,52.148907519777,-0.438186655287885,064,"Y51","Q35","00","KB","MJ"
"MK418EL",10,52.1485113661002,-0.43611045075906,064,"Y51","Q35","00","KB","MJ"
"MK418EN",10,52.1486622836969,-0.435286672685058,064,"Y51","Q35","00","KB","MJ"
"MK418EP",10,52.149666388931,-0.434389114552171,064,"Y51","Q35","00","KB","MJ"
"MK418EQ",10,52.1515263414776,-0.437685741900103,064,"Y51","Q35","00","KB","MJ"
"MK418ER",10,52.150577937161,-0.436681167102565,064,"Y51","Q35","00","KB","MJ"
"MK418ES",10,52.15185623737,-0.436797177045109,064,"Y51","Q35","00","KB","MJ"
"MK418ET",10,52.1510084275477,-0.435920638203839,064,"Y51","Q35","00","KB","MJ"
"MK418EU",10,52.1508235921895,-0.434187739213711,064,"Y51","Q35","00","KB","MJ"
"MK418EW",10,52.1485416430519,-0.434326254966883,064,"Y51","Q35","00","KB","MJ"
"MK418EX",10,52.1501330684966,-0.435001249053859,064,"Y51","Q35","00","KB","MJ"
"MK418EY",10,52.1502502273385,-0.433667046612422,064,"Y51","Q35","00","KB","MJ"
"MK418HA",10,52.1576853057792,-0.437002302230189,064,"Y51","Q35","00","KB","MU"
"MK418HD",10,52.1535506887765,-0.435071429494629,064,"Y51","Q35","00","KB","MU"
"MK418HE",10,52.1538889033263,-0.440921230054218,064,"Y51","Q35","00","KB","MU"
"MK418HF",10,52.1544313073609,-0.441823200498145,064,"Y51","Q35","00","KB","MU"
"MK418HG",10,52.154351388229,-0.441899079741702,064,"Y51","Q35","00","KB","MU"
"MK418HH",10,52.1532699489083,-0.438311721011491,064,"Y51","Q35","00","KB","MU"
"MK418HJ",10,52.1521291037011,-0.435676725007807,064,"Y51","Q35","00","KB","MJ"
"MK418HL",10,52.1506867146394,-0.433359397024128,064,"Y51","Q35","00","KB","MJ"
"MK418HN",10,52.1497086944083,-0.430806650003994,064,"Y51","Q35","00","KB","MJ"
"MK418HP",10,52.1510839574735,-0.430100545803647,064,"Y51","Q35","00","KB","MU"
"MK418HQ",10,52.1548413456739,-0.440873336765793,064,"Y51","Q35","00","KB","MU"
"MK418HR",10,52.151803852462,-0.430820686789234,064,"Y51","Q35","00","KB","MU"
"MK418HS",10,52.1522712249856,-0.430131867694087,064,"Y51","Q35","00","KB","MU"
"MK418HT",10,52.1518037423405,-0.429461315426795,064,"Y51","Q35","00","KB","MU"
"MK418HU",10,52.1500705555221,-0.430296971211761,064,"Y51","Q35","00","KB","MJ"
"MK418HW",10,52.1505029078889,-0.430354848050611,064,"Y51","Q35","00","KB","MU"
"MK418HX",10,52.1495073279377,-0.432567671434238,064,"Y51","Q35","00","KB","MJ"
"MK418HY",10,52.1483316778986,-0.431381229131985,064,"Y51","Q35","00","KB","MJ"
"MK418HZ",10,52.1488916464925,-0.43089383853074,064,"Y51","Q35","00","KB","MJ"
"MK418JA",10,52.1486390135619,-0.433533581182307,064,"Y51","Q35","00","KB","MJ"
"MK418JB",10,52.1516404487703,-0.434085996349121,064,"Y51","Q35","00","KB","MJ"
"MK418JD",10,52.1534083207879,-0.434506341066858,064,"Y51","Q35","00","KB","MU"
"MK418JE",10,52.152525839511,-0.434405742453237,064,"Y51","Q35","00","KB","MU"
"MK418JF",10,52.1513783915596,-0.432633511596267,064,"Y51","Q35","00","KB","MU"
"MK418JG",10,52.1524345408575,-0.432947231365727,064,"Y51","Q35","00","KB","MU"
"MK418JH",10,52.153404699378,-0.433556333467759,064,"Y51","Q35","00","KB","MU"
"MK418JJ",10,52.1530582016651,-0.432516046794579,064,"Y51","Q35","00","KB","MU"
"MK418JL",10,52.1558403025674,-0.429421578988088,064,"Y51","Q35","00","KB","MU"
"MK418JN",10,52.1523904383179,-0.432334860640766,064,"Y51","Q35","00","KB","MU"
"MK418JP",10,52.1542134585577,-0.432168496749984,064,"Y51","Q35","00","KB","MU"
"MK418JQ",10,52.1531321135418,-0.434019039652684,064,"Y51","Q35","00","KB","MU"
"MK418JR",10,52.1537143588257,-0.437243705615077,064,"Y51","Q35","00","KB","MU"
"MK418JS",10,52.154758340185,-0.439355976354608,064,"Y51","Q35","00","KB","MU"
"MK418JT",10,52.1554938351925,-0.439900361095784,064,"Y51","Q35","00","KB","MU"
"MK418JU",10,52.1554746025949,-0.440485758431285,064,"Y51","Q35","00","KB","MU"
"MK418JW",10,52.1521040696611,-0.431760238373245,064,"Y51","Q35","00","KB","MU"
"MK418JX",10,52.1559798150254,-0.439254784108316,064,"Y51","Q35","00","KB","MU"
"MK418JY",10,52.1555104490531,-0.438437966540179,064,"Y51","Q35","00","KB","MU"
"MK418JZ",10,52.1550144167398,-0.438323762484631,064,"Y51","Q35","00","KB","MU"
"MK418LA",10,52.1555669668659,-0.442032054633873,064,"Y51","Q35","00","KB","MU"
"MK418LB",10,52.1556466070339,-0.441254510727478,064,"Y51","Q35","00","KB","MU"
"MK418LD",10,52.1553834446473,-0.43699521916223,064,"Y51","Q35","00","KB","MU"
"MK418LE",10,52.154564941577,-0.434261116723383,064,"Y51","Q35","00","KB","MU"
"MK418LF",10,52.1541215325441,-0.433370377166611,064,"Y51","Q35","00","KB","MU"
"MK418LG",10,52.1541575465754,-0.434728559216522,064,"Y51","Q35","00","KB","MU"
"MK418LH",10,52.1539086694941,-0.436301373726948,064,"Y51","Q35","00","KB","MU"
"MK418LJ",10,52.1543736745631,-0.436109666708299,064,"Y51","Q35","00","KB","MU"
"MK418LL",10,52.1549679858932,-0.436176546838245,064,"Y51","Q35","00","KB","MU"
"MK418LN",10,52.1546360768558,-0.437591492074027,064,"Y51","Q35","00","KB","MU"
"MK418LP",10,52.1549608569,-0.436995402509204,064,"Y51","Q35","00","KB","MU"
"MK418LQ",10,52.153442771515,-0.435747617217637,064,"Y51","Q35","00","KB","MU"
"MK418LR",10,52.1542965018454,-0.437749558413502,064,"Y51","Q35","00","KB","MU"
"MK418LS",10,52.1569927448032,-0.441061301194708,064,"Y51","Q35","00","KB","MU"
"MK418LT",10,52.1581959614859,-0.440259074525569,064,"Y51","Q35","00","KB","MU"
"MK418LU",10,52.1570174895356,-0.440212556234037,064,"Y51","Q35","00","KB","MU"
"MK418LX",10,52.1583287389536,-0.439421146702152,064,"Y51","Q35","00","KB","MU"
"MK418NA",10,52.1552224810949,-0.432995511322981,064,"Y51","Q35","00","KB","MU"
"MK418NB",10,52.1545467021324,-0.432887680564126,064,"Y51","Q35","00","KB","MU"
"MK418ND",10,52.1562222340642,-0.429744359179964,064,"Y51","Q35","00","KB","MU"
"MK418NH",10,52.1344263755372,-0.475586431539319,064,"Y51","Q35","00","KB","MD"
"MK418NJ",10,52.1555306985936,-0.433861777289679,064,"Y51","Q35","00","KB","MU"
"MK418NL",10,52.1542428195152,-0.452091413113021,064,"Y51","Q35","00","KB","MA"
"MK418NN",10,52.1565255225358,-0.431590234048599,064,"Y51","Q35","00","KB","MU"
"MK418NP",10,52.1581452960257,-0.445275160764566,064,"Y51","Q35","00","KB","MU"
"MK418NR",10,52.1585416931461,-0.445334444284136,064,"Y51","Q35","00","KB","MU"
"MK418NS",10,52.1576175582937,-0.44548359341142,064,"Y51","Q35","00","KB","MU"
"MK418NT",10,52.1574057788816,-0.444423802760266,064,"Y51","Q35","00","KB","MU"
"MK418NU",10,52.1583654753521,-0.444244154423644,064,"Y51","Q35","00","KB","MU"
"MK418NW",10,52.1565320726595,-0.432759482546384,064,"Y51","Q35","00","KB","MU"
"MK418NX",10,52.1568882554753,-0.432498456262162,064,"Y51","Q35","00","KB","MU"
"MK418NY",10,52.1560440517058,-0.432571966185344,064,"Y51","Q35","00","KB","MU"
"MK418PA",10,52.1565407825493,-0.438840464599482,064,"Y51","Q35","00","KB","MU"
"MK418PB",10,52.1568139754917,-0.439781113288764,064,"Y51","Q35","00","KB","MU"
"MK418PD",10,52.1582573212399,-0.438780406886103,064,"Y51","Q35","00","KB","MU"
"MK418PE",10,52.1572417774739,-0.438815939139908,064,"Y51","Q35","00","KB","MU"
"MK418PG",10,52.1557339738365,-0.430214705582461,064,"Y51","Q35","00","KB","MU"
"MK418PQ",10,52.1553867376254,-0.43114786165759,064,"Y51","Q35","00","KB","MU"
"MK418PX",10,52.1592442433437,-0.434550116167127,064,"Y51","Q35","00","KB","MU"
"MK418QA",10,52.1589506462198,-0.442937256254782,064,"Y51","Q35","00","KB","MU"
"MK418QB",10,52.1585206371986,-0.437616282619383,064,"Y51","Q35","00","KB","MU"
"MK418QD",10,52.1584102544105,-0.434038469872838,064,"Y51","Q35","00","KB","MU"
"MK418QE",10,52.1582761070717,-0.430710033262075,064,"Y51","Q35","00","KB","MU"
"MK418QF",10,52.1571286363317,-0.428265212664946,064,"Y51","Q35","00","KB","MU"
"MK418QG",10,52.1568521074443,-0.429780668212714,064,"Y51","Q35","00","KB","MU"
"MK418QH",10,52.1559991915331,-0.433933044537738,064,"Y51","Q35","00","KB","MU"
"MK418QJ",10,52.1571371711587,-0.436349043274465,064,"Y51","Q35","00","KB","MU"
"MK418QL",10,52.1582134925727,-0.436150515726938,064,"Y51","Q35","00","KB","MU"
"MK418QN",10,52.1572206364001,-0.431799700715329,064,"Y51","Q35","00","KB","MU"
"MK418QP",10,52.1565417952262,-0.430785645195704,064,"Y51","Q35","00","KB","MU"
"MK418QQ",10,52.1557980055893,-0.430972601849708,064,"Y51","Q35","00","KB","MU"
"MK418QR",10,52.1579443409773,-0.435516715587002,064,"Y51","Q35","00","KB","MU"
"MK418QS",10,52.1569770989777,-0.433094699090468,064,"Y51","Q35","00","KB","MU"
"MK418QT",10,52.1567913482572,-0.434680026890342,064,"Y51","Q35","00","KB","MU"
"MK418QU",10,52.1568266897777,-0.436666913271751,064,"Y51","Q35","00","KB","MU"
"MK418QW",10,52.1572956609579,-0.434062967617005,064,"Y51","Q35","00","KB","MU"
"MK418QX",10,52.1569918611344,-0.437596718540296,064,"Y51","Q35","00","KB","MU"
"MK418QY",10,52.1565825648728,-0.435886067482151,064,"Y51","Q35","00","KB","MU"
"MK418QZ",10,52.156460929469,-0.436884385897285,064,"Y51","Q35","00","KB","MU"
"MK418RB",10,52.15641374738,-0.436038169270296,064,"Y51","Q35","00","KB","MU"
"MK418RD",10,52.1557686131378,-0.436206962169558,064,"Y51","Q35","00","KB","MU"
"MK418RE",10,52.1559672194509,-0.436945535028273,064,"Y51","Q35","00","KB","MU"
"MK418RF",10,52.155565156563,-0.435103111811954,064,"Y51","Q35","00","KB","MU"
"MK418RG",10,52.1578602285628,-0.442068935545137,064,"Y51","Q35","00","KB","MU"
"MK418RH",10,52.1572221425231,-0.442091214025138,064,"Y51","Q35","00","KB","MU"
"MK418RJ",10,52.1574152725925,-0.443780246656195,064,"Y51","Q35","00","KB","MU"
"MK418RL",10,52.1492713677534,-0.429024243713034,064,"Y51","Q35","00","KB","MJ"
"MK418RN",10,52.1583903832965,-0.441363328193368,064,"Y51","Q35","00","KB","MU"
"MK418RP",10,52.151047961396,-0.451866036233753,064,"Y51","Q35","00","KB","MA"
"MK418RQ",10,52.158237383717,-0.4427136231029,064,"Y51","Q35","00","KB","MU"
"MK418RS",10,52.1502089687953,-0.454394537925993,064,"Y51","Q35","00","KB","MA"
"MK418RW",10,52.158420598477,-0.442970372177988,064,"Y51","Q35","00","KB","MU"
"MK418WB",10,52.1344263755372,-0.475586431539319,064,"Y51","Q35","00","KB","MD"
"MK418WE",10,52.1344263755372,-0.475586431539319,064,"Y51","Q35","00","KB","MD"
"MK418WZ",10,52.1344263755372,-0.475586431539319,064,"Y51","Q35","00","KB","MD"
"MK418YR",10,52.1618700974309,-0.45298179082197,064,"Y51","Q35","00","KB","MA"
"MK418ZN",10,52.1344263755372,-0.475586431539319,064,"Y51","Q35","00","KB","MD"
"MK419AA",10,52.1494194080748,-0.453150277025884,064,"Y51","Q35","00","KB","MU"
"MK419AB",10,52.1506033704754,-0.451559894360577,064,"Y51","Q35","00","KB","MU"
"MK419AD",10,52.1501780959367,-0.451355402798225,064,"Y51","Q35","00","KB","MU"
"MK419AE",10,52.1515956158104,-0.448382849429822,064,"Y51","Q35","00","KB","MU"
"MK419AF",10,52.1524509338029,-0.448470049886845,064,"Y51","Q35","00","KB","MU"
"MK419AG",10,52.1541352968784,-0.445283308271328,064,"Y51","Q35","00","KB","MU"
"MK419AH",10,52.1538781950675,-0.444195945767768,064,"Y51","Q35","00","KB","MU"
"MK419AJ",10,52.151901925632,-0.445697300005781,064,"Y51","Q35","00","KB","MU"
"MK419AL",10,52.1509830425094,-0.446927865054834,064,"Y51","Q35","00","KB","MU"
"MK419AN",10,52.1504047427714,-0.448760427853173,064,"Y51","Q35","00","KB","MU"
"MK419AP",10,52.149381649441,-0.44753899941087,064,"Y51","Q35","00","KB","MU"
"MK419AQ",10,52.1529945686452,-0.446053913186285,064,"Y51","Q35","00","KB","MU"
"MK419AR",10,52.1488579138712,-0.445320976058102,064,"Y51","Q35","00","KB","MU"
"MK419AS",10,52.1484781757752,-0.447891971076862,064,"Y51","Q35","00","KB","MU"
"MK419AT",10,52.1499245594436,-0.445751544113545,064,"Y51","Q35","00","KB","MU"
"MK419AU",10,52.1510556172067,-0.448343155928356,064,"Y51","Q35","00","KB","MU"
"MK419AW",10,52.1498811048283,-0.450649510152386,064,"Y51","Q35","00","KB","MU"
"MK419BD",10,52.142923101211,-0.443233256474828,064,"Y51","Q35","00","KB","MG"
"MK419BE",10,52.142923101211,-0.443233256474828,064,"Y51","Q35","00","KB","MG"
"MK419BG",10,52.1528089177775,-0.444247839494913,064,"Y51","Q35","00","KB","MU"
"MK419BH",10,52.1534282597936,-0.444167779078895,064,"Y51","Q35","00","KB","MU"
"MK419BJ",10,52.1519559554859,-0.442976663123059,064,"Y51","Q35","00","KB","MU"
"MK419BL",10,52.1522778691886,-0.442161493325629,064,"Y51","Q35","00","KB","MU"
"MK419BN",10,52.1508438642067,-0.443190859036471,064,"Y51","Q35","00","KB","MU"
"MK419BP",10,52.1495888058951,-0.440749882717812,064,"Y51","Q35","00","KB","MU"
"MK419BQ",10,52.1524708747474,-0.444522731924808,064,"Y51","Q35","00","KB","MU"
"MK419BS",10,52.1490470700143,-0.439219509701536,064,"Y51","Q35","00","KB","MJ"
"MK419BT",10,52.1481830497534,-0.439834351381587,064,"Y51","Q35","00","KB","MJ"
"MK419BU",10,52.1465094753736,-0.442465117573688,064,"Y51","Q35","00","KB","MJ"
"MK419BW",10,52.1511266312402,-0.442815578353452,064,"Y51","Q35","00","KB","MU"
"MK419BX",10,52.1453764178955,-0.445179160916236,064,"Y51","Q35","00","KB","MJ"
"MK419BY",10,52.1464598721254,-0.443475294729284,064,"Y51","Q35","00","KB","MJ"
"MK419BZ",10,52.1477715617059,-0.441354140676999,064,"Y51","Q35","00","KB","MJ"
"MK419DA",10,52.1493252636177,-0.441899145644814,064,"Y51","Q35","00","KB","MU"
"MK419DB",10,52.1503407770439,-0.443223023490643,064,"Y51","Q35","00","KB","MU"
"MK419DD",10,52.1502242107828,-0.443928676364249,064,"Y51","Q35","00","KB","MU"
"MK419DE",10,52.1492700312273,-0.443845013145401,064,"Y51","Q35","00","KB","MU"
"MK419DF",10,52.1487218561846,-0.442504845459855,064,"Y51","Q35","00","KB","MU"
"MK419DG",10,52.1480966140211,-0.442818976230101,064,"Y51","Q35","00","KB","MU"
"MK419DJ",10,52.1321338296788,-0.437136920134446,064,"Y51","Q35","00","KB","MS"
"MK419DL",10,52.1480357909589,-0.45460132950528,064,"Y51","Q35","00","KB","MA"
"MK419DN",10,52.14852722395,-0.455052021258246,064,"Y51","Q35","00","KB","MA"
"MK419DP",10,52.1490962682048,-0.453877660227058,064,"Y51","Q35","00","KB","MA"
"MK419DQ",10,52.1450599757915,-0.447776984432616,064,"Y51","Q35","00","KB","MG"
"MK419DS",10,52.1471125740891,-0.453449447934557,064,"Y51","Q35","00","KB","MG"
"MK419DT",10,52.1460254680617,-0.452142530596905,064,"Y51","Q35","00","KB","MG"
"MK419DU",10,52.1458645909705,-0.447427477251174,064,"Y51","Q35","00","KB","MG"
"MK419DW",10,52.1484088192227,-0.452878367547565,064,"Y51","Q35","00","KB","MA"
"MK419DZ",10,52.1344263755372,-0.475586431539319,064,"Y51","Q35","00","KB","MD"
"MK419EA",10,52.1413716395487,-0.442176727939981,064,"Y51","Q35","00","KB","MG"
"MK419EB",10,52.1469263645572,-0.449538998060456,064,"Y51","Q35","00","KB","MU"
"MK419ED",10,52.1466441854915,-0.45064494018174,064,"Y51","Q35","00","KB","MG"
"MK419EE",10,52.1480041574123,-0.451503906074149,064,"Y51","Q35","00","KB","MU"
"MK419EF",10,52.1474970658292,-0.45191611568366,064,"Y51","Q35","00","KB","MU"
"MK419EG",10,52.1472287017714,-0.449966958771524,064,"Y51","Q35","00","KB","MU"
"MK419EH",10,52.1479291255253,-0.449898789346031,064,"Y51","Q35","00","KB","MU"
"MK419EJ",10,52.1465350251364,-0.447813384228667,064,"Y51","Q35","00","KB","MU"
"MK419EL",10,52.145935031226,-0.44594891365179,064,"Y51","Q35","00","KB","MU"
"MK419EN",10,52.1491687401833,-0.449124937443669,064,"Y51","Q35","00","KB","MU"
"MK419EP",10,52.1479205537006,-0.445149005327939,064,"Y51","Q35","00","KB","MU"
"MK419EQ",10,52.1487724788525,-0.45181341733392,064,"Y51","Q35","00","KB","MU"
"MK419ER",10,52.1476193550392,-0.444808724070632,064,"Y51","Q35","00","KB","MU"
"MK419EW",10,52.1468300263294,-0.444953146585315,064,"Y51","Q35","00","KB","MU"
"MK419HA",10,52.1460933341812,-0.433447534176342,064,"Y51","Q35","00","KB","MJ"
"MK419HB",10,52.1459075025848,-0.435704765437984,064,"Y51","Q35","00","KB","MJ"
"MK419HD",10,52.146173557052,-0.432041670318098,064,"Y51","Q35","00","KB","MJ"
"MK419HE",10,52.1456699426888,-0.431357843188384,064,"Y51","Q35","00","KB","MJ"
"MK419HF",10,52.1461017120302,-0.431371900793447,064,"Y51","Q35","00","KB","MJ"
"MK419HG",10,52.1456073195162,-0.430030087218796,064,"Y51","Q35","00","KB","MJ"
"MK419HH",10,52.1464296170616,-0.430337315723333,064,"Y51","Q35","00","KB","MJ"
"MK419HJ",10,52.1466522564052,-0.431527937245881,064,"Y51","Q35","00","KB","MJ"
"MK419HL",10,52.1470246628539,-0.431134852101519,064,"Y51","Q35","00","KB","MJ"
"MK419HN",10,52.147270665483,-0.430702357780749,064,"Y51","Q35","00","KB","MJ"
"MK419HP",10,52.1480640078354,-0.431536792831025,064,"Y51","Q35","00","KB","MJ"
"MK419HQ",10,52.1469809834394,-0.429879466555635,064,"Y51","Q35","00","KB","MJ"
"MK419HR",10,52.1483097235037,-0.434465932030392,064,"Y51","Q35","00","KB","MJ"
"MK419HS",10,52.1478765285426,-0.432990329737123,064,"Y51","Q35","00","KB","MJ"
"MK419HT",10,52.1470027007444,-0.432187930090733,064,"Y51","Q35","00","KB","MJ"
"MK419HU",10,52.1463945649915,-0.433787726643435,064,"Y51","Q35","00","KB","MJ"
"MK419HW",10,52.1474618128718,-0.42952639640218,064,"Y51","Q35","00","KB","MJ"
"MK419HX",10,52.1462379662117,-0.434860123937148,064,"Y51","Q35","00","KB","MJ"
"MK419HY",10,52.147362130753,-0.434879168937713,064,"Y51","Q35","00","KB","MJ"
"MK419HZ",10,52.1464567217208,-0.437117806159995,064,"Y51","Q35","00","KB","MJ"
"MK419JA",10,52.1473982109516,-0.433533278989961,064,"Y51","Q35","00","KB","MJ"
"MK419JB",10,52.1470361230124,-0.436059829025819,064,"Y51","Q35","00","KB","MJ"
"MK419JD",10,52.1471891305451,-0.437428317182509,064,"Y51","Q35","00","KB","MJ"
"MK419JE",10,52.1479292772434,-0.438323193508964,064,"Y51","Q35","00","KB","MJ"
"MK419JF",10,52.1482380228266,-0.437873918759798,064,"Y51","Q35","00","KB","MJ"
"MK419JG",10,52.1480094434802,-0.43623034614372,064,"Y51","Q35","00","KB","MJ"
"MK419JQ",10,52.1473659342166,-0.435843656931158,064,"Y51","Q35","00","KB","MJ"
"MK419JX",10,52.1420432682557,-0.437213854207779,064,"Y51","Q35","00","KB","MJ"
"MK419JY",10,52.1418315539091,-0.438200380132931,064,"Y51","Q35","00","KB","MJ"
"MK419JZ",10,52.1422764722899,-0.439207782104207,064,"Y51","Q35","00","KB","MJ"
"MK419LA",10,52.1425196941748,-0.437884029682678,064,"Y51","Q35","00","KB","MJ"
"MK419LB",10,52.1430384324985,-0.437675896244572,064,"Y51","Q35","00","KB","MJ"
"MK419LD",10,52.1433328945209,-0.438863951693939,064,"Y51","Q35","00","KB","MJ"
"MK419LE",10,52.1425147466564,-0.436832003240524,064,"Y51","Q35","00","KB","MJ"
"MK419LF",10,52.1427479857233,-0.435435510423156,064,"Y51","Q35","00","KB","MJ"
"MK419LG",10,52.143124614063,-0.434004744974393,064,"Y51","Q35","00","KB","MJ"
"MK419LH",10,52.1438318153468,-0.437838117272023,064,"Y51","Q35","00","KB","MJ"
"MK419LJ",10,52.1447289938821,-0.439048963597044,064,"Y51","Q35","00","KB","MJ"
"MK419LL",10,52.1458131513777,-0.440121790296153,064,"Y51","Q35","00","KB","MJ"
"MK419LN",10,52.1331130418184,-0.444554160637095,064,"Y51","Q35","00","KB","MS"
"MK419LP",10,52.1470799511088,-0.440048291311847,064,"Y51","Q35","00","KB","MJ"
"MK419LQ",10,52.1435284342002,-0.435978113613793,064,"Y51","Q35","00","KB","MJ"
"MK419LR",10,52.1473005652365,-0.438374420518724,064,"Y51","Q35","00","KB","MJ"
"MK419LS",10,52.1459898871029,-0.437850286666889,064,"Y51","Q35","00","KB","MJ"
"MK419LT",10,52.14554271162,-0.435995231252097,064,"Y51","Q35","00","KB","MJ"
"MK419LU",10,52.144903731691,-0.435272269936557,064,"Y51","Q35","00","KB","MJ"
"MK419LW",10,52.1333101140304,-0.445862273918886,064,"Y51","Q35","00","KB","MS"
"MK419LX",10,52.1452322532435,-0.434281564681601,064,"Y51","Q35","00","KB","MJ"
"MK419LZ",10,52.1438482546758,-0.439079759012451,064,"Y51","Q35","00","KB","MJ"
"MK419NA",10,52.1452102386324,-0.438725225980494,064,"Y51","Q35","00","KB","MJ"
"MK419NB",10,52.1450891302387,-0.437048768264673,064,"Y51","Q35","00","KB","MJ"
"MK419ND",10,52.1446330242352,-0.437912382479413,064,"Y51","Q35","00","KB","MJ"
"MK419NE",10,52.1442942766412,-0.436097427445153,064,"Y51","Q35","00","KB","MJ"
"MK419NF",10,52.1444869045782,-0.434351549939433,064,"Y51","Q35","00","KB","MJ"
"MK419NH",10,52.1416214732866,-0.439990586697047,064,"Y51","Q35","00","KB","MJ"
"MK419NP",10,52.1449903663998,-0.432317063956517,064,"Y51","Q35","00","KB","MJ"
"MK419NR",10,52.1453971703643,-0.431805873408165,064,"Y51","Q35","00","KB","MJ"
"MK419NS",10,52.14121386344,-0.439084181405495,064,"Y51","Q35","00","KB","MS"
"MK419NT",10,52.1417223305113,-0.436742838639321,064,"Y51","Q35","00","KB","MS"
"MK419NU",10,52.1422676685822,-0.434473217815062,064,"Y51","Q35","00","KB","MS"
"MK419NX",10,52.1423591919504,-0.431211122261369,064,"Y51","Q35","00","KB","MS"
"MK419PA",10,52.1422694084892,-0.432573361644111,064,"Y51","Q35","00","KB","MS"
"MK419PB",10,52.1418800591093,-0.434399127406332,064,"Y51","Q35","00","KB","MS"
"MK419PD",10,52.1411547860766,-0.436660416359656,064,"Y51","Q35","00","KB","MS"
"MK419PH",10,52.1404769140839,-0.440468974044139,064,"Y51","Q35","00","KB","MS"
"MK419PR",10,52.1339337486217,-0.446790290280656,064,"Y51","Q35","00","KB","MS"
"MK419PS",10,52.1350916925796,-0.445960998929999,064,"Y51","Q35","00","KB","MS"
"MK419PT",10,52.1369504370246,-0.445092649897667,064,"Y51","Q35","00","KB","MS"
"MK419PU",10,52.1383797166302,-0.444385315560477,064,"Y51","Q35","00","KB","MS"
"MK419PX",10,52.1395577362584,-0.443715918633366,064,"Y51","Q35","00","KB","MS"
"MK419QA",10,52.1396146705143,-0.44326093357633,064,"Y51","Q35","00","KB","MS"
"MK419QB",10,52.1391297863467,-0.441948077406978,064,"Y51","Q35","00","KB","MS"
"MK419QD",10,52.1388002343182,-0.44286556155342,064,"Y51","Q35","00","KB","MS"
"MK419QG",10,52.1382637775223,-0.443775630588098,064,"Y51","Q35","00","KB","MS"
"MK419QJ",10,52.1372429021429,-0.444088840063998,064,"Y51","Q35","00","KB","MS"
"MK419QL",10,52.1396877617665,-0.441987058737926,064,"Y51","Q35","00","KB","MS"
"MK419QN",10,52.1391921977639,-0.442588862199218,064,"Y51","Q35","00","KB","MS"
"MK419QP",10,52.1404883009472,-0.43725366867711,064,"Y51","Q35","00","KB","MS"
"MK419QQ",10,52.1386448658637,-0.441994223330345,064,"Y51","Q35","00","KB","MS"
"MK419QR",10,52.140131137995,-0.437441526903696,064,"Y51","Q35","00","KB","MS"
"MK419QS",10,52.1395781993472,-0.440500364535721,064,"Y51","Q35","00","KB","MS"
"MK419QT",10,52.1391618932567,-0.440295713106623,064,"Y51","Q35","00","KB","MS"
"MK419QU",10,52.1396122062561,-0.437635042624341,064,"Y51","Q35","00","KB","MS"
"MK419QW",10,52.1399701569874,-0.440223639565062,064,"Y51","Q35","00","KB","MS"
"MK419QX",10,52.1392419921703,-0.437516481550884,064,"Y51","Q35","00","KB","MS"
"MK419QY",10,52.1387488707571,-0.440339365652967,064,"Y51","Q35","00","KB","MS"
"MK419QZ",10,52.1379084978605,-0.442063753691056,064,"Y51","Q35","00","KB","MS"
"MK419RA",10,52.1383675470324,-0.440060434687174,064,"Y51","Q35","00","KB","MS"
"MK419RB",10,52.1387521498167,-0.437869713667985,064,"Y51","Q35","00","KB","MS"
"MK419RD",10,52.1375120291523,-0.43995881182268,064,"Y51","Q35","00","KB","MS"
"MK419RE",10,52.1376444101092,-0.437733119457934,064,"Y51","Q35","00","KB","MS"
"MK419RF",10,52.1391173045062,-0.436249533746814,064,"Y51","Q35","00","KB","MS"
"MK419RG",10,52.1387232529096,-0.434334464953847,064,"Y51","Q35","00","KB","MS"
"MK419RH",10,52.1370964949863,-0.439812595939466,064,"Y51","Q35","00","KB","MS"
"MK419RJ",10,52.1376075645404,-0.442424947624998,064,"Y51","Q35","00","KB","MS"
"MK419RL",10,52.1401736676763,-0.429811988587663,064,"Y51","Q35","00","KB","MS"
"MK419RP",10,52.1371813449759,-0.434680771395167,064,"Y51","Q35","00","KB","MS"
"MK419RQ",10,52.1375903789785,-0.437048233136246,064,"Y51","Q35","00","KB","MS"
"MK419RR",10,52.1363964298878,-0.433802348856734,064,"Y51","Q35","00","KB","MS"
"MK419RS",10,52.1365950492327,-0.434540592009057,064,"Y51","Q35","00","KB","MS"
"MK419RT",10,52.1343721755552,-0.435743578355484,064,"Y51","Q35","00","KB","MS"
"MK419RU",10,52.1345497872727,-0.435576633008782,064,"Y51","Q35","00","KB","MS"
"MK419RW",10,52.1363964298878,-0.433802348856734,064,"Y51","Q35","00","KB","MS"
"MK419RX",10,52.1333611971456,-0.436801751285159,064,"Y51","Q35","00","KB","MS"
"MK419RY",10,52.1339477926137,-0.437643272338837,064,"Y51","Q35","00","KB","MS"
"MK419RZ",10,52.1330812689831,-0.439426881257953,064,"Y51","Q35","00","KB","MS"
"MK419SB",10,52.1336329517135,-0.441029421072718,064,"Y51","Q35","00","KB","MS"
"MK419SD",10,52.1339234921053,-0.445329541494951,064,"Y51","Q35","00","KB","MS"
"MK419SE",10,52.1408943842037,-0.434652891364217,064,"Y51","Q35","00","KB","MS"
"MK419SF",10,52.1408347704473,-0.432872154097598,064,"Y51","Q35","00","KB","MS"
"MK419SG",10,52.1416302940996,-0.433194957107678,064,"Y51","Q35","00","KB","MS"
"MK419SH",10,52.1410257972236,-0.431009546693824,064,"Y51","Q35","00","KB","MS"
"MK419SJ",10,52.1411627885935,-0.430493261752403,064,"Y51","Q35","00","KB","MS"
"MK419SL",10,52.1399480706988,-0.43177807139649,064,"Y51","Q35","00","KB","MS"
"MK419SN",10,52.1367259090515,-0.434915916213961,064,"Y51","Q35","00","KB","MS"
"MK419SP",10,52.1403783683957,-0.433034305427871,064,"Y51","Q35","00","KB","MS"
"MK419SQ",10,52.1419508578192,-0.433636732111939,064,"Y51","Q35","00","KB","MS"
"MK419SR",10,52.1398255661514,-0.434062003646648,064,"Y51","Q35","00","KB","MS"
"MK419SS",10,52.1394260598108,-0.433769144505676,064,"Y51","Q35","00","KB","MS"
"MK419ST",10,52.1386911787275,-0.432596685774443,064,"Y51","Q35","00","KB","MS"
"MK419SU",10,52.1371788195594,-0.432459814342468,064,"Y51","Q35","00","KB","MS"
"MK419SW",10,52.1371467985845,-0.436143195240009,064,"Y51","Q35","00","KB","MS"
"MK419SX",10,52.1381472319732,-0.434968385635987,064,"Y51","Q35","00","KB","MS"
"MK419SY",10,52.1369486143284,-0.436793066692792,064,"Y51","Q35","00","KB","MS"
"MK419SZ",10,52.1363159148482,-0.435865444663775,064,"Y51","Q35","00","KB","MS"
"MK419TA",10,52.1375814731964,-0.436376380510232,064,"Y51","Q35","00","KB","MS"
"MK419TB",10,52.1375296462548,-0.433148887032368,064,"Y51","Q35","00","KB","MS"
"MK419TE",10,52.1367421839036,-0.436142753435548,064,"Y51","Q35","00","KB","MS"
"MK419TF",10,52.1368514620157,-0.435569057150911,064,"Y51","Q35","00","KB","MS"
"MK419TG",10,52.1357197807573,-0.436339286565466,064,"Y51","Q35","00","KB","MS"
"MK419TH",10,52.1417235805671,-0.432095660963576,064,"Y51","Q35","00","KB","MS"
"MK419TJ",10,52.1362055855677,-0.437038254631818,064,"Y51","Q35","00","KB","MS"
"MK419TQ",10,52.1409215416514,-0.429931820829191,064,"Y51","Q35","00","KB","MS"
"MK419TR",10,52.1342275286605,-0.436362314130593,064,"Y51","Q35","00","KB","MS"
"MK419TT",10,52.1383576455718,-0.430504189252964,064,"Y51","Q35","00","KB","MS"
"MK419TU",10,52.1387245618752,-0.430374390865501,064,"Y51","Q35","00","KB","MS"
"MK419TW",10,52.1384138518192,-0.431349741563755,064,"Y51","Q35","00","KB","MS"
"MK419WQ",10,52.1344263755372,-0.475586431539319,064,"Y51","Q35","00","KB","MD"
"MK419WX",10,52.1344263755372,-0.475586431539319,064,"Y51","Q35","00","KB","MD"
"MK419WZ",10,52.1344263755372,-0.475586431539319,064,"Y51","Q35","00","KB","MD"
"MK419XP",10,52.1344263755372,-0.475586431539319,064,"Y51","Q35","00","KB","MD"
"MK419ZX",10,52.1344263755372,-0.475586431539319,064,"Y51","Q35","00","KB","MD"
"MK420AA",10,52.1298916003786,-0.464944639583383,064,"Y51","Q35","00","KB","ME"
"MK420AB",10,52.1307763440161,-0.465221042280277,064,"Y51","Q35","00","KB","ME"
"MK420AE",10,52.1336855054472,-0.462841760481192,064,"Y51","Q35","00","KB","MR"
"MK420AF",10,52.1337659677757,-0.463496484873894,064,"Y51","Q35","00","KB","MR"
"MK420AH",10,52.1322783010166,-0.465943784888815,064,"Y51","Q35","00","KB","ME"
"MK420AL",10,52.133314656682,-0.464052612439943,064,"Y51","Q35","00","KB","MR"
"MK420AQ",10,52.1318269037473,-0.465111889800294,064,"Y51","Q35","00","KB","MR"
"MK420AR",10,52.1340794211867,-0.465472806694971,064,"Y51","Q35","00","KB","MR"
"MK420AS",10,52.133462150278,-0.46571317929684,064,"Y51","Q35","00","KB","MR"
"MK420AT",10,52.1333922081264,-0.465174980740823,064,"Y51","Q35","00","KB","MR"
"MK420AU",10,52.1340794211867,-0.465472806694971,064,"Y51","Q35","00","KB","MR"
"MK420AX",10,52.1335834113857,-0.465358351540961,064,"Y51","Q35","00","KB","MR"
"MK420AY",10,52.1336097144427,-0.463925577447759,064,"Y51","Q35","00","KB","MR"
"MK420AZ",10,52.1205693031404,-0.448584121677987,064,"Y51","Q35","00","KB","MR"
"MK420BE",10,52.1316193452905,-0.463672606012412,064,"Y51","Q35","00","KB","MR"
"MK420BG",10,52.1297117352465,-0.451188524882994,064,"Y51","Q35","00","KB","MR"
"MK420BH",10,52.1309196334736,-0.461037646200809,064,"Y51","Q35","00","KB","MR"
"MK420BJ",10,52.1329981517514,-0.464604094157415,064,"Y51","Q35","00","KB","MR"
"MK420BN",10,52.1326845975726,-0.464001227728605,064,"Y51","Q35","00","KB","MR"
"MK420BP",10,52.1326004783884,-0.463755740690235,064,"Y51","Q35","00","KB","MR"
"MK420BQ",10,52.1304296382797,-0.457942623046707,064,"Y51","Q35","00","KB","MR"
"MK420BS",10,52.1331975286725,-0.462654004992495,064,"Y51","Q35","00","KB","MR"
"MK420BT",10,52.1315294596987,-0.460227680180934,064,"Y51","Q35","00","KB","MR"
"MK420BU",10,52.1330744108892,-0.462176088312562,064,"Y51","Q35","00","KB","MR"
"MK420BX",10,52.1325499460255,-0.461259070100242,064,"Y51","Q35","00","KB","MR"
"MK420BY",10,52.1290123394101,-0.454076225764,064,"Y51","Q35","00","KB","MR"
"MK420BZ",10,52.1277174735936,-0.449957470191436,064,"Y51","Q35","00","KB","MR"
"MK420DA",10,52.1252187625551,-0.443879507814334,064,"Y51","Q35","00","KB","MR"
"MK420DB",10,52.1263411113707,-0.447171166223134,064,"Y51","Q35","00","KB","MR"
"MK420DD",10,52.1259631644245,-0.448513672621405,064,"Y51","Q35","00","KB","MR"
"MK420DE",10,52.1249377625383,-0.447117689455432,064,"Y51","Q35","00","KB","MR"
"MK420DF",10,52.1250358001112,-0.446369266185453,064,"Y51","Q35","00","KB","MR"
"MK420DG",10,52.1247540982856,-0.44205507794874,064,"Y51","Q35","00","KB","MR"
"MK420DH",10,52.131654435007,-0.464986324323853,064,"Y51","Q35","00","KB","MR"
"MK420DJ",10,52.1295989686894,-0.463186933780191,064,"Y51","Q35","00","KB","MR"
"MK420DL",10,52.1308700717509,-0.46482335093025,064,"Y51","Q35","00","KB","MR"
"MK420DS",10,52.126210628626,-0.456408287355529,064,"Y51","Q35","00","KB","MR"
"MK420DT",10,52.127372261588,-0.453796981187917,064,"Y51","Q35","00","KB","MR"
"MK420DU",10,52.1285245276575,-0.453216552087622,064,"Y51","Q35","00","KB","MR"
"MK420DX",10,52.1288218935682,-0.454637973132319,064,"Y51","Q35","00","KB","MR"
"MK420DY",10,52.1290767870045,-0.456937447983352,064,"Y51","Q35","00","KB","MR"
"MK420DZ",10,52.1277635042187,-0.456895160519425,064,"Y51","Q35","00","KB","MR"
"MK420EA",10,52.128465850993,-0.4562865273341,064,"Y51","Q35","00","KB","MR"
"MK420EB",10,52.1278413340627,-0.455285476645482,064,"Y51","Q35","00","KB","MR"
"MK420ED",10,52.1273527717265,-0.455054020390578,064,"Y51","Q35","00","KB","MR"
"MK420EH",10,52.1265597876714,-0.456980567452187,064,"Y51","Q35","00","KB","MR"
"MK420EJ",10,52.126952515523,-0.458822313526478,064,"Y51","Q35","00","KB","MR"
"MK420EL",10,52.127539578699,-0.457647952285947,064,"Y51","Q35","00","KB","MR"
"MK420EN",10,52.1219408736893,-0.459243515355961,064,"Y51","Q35","00","KB","ME"
"MK420EP",10,52.1274370786939,-0.458060540935406,064,"Y51","Q35","00","KB","MR"
"MK420EQ",10,52.1225846660439,-0.460346077359719,064,"Y51","Q35","00","KB","ME"
"MK420ER",10,52.1279562057956,-0.459255174831347,064,"Y51","Q35","00","KB","MR"
"MK420ES",10,52.1279743487731,-0.459955785120487,064,"Y51","Q35","00","KB","MR"
"MK420ET",10,52.1285639039162,-0.458971246423576,064,"Y51","Q35","00","KB","MR"
"MK420EU",10,52.1295041544725,-0.457302533385517,064,"Y51","Q35","00","KB","MR"
"MK420EW",10,52.1224789642531,-0.459137315150791,064,"Y51","Q35","00","KB","ME"
"MK420EX",10,52.133024065155,-0.463142130232615,064,"Y51","Q35","00","KB","MR"
"MK420FA",10,52.1344263755372,-0.475586431539319,064,"Y51","Q35","00","KB","MD"
"MK420FB",10,52.1077418711359,-0.436573421910522,064,"Y51","Q35","00","KB","MH"
"MK420FD",10,52.1069247010525,-0.435974105413631,064,"Y51","Q35","00","KB","MH"
"MK420FE",10,52.1070793356184,-0.436786423450511,064,"Y51","Q35","00","KB","MH"
"MK420FF",10,52.1072144428765,-0.437482610859175,064,"Y51","Q35","00","KB","MH"
"MK420FG",10,52.1177061381006,-0.44760270373666,064,"Y51","Q35","00","KB","MR"
"MK420FH",10,52.1080028097494,-0.438623260873506,064,"Y51","Q35","00","KB","MH"
"MK420FJ",10,52.1082397623535,-0.438863229519663,064,"Y51","Q35","00","KB","MH"
"MK420FL",10,52.1076166480278,-0.437979638276349,064,"Y51","Q35","00","KB","MH"
"MK420FN",10,52.1087280656547,-0.438393487947847,064,"Y51","Q35","00","KB","MH"
"MK420FP",10,52.1080718805408,-0.436372045701946,064,"Y51","Q35","00","KB","MH"
"MK420FR",10,52.1082751010799,-0.436102088725703,064,"Y51","Q35","00","KB","MH"
"MK420FS",10,52.1086945121476,-0.43654010232469,064,"Y51","Q35","00","KB","MH"
"MK420FT",10,52.1316117234179,-0.465849797936649,064,"Y51","Q35","00","KB","ME"
"MK420FW",10,52.1316117234179,-0.465849797936649,064,"Y51","Q35","00","KB","ME"
"MK420HA",10,52.1294898221633,-0.455520658855976,064,"Y51","Q35","00","KB","MR"
"MK420HB",10,52.1296404646185,-0.458788008026398,064,"Y51","Q35","00","KB","MR"
"MK420HD",10,52.1241730604009,-0.439592002130717,064,"Y51","Q35","00","KB","MR"
"MK420HE",10,52.1236252295466,-0.439640351958966,064,"Y51","Q35","00","KB","MR"
"MK420HF",10,52.1234040292912,-0.438552505797314,064,"Y51","Q35","00","KB","MR"
"MK420HG",10,52.122561458884,-0.439429179584554,064,"Y51","Q35","00","KB","MR"
"MK420HH",10,52.1230488023684,-0.452529688578962,064,"Y51","Q35","00","KB","MR"
"MK420HJ",10,52.1232687107252,-0.452843437824401,064,"Y51","Q35","00","KB","MR"
"MK420HL",10,52.1224511598244,-0.450154792857669,064,"Y51","Q35","00","KB","MR"
"MK420HN",10,52.1235813633052,-0.45337309386636,064,"Y51","Q35","00","KB","MR"
"MK420HP",10,52.124159237273,-0.454244166888273,064,"Y51","Q35","00","KB","MR"
"MK420HQ",10,52.1226180855028,-0.438273219558133,064,"Y51","Q35","00","KB","MR"
"MK420HR",10,52.1243330568078,-0.454471879146108,064,"Y51","Q35","00","KB","MR"
"MK420HS",10,52.1250944898899,-0.454942213841791,064,"Y51","Q35","00","KB","MR"
"MK420HT",10,52.1251021307327,-0.454153109268078,064,"Y51","Q35","00","KB","MR"
"MK420HW",10,52.1237733504212,-0.453614778727069,064,"Y51","Q35","00","KB","MR"
"MK420HX",10,52.126814639822,-0.452413845610055,064,"Y51","Q35","00","KB","MR"
"MK420HY",10,52.1254589527772,-0.455309423580276,064,"Y51","Q35","00","KB","MR"
"MK420HZ",10,52.1262100480184,-0.454304681255521,064,"Y51","Q35","00","KB","MR"
"MK420JA",10,52.1251269951315,-0.456737893293307,064,"Y51","Q35","00","KB","MR"
"MK420JB",10,52.126287224065,-0.451278042133434,064,"Y51","Q35","00","KB","MR"
"MK420JD",10,52.125006678321,-0.448254728372293,064,"Y51","Q35","00","KB","MR"
"MK420JF",10,52.1261696475138,-0.451910284241975,064,"Y51","Q35","00","KB","MR"
"MK420JH",10,52.1262745295906,-0.449627716721769,064,"Y51","Q35","00","KB","MR"
"MK420JJ",10,52.1279711160722,-0.45215464248807,064,"Y51","Q35","00","KB","MR"
"MK420JL",10,52.1273405867017,-0.450014374879351,064,"Y51","Q35","00","KB","MR"
"MK420JN",10,52.1220063464959,-0.433503450285545,064,"Y51","Q35","00","KB","MR"
"MK420JP",10,52.1267164716099,-0.450415856400819,064,"Y51","Q35","00","KB","MR"
"MK420JR",10,52.1272559888575,-0.453158215983323,064,"Y51","Q35","00","KB","MR"
"MK420JS",10,52.1099788840601,-0.433048812067804,064,"Y51","Q35","00","KB","MH"
"MK420JU",10,52.121451494176,-0.438445460148764,064,"Y51","Q35","00","KB","MR"
"MK420LD",10,52.1244850616674,-0.442108284111968,064,"Y51","Q35","00","KB","MR"
"MK420LE",10,52.1212728678511,-0.435822455635324,064,"Y51","Q35","00","KB","MR"
"MK420LF",10,52.1228860434813,-0.432041074040792,064,"Y51","Q35","00","KB","MR"
"MK420LH",10,52.1204711881459,-0.436390967752892,064,"Y51","Q35","00","KB","MR"
"MK420LJ",10,52.1222468657114,-0.433334337369386,064,"Y51","Q35","00","KB","MR"
"MK420LN",10,52.1218610004359,-0.433391689326328,064,"Y51","Q35","00","KB","MR"
"MK420LP",10,52.1201520024746,-0.441485220897115,064,"Y51","Q35","00","KB","MR"
"MK420LQ",10,52.1231138787137,-0.435655747538412,064,"Y51","Q35","00","KB","MR"
"MK420LR",10,52.1212862039208,-0.442263645740353,064,"Y51","Q35","00","KB","MR"
"MK420LS",10,52.1232629549263,-0.44352401194654,064,"Y51","Q35","00","KB","MR"
"MK420LT",10,52.1248873224097,-0.443292120724593,064,"Y51","Q35","00","KB","MR"
"MK420LU",10,52.12397840493,-0.444594671184169,064,"Y51","Q35","00","KB","MR"
"MK420LW",10,52.1214282596224,-0.433304613904613,064,"Y51","Q35","00","KB","MR"
"MK420LX",10,52.1250211743362,-0.44525955602488,064,"Y51","Q35","00","KB","MR"
"MK420LY",10,52.1240239002148,-0.442591815919938,064,"Y51","Q35","00","KB","MR"
"MK420LZ",10,52.1344263755372,-0.475586431539319,064,"Y51","Q35","00","KB","MD"
"MK420NA",10,52.1214951445639,-0.441745116205871,064,"Y51","Q35","00","KB","MR"
"MK420NB",10,52.1230017912808,-0.442130791831522,064,"Y51","Q35","00","KB","MR"
"MK420ND",10,52.1212552173239,-0.440599537456165,064,"Y51","Q35","00","KB","MR"
"MK420NE",10,52.1206985024034,-0.43997627112117,064,"Y51","Q35","00","KB","MR"
"MK420NF",10,52.1230812440732,-0.441339215533683,064,"Y51","Q35","00","KB","MR"
"MK420NG",10,52.1225097528898,-0.44027821084742,064,"Y51","Q35","00","KB","MR"
"MK420NH",10,52.1236156491724,-0.440955378827558,064,"Y51","Q35","00","KB","MR"
"MK420NJ",10,52.1208846275493,-0.43909336450263,064,"Y51","Q35","00","KB","MR"
"MK420NL",10,52.1204753727082,-0.438742495063006,064,"Y51","Q35","00","KB","MR"
"MK420NN",10,52.1207657133537,-0.43554807497525,064,"Y51","Q35","00","KB","MR"
"MK420NQ",10,52.1215130512417,-0.439699511222316,064,"Y51","Q35","00","KB","MR"
"MK420NR",10,52.1288839677823,-0.460070517346952,064,"Y51","Q35","00","KB","MR"
"MK420NS",10,52.1276102287838,-0.460990966197024,064,"Y51","Q35","00","KB","MR"
"MK420NT",10,52.1267203532003,-0.459633800436532,064,"Y51","Q35","00","KB","MR"
"MK420NW",10,52.1289307831318,-0.460901638974451,064,"Y51","Q35","00","KB","MR"
"MK420NX",10,52.1263652496559,-0.459982041992934,064,"Y51","Q35","00","KB","MR"
"MK420NY",10,52.126016022934,-0.461469533877609,064,"Y51","Q35","00","KB","MR"
"MK420PB",10,52.1275662125398,-0.461752148021334,064,"Y51","Q35","00","KB","MR"
"MK420PE",10,52.1203096102583,-0.430320267332916,064,"Y51","Q35","00","KB","MH"
"MK420PG",10,52.1269257247081,-0.459524457485088,064,"Y51","Q35","00","KB","MR"
"MK420PJ",10,52.1283339003389,-0.462704527576746,064,"Y51","Q35","00","KB","MR"
"MK420PL",10,52.1274533778142,-0.46206282071812,064,"Y51","Q35","00","KB","MR"
"MK420PP",10,52.126826971634,-0.461602299539404,064,"Y51","Q35","00","KB","MR"
"MK420PQ",10,52.1237598159342,-0.428110136633922,064,"Y51","Q35","00","KB","MR"
"MK420PR",10,52.1248088043163,-0.457157910709563,064,"Y51","Q35","00","KB","MR"
"MK420PS",10,52.1233111949668,-0.455398291113863,064,"Y51","Q35","00","KB","MR"
"MK420PT",10,52.1222504988889,-0.454047275533204,064,"Y51","Q35","00","KB","MR"
"MK420PX",10,52.120323373392,-0.452448802603399,064,"Y51","Q35","00","KB","MR"
"MK420PY",10,52.122982874295,-0.455731006156642,064,"Y51","Q35","00","KB","MR"
"MK420PZ",10,52.1241710921915,-0.457209149717223,064,"Y51","Q35","00","KB","MR"
"MK420QA",10,52.1252132056537,-0.458517113690948,064,"Y51","Q35","00","KB","MR"
"MK420QD",10,52.125501329318,-0.459924174563282,064,"Y51","Q35","00","KB","MR"
"MK420QE",10,52.1219617470913,-0.453283089052738,064,"Y51","Q35","00","KB","MR"
"MK420QF",10,52.1219617470913,-0.453283089052738,064,"Y51","Q35","00","KB","MR"
"MK420QG",10,52.125059783687,-0.460538329751942,064,"Y51","Q35","00","KB","MR"
"MK420QH",10,52.1245035948468,-0.458570814627284,064,"Y51","Q35","00","KB","MR"
"MK420QJ",10,52.1238874370645,-0.46027196490223,064,"Y51","Q35","00","KB","MR"
"MK420QL",10,52.1073607711662,-0.432249841851205,064,"Y51","Q35","00","KB","MH"
"MK420QN",10,52.1231881940479,-0.459054424436672,064,"Y51","Q35","00","KB","MR"
"MK420QP",10,52.1236352833314,-0.458177151298178,064,"Y51","Q35","00","KB","MR"
"MK420QQ",10,52.1247546468616,-0.459204905837417,064,"Y51","Q35","00","KB","MR"
"MK420QR",10,52.1230807701411,-0.4570276889272,064,"Y51","Q35","00","KB","MR"
"MK420QS",10,52.1226214558646,-0.457657059909742,064,"Y51","Q35","00","KB","MR"
"MK420QT",10,52.1226239556918,-0.456473779154545,064,"Y51","Q35","00","KB","MR"
"MK420QU",10,52.1218198861662,-0.456180201902,064,"Y51","Q35","00","KB","MR"
"MK420QX",10,52.1090008980093,-0.432528184947158,064,"Y51","Q35","00","KB","MH"
"MK420QY",10,52.1083428947035,-0.432405231718478,064,"Y51","Q35","00","KB","MH"
"MK420QZ",10,52.1084738772427,-0.431436856434944,064,"Y51","Q35","00","KB","MH"
"MK420RA",10,52.1219254391066,-0.455314734995609,064,"Y51","Q35","00","KB","MR"
"MK420RB",10,52.1291755226738,-0.464501745793016,064,"Y51","Q35","00","KB","ME"
"MK420RD",10,52.1173632738302,-0.441378006798527,064,"Y51","Q35","00","KB","MR"
"MK420RE",10,52.1176844074988,-0.445953009957882,064,"Y51","Q35","00","KB","MR"
"MK420RF",10,52.1167837042733,-0.445151822838892,064,"Y51","Q35","00","KB","MR"
"MK420RG",10,52.1178181326006,-0.44450238637485,064,"Y51","Q35","00","KB","MR"
"MK420RH",10,52.1294220315945,-0.464098813751447,064,"Y51","Q35","00","KB","ME"
"MK420RJ",10,52.1295838879637,-0.465481160458335,064,"Y51","Q35","00","KB","ME"
"MK420RL",10,52.1321160167366,-0.465218837483201,064,"Y51","Q35","00","KB","MR"
"MK420RN",10,52.1164275293646,-0.442009463180306,064,"Y51","Q35","00","KB","MR"
"MK420RP",10,52.1193720829367,-0.448479627516474,064,"Y51","Q35","00","KB","MR"
"MK420RQ",10,52.1173701824127,-0.445306684039346,064,"Y51","Q35","00","KB","MR"
"MK420RR",10,52.1192964899473,-0.44751823878043,064,"Y51","Q35","00","KB","MR"
"MK420RS",10,52.1196333388413,-0.44646948218064,064,"Y51","Q35","00","KB","MR"
"MK420RT",10,52.1195115120061,-0.444049065301993,064,"Y51","Q35","00","KB","MR"
"MK420RU",10,52.119316773349,-0.441558172429959,064,"Y51","Q35","00","KB","MR"
"MK420RW",10,52.1173930162537,-0.442267914284524,064,"Y51","Q35","00","KB","MR"
"MK420RX",10,52.1193870515221,-0.438035600668785,064,"Y51","Q35","00","KB","MR"
"MK420RY",10,52.1187835999375,-0.442716044616621,064,"Y51","Q35","00","KB","MR"
"MK420RZ",10,52.1188831119884,-0.445487742570885,064,"Y51","Q35","00","KB","MR"
"MK420SA",10,52.1183512659659,-0.444702917037625,064,"Y51","Q35","00","KB","MR"
"MK420SB",10,52.1183478938947,-0.441723417781701,064,"Y51","Q35","00","KB","MR"
"MK420SD",10,52.1188253073419,-0.438391178198609,064,"Y51","Q35","00","KB","MR"
"MK420SE",10,52.1184236767369,-0.440654537570572,064,"Y51","Q35","00","KB","MR"
"MK420SF",10,52.1182339862569,-0.437871423927301,064,"Y51","Q35","00","KB","MR"
"MK420SG",10,52.117378972489,-0.443246982246465,064,"Y51","Q35","00","KB","MR"
"MK420SH",10,52.1183728565789,-0.439531650792884,064,"Y51","Q35","00","KB","MR"
"MK420SJ",10,52.1200703658631,-0.440071234896649,064,"Y51","Q35","00","KB","MR"
"MK420SL",10,52.1198634122579,-0.442780655642946,064,"Y51","Q35","00","KB","MR"
"MK420SN",10,52.1168490744128,-0.441249886833417,064,"Y51","Q35","00","KB","MR"
"MK420SP",10,52.1200391094351,-0.446557619580405,064,"Y51","Q35","00","KB","MR"
"MK420SQ",10,52.1177616380795,-0.443628006717032,064,"Y51","Q35","00","KB","MR"
"MK420SR",10,52.1167674577882,-0.443239074782883,064,"Y51","Q35","00","KB","MR"
"MK420SS",10,52.1172259215419,-0.446640811985849,064,"Y51","Q35","00","KB","MR"
"MK420ST",10,52.1216404901029,-0.452782964625749,064,"Y51","Q35","00","KB","MR"
"MK420SU",10,52.1189624950909,-0.441964895348467,064,"Y51","Q35","00","KB","MR"
"MK420SW",10,52.1092097371367,-0.43268149443802,064,"Y51","Q35","00","KB","MH"
"MK420SY",10,52.1050284886618,-0.422548536029378,064,"Y51","Q35","00","KB","MH"
"MK420SZ",10,52.1099224274076,-0.434890797588492,064,"Y51","Q35","00","KB","MH"
"MK420TA",10,52.1154388715772,-0.437282694959146,064,"Y51","Q35","00","KB","MH"
"MK420TB",10,52.1138656215706,-0.436622086292596,064,"Y51","Q35","00","KB","MH"
"MK420TD",10,52.1147839731576,-0.434004908226481,064,"Y51","Q35","00","KB","MH"
"MK420TE",10,52.1093124550143,-0.430940132250256,064,"Y51","Q35","00","KB","MH"
"MK420TF",10,52.108634474735,-0.421910184596748,064,"Y51","Q35","00","KB","MH"
"MK420TG",10,52.108634474735,-0.421910184596748,064,"Y51","Q35","00","KB","MH"
"MK420TL",10,52.1117011205859,-0.432740168229953,064,"Y51","Q35","00","KB","MH"
"MK420TN",10,52.1112923674134,-0.433104989529543,064,"Y51","Q35","00","KB","MH"
"MK420TP",10,52.111492345776,-0.433944995663769,064,"Y51","Q35","00","KB","MH"
"MK420TQ",10,52.1094587196887,-0.431796579467663,064,"Y51","Q35","00","KB","MH"
"MK420TR",10,52.1123196821066,-0.432601645356406,064,"Y51","Q35","00","KB","MH"
"MK420TS",10,52.1102635523177,-0.434849646152311,064,"Y51","Q35","00","KB","MH"
"MK420TT",10,52.1103593814802,-0.43394088175691,064,"Y51","Q35","00","KB","MH"
"MK420TU",10,52.1088966741495,-0.433481027705564,064,"Y51","Q35","00","KB","MH"
"MK420TW",10,52.1088281704222,-0.430358414129631,064,"Y51","Q35","00","KB","MH"
"MK420TX",10,52.109885741633,-0.436191767865814,064,"Y51","Q35","00","KB","MH"
"MK420TY",10,52.1091723038909,-0.43867002748189,064,"Y51","Q35","00","KB","MH"
"MK420TZ",10,52.1094402760095,-0.4392155834017,064,"Y51","Q35","00","KB","MH"
"MK420UA",10,52.1113774423408,-0.437483116511377,064,"Y51","Q35","00","KB","MH"
"MK420UB",10,52.1106551840643,-0.439976349708507,064,"Y51","Q35","00","KB","MH"
"MK420UD",10,52.1104337974441,-0.432098246815794,064,"Y51","Q35","00","KB","MH"
"MK420UE",10,52.1108777286131,-0.433703666944425,064,"Y51","Q35","00","KB","MH"
"MK420UF",10,52.1108807667288,-0.432579087932456,064,"Y51","Q35","00","KB","MH"
"MK420UG",10,52.1122590909915,-0.434808972633592,064,"Y51","Q35","00","KB","MH"
"MK420UH",10,52.1122943358534,-0.434077538376269,064,"Y51","Q35","00","KB","MH"
"MK420UJ",10,52.1110914126679,-0.43219200701137,064,"Y51","Q35","00","KB","MH"
"MK420UL",10,52.1092271212441,-0.434666892625908,064,"Y51","Q35","00","KB","MH"
"MK420UN",10,52.108936043445,-0.434414233739568,064,"Y51","Q35","00","KB","MH"
"MK420UP",10,52.1105109999834,-0.43384794892832,064,"Y51","Q35","00","KB","MH"
"MK420UR",10,52.1108126736131,-0.431515418946856,064,"Y51","Q35","00","KB","MH"
"MK420UT",10,52.1099782476692,-0.439780927541814,064,"Y51","Q35","00","KB","MH"
"MK420UU",10,52.1107952980012,-0.436977741337173,064,"Y51","Q35","00","KB","MH"
"MK420UW",10,52.1081368370692,-0.433814311634244,064,"Y51","Q35","00","KB","MH"
"MK420UX",10,52.1103049763715,-0.437973311607286,064,"Y51","Q35","00","KB","MH"
"MK420UY",10,52.1101851496129,-0.438430201580949,064,"Y51","Q35","00","KB","MH"
"MK420UZ",10,52.1098167602278,-0.440487517037718,064,"Y51","Q35","00","KB","MH"
"MK420WA",10,52.1259625785645,-0.45257483989617,064,"Y51","Q35","00","KB","MR"
"MK420WB",10,52.1255566207167,-0.452472035512695,064,"Y51","Q35","00","KB","MR"
"MK420WD",10,52.125130407151,-0.452881220466119,064,"Y51","Q35","00","KB","MR"
"MK420WE",10,52.1247630803661,-0.452981589765911,064,"Y51","Q35","00","KB","MR"
"MK420WF",10,52.1344263755372,-0.475586431539319,064,"Y51","Q35","00","KB","MD"
"MK420WG",10,52.1344263755372,-0.475586431539319,064,"Y51","Q35","00","KB","MD"
"MK420WT",10,52.1344263755372,-0.475586431539319,064,"Y51","Q35","00","KB","MD"
"MK420WW",10,52.1344263755372,-0.475586431539319,064,"Y51","Q35","00","KB","MD"
"MK420XA",10,52.1113733527254,-0.435818438296814,064,"Y51","Q35","00","KB","MH"
"MK420XB",10,52.1119692954227,-0.435330257485198,064,"Y51","Q35","00","KB","MH"
"MK420XD",10,52.111191749492,-0.435006990055234,064,"Y51","Q35","00","KB","MH"
"MK420XE",10,52.1300605342912,-0.459971514315277,064,"Y51","Q35","00","KB","MR"
"MK420XJ",10,52.1126335878582,-0.433218613516987,064,"Y51","Q35","00","KB","MH"
"MK420YH",10,52.1344263755372,-0.475586431539319,064,"Y51","Q35","00","KB","MD"
"MK420YN",10,52.1344263755372,-0.475586431539319,064,"Y51","Q35","00","KB","MD"
"MK420YS",10,52.133024065155,-0.463142130232615,064,"Y51","Q35","00","KB","MR"
"MK425AB",90,49.7668057243776,-7.55715980363992,064,"","","","",""
"MK425AD",90,49.7668057243776,-7.55715980363992,064,"","","","",""
"MK425AG",90,49.7668057243776,-7.55715980363992,064,"","","","",""
"MK425AL",90,49.7668057243776,-7.55715980363992,064,"","","","",""
"MK425AN",90,49.7668057243776,-7.55715980363992,064,"","","","",""
"MK425AP",90,49.7668057243776,-7.55715980363992,064,"","","","",""
"MK425AQ",90,49.7668057243776,-7.55715980363992,064,"","","","",""
"MK425AR",90,49.7668057243776,-7.55715980363992,064,"","","","",""
"MK425AS",90,49.7668057243776,-7.55715980363992,064,"","","","",""
"MK425AT",90,49.7668057243776,-7.55715980363992,064,"","","","",""
"MK425AU",90,49.7668057243776,-7.55715980363992,064,"","","","",""
"MK425AW",90,49.7668057243776,-7.55715980363992,064,"","","","",""
"MK425AX",90,49.7668057243776,-7.55715980363992,064,"","","","",""
"MK425AY",90,49.7668057243776,-7.55715980363992,064,"","","","",""
"MK426AB",10,52.0941265493578,-0.46099021203033,064,"Y51","Q35","00","KB","NB"
"MK426AD",50,52.0944053462885,-0.460995216232482,064,"Y51","Q35","00","KB","NB"
"MK426AE",50,52.0944053462885,-0.460995216232482,064,"Y51","Q35","00","KB","NB"
"MK426AF",10,52.0951218189561,-0.461466904292644,064,"Y51","Q35","00","KB","NB"
"MK426AG",10,52.0947520410108,-0.460691321274132,064,"Y51","Q35","00","KB","NB"
"MK426AH",10,52.0943219840774,-0.460808309794548,064,"Y51","Q35","00","KB","NB"
"MK426AS",10,52.0877395787922,-0.462129500130015,064,"Y51","Q35","00","KB","NB"
"MK426AT",10,52.087445549455,-0.460957345481826,064,"Y51","Q35","00","KB","NB"
"MK426AW",10,52.0872313398006,-0.461767482259521,064,"Y51","Q35","00","KB","NB"
"MK426AX",10,52.0949073253274,-0.463634827362112,064,"Y51","Q35","00","KB","NB"
"MK426AY",10,52.094799905815,-0.462981597016027,064,"Y51","Q35","00","KB","NB"
"MK426AZ",50,52.0945840200763,-0.462974418324922,064,"Y51","Q35","00","KB","NB"
"MK426BA",10,52.0882137491334,-0.465397317568482,064,"Y51","Q35","00","KB","NB"
"MK426BD",10,52.087974379941,-0.464967649130986,064,"Y51","Q35","00","KB","NB"
"MK426BH",10,52.0900303331311,-0.459218986829182,064,"Y51","Q35","00","KB","NB"
"MK426BY",10,52.0902800924396,-0.462509251919446,064,"Y51","Q35","00","KB","NB"
"MK426BZ",10,52.0905940776506,-0.46245466869203,064,"Y51","Q35","00","KB","NB"
"MK426DA",10,52.0903372941756,-0.462069382363494,064,"Y51","Q35","00","KB","NB"
"MK427AA",10,52.1168030358628,-0.502214477577389,064,"Y51","Q35","00","KB","MP"
"MK427AB",10,52.1177148467804,-0.50250524041082,064,"Y51","Q35","00","KB","MP"
"MK427AD",10,52.1062924237279,-0.500814418561253,064,"Y51","Q35","00","KB","MQ"
"MK427AE",10,52.1073545051626,-0.500194709308763,064,"Y51","Q35","00","KB","MQ"
"MK427AF",10,52.1077369515339,-0.49915970987492,064,"Y51","Q35","00","KB","MQ"
"MK427AG",10,52.1083568428157,-0.497707841907654,064,"Y51","Q35","00","KB","MQ"
"MK427AH",10,52.1161697318013,-0.501198737464396,064,"Y51","Q35","00","KB","MP"
"MK427AJ",10,52.1160738523122,-0.502852331933485,064,"Y51","Q35","00","KB","MP"
"MK427AL",10,52.115620496558,-0.503261854068678,064,"Y51","Q35","00","KB","MP"
"MK427AP",50,52.1145491051358,-0.505984985698366,064,"Y51","Q35","00","KB","MQ"
"MK427AR",10,52.114961154547,-0.505153344783321,064,"Y51","Q35","00","KB","MP"
"MK427AS",10,52.1153863409089,-0.505358196099322,064,"Y51","Q35","00","KB","MP"
"MK427AT",10,52.1163367070078,-0.504435493252371,064,"Y51","Q35","00","KB","MP"
"MK427AU",10,52.1168913390422,-0.502795733494741,064,"Y51","Q35","00","KB","MP"
"MK427AW",10,52.1073808666136,-0.498733596389765,064,"Y51","Q35","00","KB","MQ"
"MK427AX",10,52.1176309044456,-0.502975433581191,064,"Y51","Q35","00","KB","MP"
"MK427AY",10,52.1068238271632,-0.496649600007387,064,"Y51","Q35","00","KB","MQ"
"MK427AZ",10,52.1084580123829,-0.486635634078079,064,"Y51","Q35","00","KB","MQ"
"MK427BA",10,52.1175757753703,-0.503590716109437,064,"Y51","Q35","00","KB","MP"
"MK427BB",10,52.1166565328222,-0.505549398463663,064,"Y51","Q35","00","KB","MP"
"MK427BD",10,52.1166716990021,-0.50674652678112,064,"Y51","Q35","00","KB","MP"
"MK427BE",10,52.1162089723829,-0.507127117540258,064,"Y51","Q35","00","KB","MP"
"MK427BF",10,52.1152303180562,-0.501566154723056,064,"Y51","Q35","00","KB","MQ"
"MK427BG",10,52.115747766533,-0.506207803821871,064,"Y51","Q35","00","KB","MP"
"MK427BH",10,52.1158397514337,-0.509213366636489,064,"Y51","Q35","00","KB","MP"
"MK427BJ",10,52.1151584295492,-0.507950870759089,064,"Y51","Q35","00","KB","MP"
"MK427BL",10,52.1154734789463,-0.507268526183636,064,"Y51","Q35","00","KB","MP"
"MK427BN",10,52.114561192319,-0.507649508293656,064,"Y51","Q35","00","KB","MP"
"MK427BP",10,52.1143326661967,-0.505933802908711,064,"Y51","Q35","00","KB","MQ"
"MK427BS",10,52.115201977512,-0.503582572365557,064,"Y51","Q35","00","KB","MQ"
"MK427BT",10,52.115775954484,-0.501343389291394,064,"Y51","Q35","00","KB","MQ"
"MK427BU",10,52.1078651970746,-0.497227881375324,064,"Y51","Q35","00","KB","MQ"
"MK427BX",10,52.116172329533,-0.501403122518837,064,"Y51","Q35","00","KB","MP"
"MK427BY",10,52.1068811670321,-0.498326916060115,064,"Y51","Q35","00","KB","MQ"
"MK427BZ",10,52.1071521543082,-0.497719122371018,064,"Y51","Q35","00","KB","MQ"
"MK427DA",10,52.1132961160598,-0.512131427625931,064,"Y51","Q35","00","KB","MQ"
"MK427DB",10,52.113773497696,-0.508639698338835,064,"Y51","Q35","00","KB","MQ"
"MK427DD",10,52.1138034734481,-0.507455744092954,064,"Y51","Q35","00","KB","MQ"
"MK427DE",10,52.1131417265455,-0.507740717917932,064,"Y51","Q35","00","KB","MQ"
"MK427DF",10,52.1132212588291,-0.50905243858064,064,"Y51","Q35","00","KB","MQ"
"MK427DG",10,52.112485313056,-0.510581194058714,064,"Y51","Q35","00","KB","MQ"
"MK427DH",10,52.1111749201374,-0.512903006792606,064,"Y51","Q35","00","KB","MQ"
"MK427DJ",10,52.111191298199,-0.514202174033395,064,"Y51","Q35","00","KB","MQ"
"MK427DL",10,52.1117501513157,-0.51359944905285,064,"Y51","Q35","00","KB","MQ"
"MK427DN",10,52.1100984457052,-0.513099455207419,064,"Y51","Q35","00","KB","MQ"
"MK427DP",10,52.1113027370884,-0.509496127664744,064,"Y51","Q35","00","KB","MQ"
"MK427DQ",10,52.111259048452,-0.511731925277135,064,"Y51","Q35","00","KB","MQ"
"MK427DR",10,52.1116459219904,-0.50961611633787,064,"Y51","Q35","00","KB","MQ"
"MK427DS",10,52.1125448582685,-0.507468566905143,064,"Y51","Q35","00","KB","MQ"
"MK427DT",10,52.1120179140919,-0.509881184132057,064,"Y51","Q35","00","KB","MQ"
"MK427DU",10,52.1122195123592,-0.510181143798296,064,"Y51","Q35","00","KB","MQ"
"MK427DW",10,52.1103814063208,-0.512009402419054,064,"Y51","Q35","00","KB","MQ"
"MK427DX",10,52.1133939762204,-0.506359497261681,064,"Y51","Q35","00","KB","MQ"
"MK427DY",10,52.1130880617121,-0.504923910867059,064,"Y51","Q35","00","KB","MQ"
"MK427DZ",10,52.1131939748114,-0.504058721482986,064,"Y51","Q35","00","KB","MQ"
"MK427EA",10,52.1142556055934,-0.504110813708397,064,"Y51","Q35","00","KB","MQ"
"MK427EB",10,52.1090836181606,-0.510344073414865,064,"Y51","Q35","00","KB","MQ"
"MK427ED",10,52.1127258327346,-0.506849154628882,064,"Y51","Q35","00","KB","MQ"
"MK427EE",10,52.1076371622893,-0.496972704565457,064,"Y51","Q35","00","KB","MQ"
"MK427EF",10,52.1079365056783,-0.495064318327366,064,"Y51","Q35","00","KB","MQ"
"MK427EG",10,52.1147930953879,-0.503245750408057,064,"Y51","Q35","00","KB","MQ"
"MK427EH",10,52.1147218425713,-0.502590926196028,064,"Y51","Q35","00","KB","MQ"
"MK427EJ",10,52.114812442873,-0.501229652532068,064,"Y51","Q35","00","KB","MQ"
"MK427EL",10,52.1151789641682,-0.500355675572479,064,"Y51","Q35","00","KB","MQ"
"MK427EN",10,52.1141394145795,-0.50204086543099,064,"Y51","Q35","00","KB","MQ"
"MK427EP",10,52.113952511745,-0.500776544492824,064,"Y51","Q35","00","KB","MQ"
"MK427EQ",10,52.1163592260831,-0.502667508840518,064,"Y51","Q35","00","KB","MP"
"MK427ER",10,52.1132317799706,-0.502786891509069,064,"Y51","Q35","00","KB","MQ"
"MK427ES",10,52.1125889384526,-0.504560903593508,064,"Y51","Q35","00","KB","MQ"
"MK427ET",10,52.1122252359688,-0.506369347167023,064,"Y51","Q35","00","KB","MQ"
"MK427EU",10,52.1136236540397,-0.499663043086849,064,"Y51","Q35","00","KB","MQ"
"MK427EW",10,52.1131018599105,-0.501053349810256,064,"Y51","Q35","00","KB","MQ"
"MK427EX",10,52.112484217685,-0.500562925741137,064,"Y51","Q35","00","KB","MQ"
"MK427EY",10,52.11113543377,-0.499848790916091,064,"Y51","Q35","00","KB","MQ"
"MK427EZ",10,52.1107856969012,-0.501335471894949,064,"Y51","Q35","00","KB","MQ"
"MK427FA",10,52.1142170461902,-0.505324278725636,064,"Y51","Q35","00","KB","MQ"
"MK427FP",10,52.1344263755372,-0.475586431539319,064,"Y51","Q35","00","KB","MD"
"MK427HA",10,52.1102217948611,-0.500828663086751,064,"Y51","Q35","00","KB","MQ"
"MK427HB",10,52.1106981491894,-0.502229212555744,064,"Y51","Q35","00","KB","MQ"
"MK427HD",10,52.1105957698197,-0.503371702914554,064,"Y51","Q35","00","KB","MQ"
"MK427HE",10,52.1096646775796,-0.501562896713534,064,"Y51","Q35","00","KB","MQ"
"MK427HF",10,52.1090271345944,-0.503044550218509,064,"Y51","Q35","00","KB","MQ"
"MK427HG",10,52.1094180309439,-0.504798415625477,064,"Y51","Q35","00","KB","MQ"
"MK427HH",10,52.1097395526974,-0.503210531454676,064,"Y51","Q35","00","KB","MQ"
"MK427HJ",10,52.1103461458684,-0.504957211663441,064,"Y51","Q35","00","KB","MQ"
"MK427HL",10,52.1106734988264,-0.50453736858188,064,"Y51","Q35","00","KB","MQ"
"MK427HN",10,52.1085339274122,-0.504565140236063,064,"Y51","Q35","00","KB","MQ"
"MK427HP",10,52.110562849546,-0.505738542459488,064,"Y51","Q35","00","KB","MQ"
"MK427HQ",10,52.1093851443539,-0.504332221867124,064,"Y51","Q35","00","KB","MQ"
"MK427HR",10,52.1112489636369,-0.505248291820181,064,"Y51","Q35","00","KB","MQ"
"MK427HS",10,52.1114961707902,-0.504889537763296,064,"Y51","Q35","00","KB","MQ"
"MK427HT",10,52.1115261071642,-0.502289089721864,064,"Y51","Q35","00","KB","MQ"
"MK427HU",10,52.1079763854868,-0.491149508455794,064,"Y51","Q35","00","KB","MQ"
"MK427HX",10,52.111863703182,-0.506220787641163,064,"Y51","Q35","00","KB","MQ"
"MK427HY",10,52.111554060435,-0.505909856070015,064,"Y51","Q35","00","KB","MQ"
"MK427HZ",10,52.1085205311559,-0.499264825258976,064,"Y51","Q35","00","KB","MQ"
"MK427JA",10,52.1126609079693,-0.494671580539998,064,"Y51","Q35","00","KB","MQ"
"MK427JB",10,52.1132405010866,-0.492884949886926,064,"Y51","Q35","00","KB","MQ"
"MK427JD",10,52.113050906393,-0.490715324762053,064,"Y51","Q35","00","KB","MQ"
"MK427JE",10,52.1066112962732,-0.494086788146769,064,"Y51","Q35","00","KB","MQ"
"MK427JF",10,52.1079763854868,-0.491149508455794,064,"Y51","Q35","00","KB","MQ"
"MK427JH",10,52.1122098048995,-0.491736791287604,064,"Y51","Q35","00","KB","MQ"
"MK427JJ",10,52.1130413939743,-0.488568835777967,064,"Y51","Q35","00","KB","MQ"
"MK427JL",10,52.1137146926321,-0.489188658382312,064,"Y51","Q35","00","KB","MQ"
"MK427JN",10,52.1136038410366,-0.489659744387827,064,"Y51","Q35","00","KB","MQ"
"MK427JP",10,52.1136511228216,-0.49265203788356,064,"Y51","Q35","00","KB","MQ"
"MK427JR",10,52.1133632309817,-0.494750155204714,064,"Y51","Q35","00","KB","MQ"
"MK427JS",10,52.1137240320829,-0.494840234004616,064,"Y51","Q35","00","KB","MQ"
"MK427JT",10,52.114022852848,-0.495005423787393,064,"Y51","Q35","00","KB","MQ"
"MK427JU",10,52.114332008123,-0.494571480616205,064,"Y51","Q35","00","KB","MQ"
"MK427JW",10,52.1140380253497,-0.490565153440258,064,"Y51","Q35","00","KB","MQ"
"MK427JX",10,52.1146652879464,-0.49461867274883,064,"Y51","Q35","00","KB","MQ"
"MK427JY",10,52.1053690214311,-0.50031972573082,064,"Y51","Q35","00","KB","MQ"
"MK427LA",10,52.1138515744179,-0.49426636670794,064,"Y51","Q35","00","KB","MQ"
"MK427LB",10,52.1141350699784,-0.493935516346202,064,"Y51","Q35","00","KB","MQ"
"MK427LD",10,52.1145981594025,-0.492882980166325,064,"Y51","Q35","00","KB","MQ"
"MK427LF",10,52.1080380193891,-0.494564415516955,064,"Y51","Q35","00","KB","MQ"
"MK427LG",10,52.1160420710667,-0.503890359436266,064,"Y51","Q35","00","KB","MP"
"MK427LH",10,52.1157070925125,-0.488201185777524,064,"Y51","Q35","00","KB","MQ"
"MK427LJ",10,52.1128783128007,-0.487070128381299,064,"Y51","Q35","00","KB","MQ"
"MK427LL",10,52.1139062459238,-0.487999223693576,064,"Y51","Q35","00","KB","MQ"
"MK427LP",10,52.1146280446391,-0.488193873803443,064,"Y51","Q35","00","KB","MQ"
"MK427LQ",10,52.1344263755372,-0.475586431539319,064,"Y51","Q35","00","KB","MD"
"MK427LR",10,52.1149890374421,-0.488298500359041,064,"Y51","Q35","00","KB","MQ"
"MK427LS",10,52.1141125774875,-0.488664050325878,064,"Y51","Q35","00","KB","MQ"
"MK427LT",10,52.1150088511112,-0.490546968525689,064,"Y51","Q35","00","KB","MQ"
"MK427LU",10,52.1141892474642,-0.492546261185084,064,"Y51","Q35","00","KB","MQ"
"MK427LX",10,52.1144767258422,-0.490418894960573,064,"Y51","Q35","00","KB","MQ"
"MK427NA",10,52.1144760092092,-0.487556413409664,064,"Y51","Q35","00","KB","MQ"
"MK427NB",10,52.1152595968431,-0.48766133853828,064,"Y51","Q35","00","KB","MQ"
"MK427ND",10,52.1155662822552,-0.489140667843654,064,"Y51","Q35","00","KB","MQ"
"MK427NH",10,52.1158305815929,-0.483114444022324,064,"Y51","Q35","00","KB","MQ"
"MK427NJ",10,52.1161460783334,-0.483176760861958,064,"Y51","Q35","00","KB","MQ"
"MK427NL",10,52.1153727605386,-0.482472762084674,064,"Y51","Q35","00","KB","MQ"
"MK427NP",10,52.1156172294196,-0.481208430082906,064,"Y51","Q35","00","KB","MQ"
"MK427NR",10,52.1147873421036,-0.480301930428568,064,"Y51","Q35","00","KB","MQ"
"MK427NS",10,52.1143157014633,-0.484874597021133,064,"Y51","Q35","00","KB","MQ"
"MK427NT",10,52.1146790090624,-0.481663851437148,064,"Y51","Q35","00","KB","MQ"
"MK427NU",10,52.115311755684,-0.483321918080503,064,"Y51","Q35","00","KB","MQ"
"MK427NX",10,52.1159349107502,-0.484235495991174,064,"Y51","Q35","00","KB","MQ"
"MK427PA",10,52.1147935148042,-0.484274208741186,064,"Y51","Q35","00","KB","MQ"
"MK427PB",10,52.1157574325404,-0.485117818530296,064,"Y51","Q35","00","KB","MQ"
"MK427PD",10,52.1148882828313,-0.485351747044527,064,"Y51","Q35","00","KB","MQ"
"MK427PE",10,52.1160171570939,-0.487139127319201,064,"Y51","Q35","00","KB","MQ"
"MK427PF",10,52.115477165009,-0.487098987704564,064,"Y51","Q35","00","KB","MQ"
"MK427PH",10,52.1155230333339,-0.486469421311819,064,"Y51","Q35","00","KB","MQ"
"MK427PJ",10,52.1141152030338,-0.487466392147319,064,"Y51","Q35","00","KB","MQ"
"MK427PL",10,52.1147782094583,-0.487283301248416,064,"Y51","Q35","00","KB","MQ"
"MK427PN",10,52.1057332546764,-0.497854413824215,064,"Y51","Q35","00","KB","MQ"
"MK427PP",10,52.1138189909334,-0.486804614104906,064,"Y51","Q35","00","KB","MQ"
"MK427PR",10,52.1142144357536,-0.486791224963716,064,"Y51","Q35","00","KB","MQ"
"MK427PS",10,52.1138614716598,-0.485211293441037,064,"Y51","Q35","00","KB","MQ"
"MK427PT",10,52.1139594727405,-0.496380375571256,064,"Y51","Q35","00","KB","MQ"
"MK427PU",10,52.1081732482003,-0.498823805466863,064,"Y51","Q35","00","KB","MQ"
"MK427PW",10,52.1055567279278,-0.497407692795236,064,"Y51","Q35","00","KB","MQ"
"MK427QA",10,52.11379038704,-0.496517503694095,064,"Y51","Q35","00","KB","MQ"
"MK427QB",10,52.1089570654803,-0.496125169654971,064,"Y51","Q35","00","KB","MQ"
"MK427QG",10,52.112413581419,-0.497133371738408,064,"Y51","Q35","00","KB","MQ"
"MK427QH",10,52.1098492260681,-0.500519890822465,064,"Y51","Q35","00","KB","MQ"
"MK427QJ",10,52.1094309765645,-0.500154244523609,064,"Y51","Q35","00","KB","MQ"
"MK427QL",10,52.1085378771092,-0.499921362731989,064,"Y51","Q35","00","KB","MQ"
"MK427QN",10,52.1096179956796,-0.498600049574551,064,"Y51","Q35","00","KB","MQ"
"MK427QP",10,52.1095585454007,-0.499580447245656,064,"Y51","Q35","00","KB","MQ"
"MK427QQ",10,52.1125209265843,-0.496384959804183,064,"Y51","Q35","00","KB","MQ"
"MK427QR",10,52.1120547693705,-0.497904835107756,064,"Y51","Q35","00","KB","MQ"
"MK427QS",10,52.112802380096,-0.495893557021253,064,"Y51","Q35","00","KB","MQ"
"MK427QT",10,52.113212076798,-0.495587685269035,064,"Y51","Q35","00","KB","MQ"
"MK427QU",10,52.1115653747545,-0.494781495757252,064,"Y51","Q35","00","KB","MQ"
"MK427QX",10,52.1110569893765,-0.49158584699508,064,"Y51","Q35","00","KB","MQ"
"MK427RA",10,52.1083969030748,-0.491690214226599,064,"Y51","Q35","00","KB","MQ"
"MK427RB",10,52.1115655831397,-0.489173681443846,064,"Y51","Q35","00","KB","MQ"
"MK427RD",10,52.112540523447,-0.489476617054825,064,"Y51","Q35","00","KB","MQ"
"MK427RE",10,52.1121366661938,-0.488132107241911,064,"Y51","Q35","00","KB","MQ"
"MK427RF",10,52.1125113249887,-0.488601365134739,064,"Y51","Q35","00","KB","MQ"
"MK427RG",10,52.1122080045363,-0.487384896156649,064,"Y51","Q35","00","KB","MQ"
"MK427RH",10,52.1118484982416,-0.485995101291139,064,"Y51","Q35","00","KB","MQ"
"MK427RJ",10,52.1113255430761,-0.485881383107261,064,"Y51","Q35","00","KB","MQ"
"MK427RL",10,52.1112298754665,-0.488235797574936,064,"Y51","Q35","00","KB","MQ"
"MK427RN",10,52.1101755429816,-0.488052408734307,064,"Y51","Q35","00","KB","MQ"
"MK427RP",10,52.1116980246594,-0.493199828408211,064,"Y51","Q35","00","KB","MQ"
"MK427RQ",10,52.1113152567233,-0.487181451249505,064,"Y51","Q35","00","KB","MQ"
"MK427RR",10,52.1106253811831,-0.492286770366643,064,"Y51","Q35","00","KB","MQ"
"MK427RT",10,52.1101028955818,-0.487295499996957,064,"Y51","Q35","00","KB","MQ"
"MK427RU",10,52.1116322492443,-0.488061547371744,064,"Y51","Q35","00","KB","MQ"
"MK427RW",10,52.1100931550512,-0.486536463663728,064,"Y51","Q35","00","KB","MQ"
"MK427RX",10,52.1118372335609,-0.490727100972783,064,"Y51","Q35","00","KB","MQ"
"MK427RY",10,52.1111179044664,-0.486516368663267,064,"Y51","Q35","00","KB","MQ"
"MK427RZ",10,52.1107475504833,-0.488485765395548,064,"Y51","Q35","00","KB","MQ"
"MK427SB",10,52.1092987902464,-0.492608971944401,064,"Y51","Q35","00","KB","MQ"
"MK427SE",10,52.1084758322036,-0.493644306599104,064,"Y51","Q35","00","KB","MQ"
"MK427SF",10,52.1109544548778,-0.496934174121823,064,"Y51","Q35","00","KB","MQ"
"MK427SG",10,52.1102372624022,-0.497805278057988,064,"Y51","Q35","00","KB","MQ"
"MK427SH",10,52.1091052278897,-0.491534887653568,064,"Y51","Q35","00","KB","MQ"
"MK427SQ",10,52.1102239687557,-0.495352384073581,064,"Y51","Q35","00","KB","MQ"
"MK427SU",10,52.1081002915939,-0.492401143956573,064,"Y51","Q35","00","KB","MQ"
"MK427SX",10,52.1105404683792,-0.487061641182963,064,"Y51","Q35","00","KB","MQ"
"MK427SY",10,52.1072822772598,-0.491713220487305,064,"Y51","Q35","00","KB","MQ"
"MK427TH",10,52.1100969272223,-0.496670946599376,064,"Y51","Q35","00","KB","MQ"
"MK427TJ",10,52.1113802767094,-0.498599267906244,064,"Y51","Q35","00","KB","MQ"
"MK427TN",10,52.1063409910626,-0.498272051436395,064,"Y51","Q35","00","KB","MQ"
"MK427TP",10,52.1101878820675,-0.48971675838944,064,"Y51","Q35","00","KB","MQ"
"MK427TR",10,52.1091343094922,-0.48889078623337,064,"Y51","Q35","00","KB","MQ"
"MK427TS",10,52.1101579374048,-0.488783164782401,064,"Y51","Q35","00","KB","MQ"
"MK427TT",10,52.109458235944,-0.488208098442223,064,"Y51","Q35","00","KB","MQ"
"MK427TY",10,52.1111567506301,-0.495875917604717,064,"Y51","Q35","00","KB","MQ"
"MK427TZ",10,52.1111748602457,-0.496590881161233,064,"Y51","Q35","00","KB","MQ"
"MK427UA",10,52.1059917716806,-0.49626872921557,064,"Y51","Q35","00","KB","MQ"
"MK427UH",10,52.1083902061384,-0.494683978310868,064,"Y51","Q35","00","KB","MQ"
"MK427UP",10,52.105613614116,-0.499756655919232,064,"Y51","Q35","00","KB","MQ"
"MK427WJ",10,52.1344263755372,-0.475586431539319,064,"Y51","Q35","00","KB","MD"
"MK427WT",10,52.1344263755372,-0.475586431539319,064,"Y51","Q35","00","KB","MD"
"MK427WU",10,52.1344263755372,-0.475586431539319,064,"Y51","Q35","00","KB","MD"
"MK427XQ",10,52.1344263755372,-0.475586431539319,064,"Y51","Q35","00","KB","MD"
"MK427XR",10,52.1344263755372,-0.475586431539319,064,"Y51","Q35","00","KB","MD"
"MK427XT",10,52.1065119753292,-0.495462722686385,064,"Y51","Q35","00","KB","MQ"
"MK427YN",10,52.1344263755372,-0.475586431539319,064,"Y51","Q35","00","KB","MD"
"MK427YW",10,52.1344263755372,-0.475586431539319,064,"Y51","Q35","00","KB","MD"
"MK428AA",10,52.1262128240758,-0.482206809279489,064,"Y51","Q35","00","KB","MP"
"MK428AB",10,52.125516287501,-0.481879876616975,064,"Y51","Q35","00","KB","MP"
"MK428AD",10,52.1253054029766,-0.480864470704098,064,"Y51","Q35","00","KB","MN"
"MK428AE",10,52.1249140101118,-0.479796784282834,064,"Y51","Q35","00","KB","MN"
"MK428AF",10,52.1248299711935,-0.480252492689542,064,"Y51","Q35","00","KB","MN"
"MK428AG",10,52.1247114860638,-0.480826234655986,064,"Y51","Q35","00","KB","MN"
"MK428AH",10,52.1249221828471,-0.481827025276181,064,"Y51","Q35","00","KB","MN"
"MK428AJ",10,52.124412723687,-0.482063456265132,064,"Y51","Q35","00","KB","MN"
"MK428AL",10,52.1226754555216,-0.480515676080606,064,"Y51","Q35","00","KB","MN"
"MK428AN",10,52.125152774403,-0.484375610481029,064,"Y51","Q35","00","KB","MP"
"MK428AP",10,52.1237054505186,-0.490705996767832,064,"Y51","Q35","00","KB","MP"
"MK428AQ",10,52.1245184666743,-0.481197996262589,064,"Y51","Q35","00","KB","MN"
"MK428AS",10,52.1262938622464,-0.48151745649406,064,"Y51","Q35","00","KB","MP"
"MK428AT",10,52.1212797459195,-0.492263228964522,064,"Y51","Q35","00","KB","MP"
"MK428AU",10,52.1211149268777,-0.493437333607332,064,"Y51","Q35","00","KB","MP"
"MK428AW",10,52.1247901255839,-0.485541945766425,064,"Y51","Q35","00","KB","MP"
"MK428AX",10,52.1199881440578,-0.493212410197754,064,"Y51","Q35","00","KB","MP"
"MK428AY",10,52.1172903146812,-0.495289731896618,064,"Y51","Q35","00","KB","MN"
"MK428BA",10,52.1229074667812,-0.485970948496764,064,"Y51","Q35","00","KB","MN"
"MK428BB",10,52.1219802829002,-0.487287790853194,064,"Y51","Q35","00","KB","MN"
"MK428BD",10,52.1204964298191,-0.487264994823118,064,"Y51","Q35","00","KB","MN"
"MK428BE",10,52.1201852427942,-0.487538447076372,064,"Y51","Q35","00","KB","MN"
"MK428BG",10,52.1211540033101,-0.488761839537921,064,"Y51","Q35","00","KB","MN"
"MK428BH",10,52.1197412212307,-0.492183686979539,064,"Y51","Q35","00","KB","MN"
"MK428BL",10,52.1191689505712,-0.493838886528002,064,"Y51","Q35","00","KB","MN"
"MK428BN",10,52.1202043725505,-0.496769100691997,064,"Y51","Q35","00","KB","MP"
"MK428BP",10,52.1191793908183,-0.494656479045738,064,"Y51","Q35","00","KB","MP"
"MK428BQ",10,52.1205171875955,-0.490287857633628,064,"Y51","Q35","00","KB","MN"
"MK428BT",10,52.1217901668681,-0.495620222722321,064,"Y51","Q35","00","KB","MP"
"MK428BU",10,52.1217064386916,-0.496105072025827,064,"Y51","Q35","00","KB","MP"
"MK428BW",10,52.1204258935116,-0.49651333665842,064,"Y51","Q35","00","KB","MP"
"MK428BX",10,52.1203890624981,-0.495740429192444,064,"Y51","Q35","00","KB","MP"
"MK428DA",10,52.1200120879579,-0.493679008331401,064,"Y51","Q35","00","KB","MP"
"MK428DD",10,52.1204592793494,-0.492086422862756,064,"Y51","Q35","00","KB","MP"
"MK428DE",10,52.1242742615304,-0.480388259382345,064,"Y51","Q35","00","KB","MN"
"MK428DF",10,52.1239996049448,-0.480704364369875,064,"Y51","Q35","00","KB","MN"
"MK428DG",10,52.1239536681818,-0.492538183494483,064,"Y51","Q35","00","KB","MP"
"MK428DH",10,52.1205912894885,-0.491862868543634,064,"Y51","Q35","00","KB","MP"
"MK428DL",10,52.120205924914,-0.492664626056055,064,"Y51","Q35","00","KB","MP"
"MK428DN",10,52.1198099690933,-0.491231953631912,064,"Y51","Q35","00","KB","MN"
"MK428DR",10,52.119607779098,-0.490187127442041,064,"Y51","Q35","00","KB","MN"
"MK428DS",10,52.120130377482,-0.488869493133688,064,"Y51","Q35","00","KB","MN"
"MK428DT",10,52.1189066007969,-0.488092939227897,064,"Y51","Q35","00","KB","MN"
"MK428DU",10,52.1175498775832,-0.486765913587566,064,"Y51","Q35","00","KB","MN"
"MK428DW",10,52.1194390749111,-0.490353496484095,064,"Y51","Q35","00","KB","MN"
"MK428DX",10,52.1169078452703,-0.487883061050691,064,"Y51","Q35","00","KB","MN"
"MK428EA",10,52.11886184685,-0.488810150247614,064,"Y51","Q35","00","KB","MN"
"MK428EB",10,52.118859220004,-0.489306844933033,064,"Y51","Q35","00","KB","MN"
"MK428ED",10,52.1192642134564,-0.489336971241818,064,"Y51","Q35","00","KB","MN"
"MK428EG",10,52.1144167893742,-0.497694007055287,064,"Y51","Q35","00","KB","MN"
"MK428EH",10,52.1162087708594,-0.492974714935245,064,"Y51","Q35","00","KB","MN"
"MK428EN",10,52.1191747187721,-0.486564826595636,064,"Y51","Q35","00","KB","MN"
"MK428EP",10,52.1151414159249,-0.499524460766238,064,"Y51","Q35","00","KB","MQ"
"MK428ER",10,52.1145660344085,-0.499529174157814,064,"Y51","Q35","00","KB","MQ"
"MK428ES",10,52.1144000540454,-0.498497821590227,064,"Y51","Q35","00","KB","MQ"
"MK428ET",10,52.1139258830494,-0.499390017563454,064,"Y51","Q35","00","KB","MQ"
"MK428EX",10,52.1147144657443,-0.495653949159252,064,"Y51","Q35","00","KB","MQ"
"MK428HA",10,52.1162120940045,-0.493938544847412,064,"Y51","Q35","00","KB","MN"
"MK428HB",10,52.1154984472961,-0.491567383433458,064,"Y51","Q35","00","KB","MN"
"MK428HD",10,52.1158940544542,-0.492269679093616,064,"Y51","Q35","00","KB","MN"
"MK428HE",10,52.1157627321117,-0.498890188731071,064,"Y51","Q35","00","KB","MN"
"MK428HF",10,52.1158476499767,-0.497791957275773,064,"Y51","Q35","00","KB","MN"
"MK428HG",10,52.1158164655836,-0.496756047266616,064,"Y51","Q35","00","KB","MN"
"MK428HH",10,52.1164906810552,-0.487605071103752,064,"Y51","Q35","00","KB","MN"
"MK428HJ",10,52.1159855142801,-0.488177161832953,064,"Y51","Q35","00","KB","MN"
"MK428HL",10,52.1170670165243,-0.493997364949165,064,"Y51","Q35","00","KB","MN"
"MK428HN",10,52.1168526598814,-0.493405767915111,064,"Y51","Q35","00","KB","MN"
"MK428HP",10,52.1184124789128,-0.494448620393246,064,"Y51","Q35","00","KB","MN"
"MK428HQ",10,52.1272219962537,-0.497117311472909,064,"Y51","Q35","00","KB","MP"
"MK428HR",10,52.1179741851909,-0.493922974419464,064,"Y51","Q35","00","KB","MN"
"MK428HS",10,52.1181880519312,-0.493068628271239,064,"Y51","Q35","00","KB","MN"
"MK428HT",10,52.1166540630053,-0.491937325303311,064,"Y51","Q35","00","KB","MN"
"MK428HU",10,52.1173269975903,-0.491826982325564,064,"Y51","Q35","00","KB","MN"
"MK428HW",10,52.1269413912976,-0.496264839466734,064,"Y51","Q35","00","KB","MP"
"MK428HX",10,52.1173242344266,-0.490205859626223,064,"Y51","Q35","00","KB","MN"
"MK428HZ",10,52.1165359423176,-0.491138020479404,064,"Y51","Q35","00","KB","MN"
"MK428JA",10,52.1170774729169,-0.489191813747513,064,"Y51","Q35","00","KB","MN"
"MK428JB",10,52.1176376915355,-0.488705492283831,064,"Y51","Q35","00","KB","MN"
"MK428JD",10,52.1169370121936,-0.490861580858325,064,"Y51","Q35","00","KB","MN"
"MK428JE",10,52.1183890599247,-0.489804734658562,064,"Y51","Q35","00","KB","MN"
"MK428JF",10,52.1185822657229,-0.49084983419278,064,"Y51","Q35","00","KB","MN"
"MK428JG",10,52.116091166785,-0.496440099014125,064,"Y51","Q35","00","KB","MN"
"MK428JH",10,52.1186743601612,-0.49172308326584,064,"Y51","Q35","00","KB","MN"
"MK428JJ",10,52.1129070251124,-0.498460356047397,064,"Y51","Q35","00","KB","MQ"
"MK428JL",10,52.114131546464,-0.498594469509902,064,"Y51","Q35","00","KB","MQ"
"MK428JN",10,52.1137145269423,-0.499032005207883,064,"Y51","Q35","00","KB","MQ"
"MK428JP",10,52.1137960989179,-0.497671058006141,064,"Y51","Q35","00","KB","MQ"
"MK428JQ",10,52.1155821471873,-0.495303432006951,064,"Y51","Q35","00","KB","MN"
"MK428JR",10,52.1132954655929,-0.497191342881133,064,"Y51","Q35","00","KB","MQ"
"MK428JS",10,52.1124570957991,-0.498431659821914,064,"Y51","Q35","00","KB","MQ"
"MK428JT",10,52.1166048493136,-0.495122943627601,064,"Y51","Q35","00","KB","MN"
"MK428JU",10,52.1151833244046,-0.497872707167014,064,"Y51","Q35","00","KB","MN"
"MK428JX",10,52.1146258450039,-0.496460188435572,064,"Y51","Q35","00","KB","MN"
"MK428JY",10,52.1180044132928,-0.492067023042783,064,"Y51","Q35","00","KB","MN"
"MK428JZ",10,52.119182695815,-0.492100290928152,064,"Y51","Q35","00","KB","MN"
"MK428LB",10,52.1196292383915,-0.492567229626256,064,"Y51","Q35","00","KB","MN"
"MK428LH",10,52.1187123314844,-0.482768317890085,064,"Y51","Q35","00","KB","MN"
"MK428LJ",10,52.1174685065147,-0.482533043107176,064,"Y51","Q35","00","KB","MN"
"MK428LL",10,52.1201464790906,-0.481025267692412,064,"Y51","Q35","00","KB","MN"
"MK428LP",10,52.1230721906925,-0.484095614153573,064,"Y51","Q35","00","KB","MN"
"MK428LR",10,52.1211853573576,-0.482801196276899,064,"Y51","Q35","00","KB","MN"
"MK428LS",10,52.1228520109945,-0.484453661645195,064,"Y51","Q35","00","KB","MN"
"MK428LT",10,52.1213640054666,-0.483408619044589,064,"Y51","Q35","00","KB","MN"
"MK428LU",10,52.1207319314308,-0.480406490873058,064,"Y51","Q35","00","KB","MN"
"MK428LX",10,52.1202164539561,-0.480175711170408,064,"Y51","Q35","00","KB","MN"
"MK428LY",10,52.1187284114597,-0.479130871688131,064,"Y51","Q35","00","KB","MN"
"MK428LZ",10,52.118198583573,-0.479879197274955,064,"Y51","Q35","00","KB","MN"
"MK428NA",10,52.1204177049356,-0.479745274921906,064,"Y51","Q35","00","KB","MN"
"MK428NB",10,52.1195155225674,-0.481601755500623,064,"Y51","Q35","00","KB","MN"
"MK428ND",10,52.1171268759197,-0.480441452086664,064,"Y51","Q35","00","KB","MN"
"MK428NE",10,52.1178707563352,-0.48025549300062,064,"Y51","Q35","00","KB","MN"
"MK428NG",10,52.1192566895522,-0.480354417974233,064,"Y51","Q35","00","KB","MN"
"MK428NH",10,52.1169739439955,-0.481133108668427,064,"Y51","Q35","00","KB","MN"
"MK428NJ",10,52.116612945368,-0.4810285358199,064,"Y51","Q35","00","KB","MN"
"MK428NL",10,52.1165862421914,-0.482446159827421,064,"Y51","Q35","00","KB","MN"
"MK428NN",10,52.1169952324792,-0.484184925267371,064,"Y51","Q35","00","KB","MN"
"MK428NP",10,52.1171893636506,-0.483199770538633,064,"Y51","Q35","00","KB","MN"
"MK428NQ",10,52.1188345017675,-0.485977501533153,064,"Y51","Q35","00","KB","MN"
"MK428NR",10,52.1190643101418,-0.48217212124646,064,"Y51","Q35","00","KB","MN"
"MK428NS",10,52.1204403460955,-0.482899526765157,064,"Y51","Q35","00","KB","MN"
"MK428NT",10,52.1203492276343,-0.484903717925683,064,"Y51","Q35","00","KB","MN"
"MK428NU",10,52.1197429467759,-0.484602935985653,064,"Y51","Q35","00","KB","MN"
"MK428NW",10,52.1182478324254,-0.483704258900473,064,"Y51","Q35","00","KB","MN"
"MK428NX",10,52.1194066388801,-0.483621117195226,064,"Y51","Q35","00","KB","MN"
"MK428NY",10,52.1217804695298,-0.485030468684597,064,"Y51","Q35","00","KB","MN"
"MK428NZ",10,52.121991851371,-0.484687338233748,064,"Y51","Q35","00","KB","MN"
"MK428PA",10,52.1230838245996,-0.485000880912358,064,"Y51","Q35","00","KB","MN"
"MK428PB",10,52.1158997039039,-0.499761892039476,064,"Y51","Q35","00","KB","MN"
"MK428PD",10,52.1215908117815,-0.485664998486207,064,"Y51","Q35","00","KB","MN"
"MK428PE",10,52.1183836030199,-0.484473764865695,064,"Y51","Q35","00","KB","MN"
"MK428PF",10,52.1177085906218,-0.483722556641319,064,"Y51","Q35","00","KB","MN"
"MK428PG",10,52.1280731335342,-0.499703696061506,064,"Y51","Q35","00","KB","MP"
"MK428PH",10,52.121259414195,-0.486465000048304,064,"Y51","Q35","00","KB","MN"
"MK428PJ",10,52.12103023966,-0.486823325665924,064,"Y51","Q35","00","KB","MN"
"MK428PL",10,52.1152897843814,-0.478824354430704,064,"Y51","Q35","00","KB","ME"
"MK428PN",10,52.1246613287064,-0.487416130344372,064,"Y51","Q35","00","KB","MP"
"MK428PP",10,52.1177264124408,-0.4949391168007,064,"Y51","Q35","00","KB","MN"
"MK428PS",10,52.1164948684534,-0.498485858984364,064,"Y51","Q35","00","KB","MN"
"MK428PU",10,52.1192727764572,-0.499867737855677,064,"Y51","Q35","00","KB","MP"
"MK428PW",10,52.1344263755372,-0.475586431539319,064,"Y51","Q35","00","KB","MD"
"MK428PX",10,52.1172258242431,-0.498694986599367,064,"Y51","Q35","00","KB","MP"
"MK428PY",10,52.1169033920991,-0.498793451306216,064,"Y51","Q35","00","KB","MP"
"MK428QA",10,52.1175593781343,-0.495236854986859,064,"Y51","Q35","00","KB","MN"
"MK428QB",10,52.1182687279112,-0.49657131204038,064,"Y51","Q35","00","KB","MP"
"MK428QD",10,52.1187323988257,-0.495562503632865,064,"Y51","Q35","00","KB","MP"
"MK428QE",10,52.120434520443,-0.498601783816327,064,"Y51","Q35","00","KB","MP"
"MK428QF",10,52.1197370973257,-0.498201634650749,064,"Y51","Q35","00","KB","MP"
"MK428QG",10,52.1279352302949,-0.498758742313456,064,"Y51","Q35","00","KB","MP"
"MK428QH",10,52.1187189744834,-0.497330281157139,064,"Y51","Q35","00","KB","MP"
"MK428QJ",10,52.1191506835322,-0.498046070093885,064,"Y51","Q35","00","KB","MP"
"MK428QL",10,52.1195447656714,-0.498631680522377,064,"Y51","Q35","00","KB","MP"
"MK428QP",10,52.1211403036049,-0.499658969647354,064,"Y51","Q35","00","KB","MP"
"MK428QQ",10,52.1185204482508,-0.497979618117711,064,"Y51","Q35","00","KB","MP"
"MK428QR",10,52.1214442716249,-0.498816170244362,064,"Y51","Q35","00","KB","MP"
"MK428QS",10,52.1239516236057,-0.500134260618066,064,"Y51","Q35","00","KB","MP"
"MK428QT",10,52.1232045532205,-0.50007169588604,064,"Y51","Q35","00","KB","MP"
"MK428QU",10,52.1230423592139,-0.498631007947649,064,"Y51","Q35","00","KB","MP"
"MK428QW",10,52.1245963730692,-0.499221532037765,064,"Y51","Q35","00","KB","MP"
"MK428QX",10,52.1238496740595,-0.499188184751874,064,"Y51","Q35","00","KB","MP"
"MK428QY",10,52.124081366964,-0.498318544411361,064,"Y51","Q35","00","KB","MP"
"MK428QZ",10,52.1232045532205,-0.50007169588604,064,"Y51","Q35","00","KB","MP"
"MK428RA",10,52.1242176006854,-0.499132001506942,064,"Y51","Q35","00","KB","MP"
"MK428RB",10,52.1222615691869,-0.498744888274565,064,"Y51","Q35","00","KB","MP"
"MK428RD",10,52.1225313105569,-0.499451579339242,064,"Y51","Q35","00","KB","MP"
"MK428RE",10,52.1262475735438,-0.499677356288409,064,"Y51","Q35","00","KB","MP"
"MK428RF",10,52.1260135291473,-0.499655999839064,064,"Y51","Q35","00","KB","MP"
"MK428RG",10,52.126676779561,-0.500904671669736,064,"Y51","Q35","00","KB","MP"
"MK428RH",10,52.121265312195,-0.500297472178994,064,"Y51","Q35","00","KB","MP"
"MK428RJ",10,52.1222739464577,-0.500424295078682,064,"Y51","Q35","00","KB","MP"
"MK428RL",10,52.1258136158206,-0.500904420309962,064,"Y51","Q35","00","KB","MP"
"MK428RN",10,52.1272852827508,-0.499262675236392,064,"Y51","Q35","00","KB","MP"
"MK428RQ",10,52.1217287584364,-0.499975169941126,064,"Y51","Q35","00","KB","MP"
"MK428RS",10,52.123583992145,-0.500920804349013,064,"Y51","Q35","00","KB","MP"
"MK428RT",10,52.1246740691411,-0.50108873804588,064,"Y51","Q35","00","KB","MP"
"MK428RU",10,52.1257944482164,-0.501518612233044,064,"Y51","Q35","00","KB","MP"
"MK428RX",10,52.1271783259226,-0.501457582033412,064,"Y51","Q35","00","KB","MP"
"MK428RY",10,52.1276206443248,-0.500887605545035,064,"Y51","Q35","00","KB","MP"
"MK428RZ",10,52.1279897749834,-0.498099503044629,064,"Y51","Q35","00","KB","MP"
"MK428SA",10,52.1249091184354,-0.500481923193582,064,"Y51","Q35","00","KB","MP"
"MK428SB",10,52.1255513098787,-0.500781748399789,064,"Y51","Q35","00","KB","MP"
"MK428SD",10,52.1255712165179,-0.500225967570234,064,"Y51","Q35","00","KB","MP"
"MK428SE",10,52.1255093724641,-0.49889869646745,064,"Y51","Q35","00","KB","MP"
"MK428SF",10,52.1251828513637,-0.498675938237585,064,"Y51","Q35","00","KB","MP"
"MK428SG",10,52.1252220070275,-0.500339947859131,064,"Y51","Q35","00","KB","MP"
"MK428SH",10,52.1231090547076,-0.48346624287438,064,"Y51","Q35","00","KB","MN"
"MK428SJ",10,52.1237334743722,-0.483079855622847,064,"Y51","Q35","00","KB","MN"
"MK428SL",10,52.123109934151,-0.482136934622403,064,"Y51","Q35","00","KB","MN"
"MK428SN",10,52.1237482912702,-0.48004095804525,064,"Y51","Q35","00","KB","MN"
"MK428SP",10,52.1239957682205,-0.482501247690409,064,"Y51","Q35","00","KB","MN"
"MK428SQ",10,52.124827747286,-0.499739647024249,064,"Y51","Q35","00","KB","MP"
"MK428SS",10,52.1168257637922,-0.483591852401541,064,"Y51","Q35","00","KB","MN"
"MK428ST",10,52.1219812525315,-0.481766280687907,064,"Y51","Q35","00","KB","MN"
"MK428SU",10,52.1269141041091,-0.495535324120351,064,"Y51","Q35","00","KB","MP"
"MK428SW",10,52.1233024997695,-0.480333667344984,064,"Y51","Q35","00","KB","MN"
"MK428SX",10,52.1237529772122,-0.483897222623709,064,"Y51","Q35","00","KB","MN"
"MK428SY",10,52.1218971309042,-0.480819680258548,064,"Y51","Q35","00","KB","MN"
"MK428SZ",10,52.1269500958835,-0.489909764454043,064,"Y51","Q35","00","KB","MP"
"MK428TB",10,52.1214678456813,-0.481696084917028,064,"Y51","Q35","00","KB","MN"
"MK428TD",10,52.1208439583868,-0.481425151031099,064,"Y51","Q35","00","KB","MN"
"MK428TE",10,52.1224613737058,-0.482743258098843,064,"Y51","Q35","00","KB","MN"
"MK428TF",10,52.1219584257201,-0.482088412116387,064,"Y51","Q35","00","KB","MN"
"MK428TG",10,52.1211917457783,-0.479806579195918,064,"Y51","Q35","00","KB","MN"
"MK428TH",10,52.1254767439454,-0.48860100398676,064,"Y51","Q35","00","KB","MP"
"MK428TJ",10,52.1251700444393,-0.489224921158934,064,"Y51","Q35","00","KB","MP"
"MK428TL",10,52.1148363479093,-0.498161859343011,064,"Y51","Q35","00","KB","MN"
"MK428TN",10,52.126113068109,-0.492655225850134,064,"Y51","Q35","00","KB","MP"
"MK428TP",10,52.1266515348689,-0.493279834859632,064,"Y51","Q35","00","KB","MP"
"MK428TQ",10,52.1214536962459,-0.479899915008083,064,"Y51","Q35","00","KB","MN"
"MK428TR",10,52.1255770253616,-0.492220457109184,064,"Y51","Q35","00","KB","MP"
"MK428TS",10,52.1259214705883,-0.493844967655731,064,"Y51","Q35","00","KB","MP"
"MK428TT",10,52.1251321621313,-0.491884877116032,064,"Y51","Q35","00","KB","MP"
"MK428TU",10,52.1257229222038,-0.490973827813978,064,"Y51","Q35","00","KB","MP"
"MK428TW",10,52.1257439949954,-0.493325052482999,064,"Y51","Q35","00","KB","MP"
"MK428TX",10,52.1249293135533,-0.49360086479722,064,"Y51","Q35","00","KB","MP"
"MK428TZ",10,52.1131339415491,-0.498627982520791,064,"Y51","Q35","00","KB","MQ"
"MK428UA",10,52.1248153834321,-0.491019090948527,064,"Y51","Q35","00","KB","MP"
"MK428UB",10,52.125898963028,-0.487169708449793,064,"Y51","Q35","00","KB","MP"
"MK428UD",10,52.1260391940881,-0.497434663015964,064,"Y51","Q35","00","KB","MP"
"MK428UE",10,52.1243198493852,-0.493752885696076,064,"Y51","Q35","00","KB","MP"
"MK428UF",10,52.12408900883,-0.493278612494596,064,"Y51","Q35","00","KB","MP"
"MK428UG",10,52.126559533397,-0.497344118399431,064,"Y51","Q35","00","KB","MP"
"MK428UH",10,52.1239732619592,-0.496890622233477,064,"Y51","Q35","00","KB","MP"
"MK428UJ",10,52.1246455875534,-0.497437711100994,064,"Y51","Q35","00","KB","MP"
"MK428UL",10,52.1247843620303,-0.497038628232976,064,"Y51","Q35","00","KB","MP"
"MK428UN",10,52.1241611651056,-0.495408914822456,064,"Y51","Q35","00","KB","MP"
"MK428UP",10,52.1248734053889,-0.495560223642784,064,"Y51","Q35","00","KB","MP"
"MK428UR",10,52.1233528101888,-0.496181121095069,064,"Y51","Q35","00","KB","MP"
"MK428US",10,52.1261265166147,-0.49652600398484,064,"Y51","Q35","00","KB","MP"
"MK428UT",10,52.1236758453583,-0.495425259176771,064,"Y51","Q35","00","KB","MP"
"MK428UU",10,52.1236626136139,-0.494388564063528,064,"Y51","Q35","00","KB","MP"
"MK428UW",10,52.1244628239995,-0.495091990055648,064,"Y51","Q35","00","KB","MP"
"MK428UX",10,52.1236920970283,-0.495994409207971,064,"Y51","Q35","00","KB","MP"
"MK428UY",10,52.1253959303836,-0.49634607706715,064,"Y51","Q35","00","KB","MP"
"MK428UZ",10,52.1260676119138,-0.495432356382189,064,"Y51","Q35","00","KB","MP"
"MK428WA",10,52.1265870596076,-0.494567564041909,064,"Y51","Q35","00","KB","MP"
"MK428WT",10,52.1344263755372,-0.475586431539319,064,"Y51","Q35","00","KB","MD"
"MK428YS",10,52.1344263755372,-0.475586431539319,064,"Y51","Q35","00","KB","MD"
"MK428YY",10,52.1195943420704,-0.494058248239944,064,"Y51","Q35","00","KB","MP"
"MK428ZG",10,52.1344263755372,-0.475586431539319,064,"Y51","Q35","00","KB","MD"
"MK429AB",10,52.1309887164039,-0.469801302916603,064,"Y51","Q35","00","KB","ME"
"MK429AD",10,52.1324669084445,-0.467310697654235,064,"Y51","Q35","00","KB","ME"
"MK429AH",10,52.1332846818654,-0.467969340993729,064,"Y51","Q35","00","KB","ME"
"MK429AJ",10,52.1189811214802,-0.470168720031712,064,"Y51","Q35","00","KB","NB"
"MK429AN",10,52.130862480052,-0.468388456370671,064,"Y51","Q35","00","KB","ME"
"MK429AP",10,52.1327572343642,-0.470281303797426,064,"Y51","Q35","00","KB","ME"
"MK429AQ",10,52.1311509459077,-0.469138290046753,064,"Y51","Q35","00","KB","ME"
"MK429AS",10,52.13157145232,-0.468977774531422,064,"Y51","Q35","00","KB","ME"
"MK429AT",10,52.1306071587772,-0.468806289733667,064,"Y51","Q35","00","KB","ME"
"MK429AU",10,52.1309417738381,-0.46895552885987,064,"Y51","Q35","00","KB","ME"
"MK429AW",10,52.1314719452597,-0.469624034929096,064,"Y51","Q35","00","KB","ME"
"MK429AX",10,52.1303925560795,-0.467513368931799,064,"Y51","Q35","00","KB","ME"
"MK429BA",10,52.1313735638507,-0.466895301704195,064,"Y51","Q35","00","KB","ME"
"MK429BF",10,52.1065764067266,-0.477368622518075,064,"Y51","Q35","00","KB","NB"
"MK429BG",10,52.1327572343642,-0.470281303797426,064,"Y51","Q35","00","KB","ME"
"MK429BJ",10,52.1305527454402,-0.466003051293493,064,"Y51","Q35","00","KB","ME"
"MK429BP",10,52.1302693314037,-0.466334201088839,064,"Y51","Q35","00","KB","ME"
"MK429BS",10,52.1290947179425,-0.465892420588255,064,"Y51","Q35","00","KB","ME"
"MK429BT",10,52.1299422433629,-0.46745577060552,064,"Y51","Q35","00","KB","ME"
"MK429BU",10,52.1297037625812,-0.465710796403332,064,"Y51","Q35","00","KB","ME"
"MK429BW",10,52.1208268418641,-0.472442601254542,064,"Y51","Q35","00","KB","ME"
"MK429BX",10,52.1314239984887,-0.473555819955038,064,"Y51","Q35","00","KB","ME"
"MK429BY",10,52.1308607362031,-0.473107549707206,064,"Y51","Q35","00","KB","ME"
"MK429BZ",10,52.1259345655482,-0.471800482289692,064,"Y51","Q35","00","KB","ME"
"MK429DA",10,52.1302976613828,-0.472673894011979,064,"Y51","Q35","00","KB","ME"
"MK429DB",10,52.1309895114538,-0.467785087899879,064,"Y51","Q35","00","KB","ME"
"MK429DD",10,52.1279268376956,-0.479854952393526,064,"Y51","Q35","00","KB","MP"
"MK429DE",10,52.1271450242329,-0.478493723467701,064,"Y51","Q35","00","KB","MP"
"MK429DF",10,52.1272032810104,-0.478827741630532,064,"Y51","Q35","00","KB","MP"
"MK429DG",10,52.1274742193757,-0.478920777490474,064,"Y51","Q35","00","KB","MP"
"MK429DH",10,52.1296960636137,-0.474126208435588,064,"Y51","Q35","00","KB","ME"
"MK429DJ",10,52.1288468289331,-0.471730067031362,064,"Y51","Q35","00","KB","ME"
"MK429DL",10,52.1281244977515,-0.474968784901565,064,"Y51","Q35","00","KB","ME"
"MK429DN",10,52.1307304721367,-0.472074695333806,064,"Y51","Q35","00","KB","ME"
"MK429DP",10,52.1277714248017,-0.475477544674715,064,"Y51","Q35","00","KB","ME"
"MK429DQ",10,52.1275341696834,-0.479386221166623,064,"Y51","Q35","00","KB","MP"
"MK429DR",10,52.1268243585502,-0.475246909775591,064,"Y51","Q35","00","KB","ME"
"MK429DS",10,52.1273693316347,-0.476367799079443,064,"Y51","Q35","00","KB","ME"
"MK429DT",10,52.1259136405837,-0.477133258996969,064,"Y51","Q35","00","KB","ME"
"MK429DU",10,52.1267645970372,-0.478974157901687,064,"Y51","Q35","00","KB","MP"
"MK429DW",10,52.1258180575634,-0.480876254236738,064,"Y51","Q35","00","KB","MP"
"MK429DX",10,52.1265399647589,-0.479683018394009,064,"Y51","Q35","00","KB","MP"
"MK429DY",10,52.1269768154617,-0.480091803828395,064,"Y51","Q35","00","KB","MP"
"MK429DZ",10,52.127337670182,-0.480883012098893,064,"Y51","Q35","00","KB","MP"
"MK429EA",10,52.1266896413183,-0.48083200619982,064,"Y51","Q35","00","KB","MP"
"MK429EB",10,52.1172131847535,-0.472507710649133,064,"Y51","Q35","00","KB","NB"
"MK429EE",10,52.1277492064798,-0.480722926961557,064,"Y51","Q35","00","KB","MP"
"MK429EG",10,52.1288809229969,-0.466045857084971,064,"Y51","Q35","00","KB","ME"
"MK429EQ",10,52.1283902910469,-0.465653647982999,064,"Y51","Q35","00","KB","ME"
"MK429ER",10,52.1291644528843,-0.468490509723674,064,"Y51","Q35","00","KB","ME"
"MK429ET",10,52.129990107936,-0.471837046674575,064,"Y51","Q35","00","KB","ME"
"MK429EX",10,52.1302890367848,-0.474091341415519,064,"Y51","Q35","00","KB","ME"
"MK429EY",10,52.1301131289973,-0.466076588620141,064,"Y51","Q35","00","KB","ME"
"MK429EZ",10,52.130241478733,-0.465575447010083,064,"Y51","Q35","00","KB","ME"
"MK429FA",10,52.114493265766,-0.463852484311574,064,"Y51","Q35","00","KB","NB"
"MK429FB",10,52.1138333899169,-0.463583076572774,064,"Y51","Q35","00","KB","NB"
"MK429FD",10,52.1132918700812,-0.463426441320446,064,"Y51","Q35","00","KB","NB"
"MK429FE",10,52.1118264931799,-0.461373872934643,064,"Y51","Q35","00","KB","NB"
"MK429FF",10,52.1116447672171,-0.462606843009813,064,"Y51","Q35","00","KB","NB"
"MK429FG",10,52.1131494909729,-0.462160768308491,064,"Y51","Q35","00","KB","NB"
"MK429FH",10,52.1122900215749,-0.461065836721434,064,"Y51","Q35","00","KB","NB"
"MK429FJ",10,52.1224194356947,-0.46837115703318,064,"Y51","Q35","00","KB","ME"
"MK429FL",10,52.1224392298151,-0.469203092218565,064,"Y51","Q35","00","KB","ME"
"MK429FN",10,52.1220133006642,-0.468253615666095,064,"Y51","Q35","00","KB","ME"
"MK429FP",10,52.1231192312877,-0.468946073305736,064,"Y51","Q35","00","KB","ME"
"MK429FQ",10,52.1236799322084,-0.468503235825719,064,"Y51","Q35","00","KB","ME"
"MK429FR",10,52.1238989246696,-0.468057496596639,064,"Y51","Q35","00","KB","ME"
"MK429FS",10,52.1239736167246,-0.466886314340327,064,"Y51","Q35","00","KB","ME"
"MK429FT",10,52.1233318467305,-0.467317348788763,064,"Y51","Q35","00","KB","ME"
"MK429FU",10,52.1234796282693,-0.467619038581955,064,"Y51","Q35","00","KB","ME"
"MK429FW",10,52.1137438935929,-0.460168717368172,064,"Y51","Q35","00","KB","NB"
"MK429FX",10,52.1133367690844,-0.460664686175195,064,"Y51","Q35","00","KB","NB"
"MK429FY",10,52.1138265207223,-0.459610901123467,064,"Y51","Q35","00","KB","NB"
"MK429FZ",10,52.1125503283997,-0.459654885888529,064,"Y51","Q35","00","KB","NB"
"MK429GA",10,52.112429700319,-0.458680575118438,064,"Y51","Q35","00","KB","NB"
"MK429GB",10,52.113997682371,-0.458947798538872,064,"Y51","Q35","00","KB","NB"
"MK429GD",10,52.1138717020405,-0.457564717468625,064,"Y51","Q35","00","KB","NB"
"MK429GE",10,52.113431135319,-0.457565318123882,064,"Y51","Q35","00","KB","NB"
"MK429GF",10,52.1127272513036,-0.45805694146652,064,"Y51","Q35","00","KB","NB"
"MK429GG",10,52.1133068619102,-0.455627236102386,064,"Y51","Q35","00","KB","NB"
"MK429GH",10,52.1138481871144,-0.453709948556245,064,"Y51","Q35","00","KB","NB"
"MK429GJ",10,52.1140896641542,-0.452241138123478,064,"Y51","Q35","00","KB","NB"
"MK429GL",10,52.1143169561875,-0.450378478163375,064,"Y51","Q35","00","KB","NB"
"MK429GN",10,52.1147034070189,-0.450365078122415,064,"Y51","Q35","00","KB","NB"
"MK429GP",10,52.11487693787,-0.448518853797483,064,"Y51","Q35","00","KB","MR"
"MK429GS",10,52.1249293880739,-0.469862777889267,064,"Y51","Q35","00","KB","ME"
"MK429GU",10,52.1344263755372,-0.475586431539319,064,"Y51","Q35","00","KB","MD"
"MK429GW",10,52.1344263755372,-0.475586431539319,064,"Y51","Q35","00","KB","MD"
"MK429GX",10,52.1344263755372,-0.475586431539319,064,"Y51","Q35","00","KB","MD"
"MK429GY",10,52.1260563691349,-0.468713934722219,064,"Y51","Q35","00","KB","ME"
"MK429GZ",10,52.1344263755372,-0.475586431539319,064,"Y51","Q35","00","KB","MD"
"MK429HD",10,52.1300780884429,-0.471687939045889,064,"Y51","Q35","00","KB","ME"
"MK429HE",10,52.1276590615698,-0.469579359531967,064,"Y51","Q35","00","KB","ME"
"MK429HF",10,52.1273430681219,-0.468786698194794,064,"Y51","Q35","00","KB","ME"
"MK429HG",10,52.1268158783215,-0.470426333543485,064,"Y51","Q35","00","KB","ME"
"MK429HJ",10,52.1267505872257,-0.469552049122459,064,"Y51","Q35","00","KB","ME"
"MK429HL",10,52.1262096659926,-0.470826911101883,064,"Y51","Q35","00","KB","ME"
"MK429HP",10,52.1252535153439,-0.471283277365806,064,"Y51","Q35","00","KB","ME"
"MK429HQ",10,52.1271497082397,-0.469129328576814,064,"Y51","Q35","00","KB","ME"
"MK429HR",10,52.1261844947797,-0.470272650456097,064,"Y51","Q35","00","KB","ME"
"MK429HS",10,52.1256181057674,-0.470277436969361,064,"Y51","Q35","00","KB","ME"
"MK429HT",10,52.1251246453221,-0.469666184309574,064,"Y51","Q35","00","KB","ME"
"MK429HU",10,52.1260757823375,-0.469516733909997,064,"Y51","Q35","00","KB","ME"
"MK429HW",10,52.1215555858353,-0.458657915512699,064,"Y51","Q35","00","KB","ME"
"MK429HX",10,52.1253719307215,-0.469321724307956,064,"Y51","Q35","00","KB","ME"
"MK429HY",10,52.125119338853,-0.469257338321128,064,"Y51","Q35","00","KB","ME"
"MK429HZ",10,52.1246034882975,-0.470385218972604,064,"Y51","Q35","00","KB","ME"
"MK429JA",10,52.1242799557066,-0.471784042731635,064,"Y51","Q35","00","KB","ME"
"MK429JB",10,52.1243181674263,-0.470570282441334,064,"Y51","Q35","00","KB","ME"
"MK429JD",10,52.12378421196,-0.469609846181391,064,"Y51","Q35","00","KB","ME"
"MK429JE",10,52.125656337646,-0.471839216708531,064,"Y51","Q35","00","KB","ME"
"MK429JH",10,52.1250496843043,-0.465972899196553,064,"Y51","Q35","00","KB","ME"
"MK429JJ",10,52.1246998951383,-0.472967532950459,064,"Y51","Q35","00","KB","ME"
"MK429JL",10,52.1251665768635,-0.462521359833903,064,"Y51","Q35","00","KB","MR"
"MK429JN",10,52.1254349634091,-0.47279632451372,064,"Y51","Q35","00","KB","ME"
"MK429JP",10,52.1262481749116,-0.471716711444925,064,"Y51","Q35","00","KB","ME"
"MK429JQ",10,52.1252779117456,-0.466929202814876,064,"Y51","Q35","00","KB","ME"
"MK429JR",10,52.1263866722271,-0.472690745748201,064,"Y51","Q35","00","KB","ME"
"MK429JS",10,52.1273537769141,-0.474469178399821,064,"Y51","Q35","00","KB","ME"
"MK429JT",10,52.1263200566838,-0.46686422111324,064,"Y51","Q35","00","KB","ME"
"MK429JU",10,52.1270535319792,-0.472112812687158,064,"Y51","Q35","00","KB","ME"
"MK429JW",10,52.1264429022308,-0.465939664963577,064,"Y51","Q35","00","KB","ME"
"MK429JX",10,52.127435255446,-0.471734534123576,064,"Y51","Q35","00","KB","ME"
"MK429JY",10,52.1275891691636,-0.473204771050844,064,"Y51","Q35","00","KB","ME"
"MK429JZ",10,52.1265203682008,-0.465674049928065,064,"Y51","Q35","00","KB","ME"
"MK429LA",10,52.1277531545776,-0.462987476127609,064,"Y51","Q35","00","KB","MR"
"MK429LB",10,52.126805870976,-0.465503548088974,064,"Y51","Q35","00","KB","ME"
"MK429LE",10,52.1274218647334,-0.464474373880299,064,"Y51","Q35","00","KB","MR"
"MK429LF",10,52.1257873223675,-0.464618208587393,064,"Y51","Q35","00","KB","ME"
"MK429LG",10,52.12288969251,-0.467887598709787,064,"Y51","Q35","00","KB","ME"
"MK429LJ",10,52.1255393420591,-0.464217699671835,064,"Y51","Q35","00","KB","ME"
"MK429LL",10,52.1250364352249,-0.464264204736425,064,"Y51","Q35","00","KB","ME"
"MK429LN",10,52.1266524587383,-0.466151598195722,064,"Y51","Q35","00","KB","ME"
"MK429LP",10,52.1245327159571,-0.464938878440036,064,"Y51","Q35","00","KB","ME"
"MK429LR",10,52.1247218807228,-0.464275017964798,064,"Y51","Q35","00","KB","ME"
"MK429LS",10,52.1239397978699,-0.464287294480506,064,"Y51","Q35","00","KB","ME"
"MK429LT",10,52.1238926265357,-0.463427059170636,064,"Y51","Q35","00","KB","ME"
"MK429LU",10,52.1227852431395,-0.4640056183305,064,"Y51","Q35","00","KB","ME"
"MK429LX",10,52.1236345585975,-0.465013562098076,064,"Y51","Q35","00","KB","ME"
"MK429LY",10,52.1233839179248,-0.464408655438817,064,"Y51","Q35","00","KB","ME"
"MK429LZ",10,52.1235584658661,-0.461933965744191,064,"Y51","Q35","00","KB","ME"
"MK429NA",10,52.1228089372312,-0.460995681324521,064,"Y51","Q35","00","KB","ME"
"MK429NB",10,52.1231278001102,-0.462693774329763,064,"Y51","Q35","00","KB","ME"
"MK429ND",10,52.1227415769828,-0.46203512495136,064,"Y51","Q35","00","KB","ME"
"MK429NE",10,52.1263401598923,-0.464263210976473,064,"Y51","Q35","00","KB","MR"
"MK429NF",10,52.1263059705728,-0.463709262134191,064,"Y51","Q35","00","KB","MR"
"MK429NH",10,52.1228016463088,-0.464574742408515,064,"Y51","Q35","00","KB","ME"
"MK429NJ",10,52.1267536217119,-0.463562388807963,064,"Y51","Q35","00","KB","MR"
"MK429NL",10,52.122140274235,-0.466262688289742,064,"Y51","Q35","00","KB","ME"
"MK429NN",10,52.1271024552784,-0.46273229827243,064,"Y51","Q35","00","KB","MR"
"MK429NP",10,52.1206590161642,-0.467131509220692,064,"Y51","Q35","00","KB","ME"
"MK429NQ",10,52.1269366458945,-0.463117831570152,064,"Y51","Q35","00","KB","MR"
"MK429NR",10,52.119867233643,-0.468473250001943,064,"Y51","Q35","00","KB","ME"
"MK429NS",10,52.1209637562803,-0.46774914588766,064,"Y51","Q35","00","KB","ME"
"MK429NT",10,52.1224693230081,-0.466675003406017,064,"Y51","Q35","00","KB","ME"
"MK429NU",10,52.1235436796087,-0.465630204810886,064,"Y51","Q35","00","KB","ME"
"MK429NW",10,52.1260289322059,-0.463149060342314,064,"Y51","Q35","00","KB","MR"
"MK429NX",10,52.1233269754242,-0.466251164563275,064,"Y51","Q35","00","KB","ME"
"MK429NY",10,52.1237000113544,-0.466588942300138,064,"Y51","Q35","00","KB","ME"
"MK429NZ",10,52.1216683694305,-0.468002514869363,064,"Y51","Q35","00","KB","ME"
"MK429PA",10,52.1198910857716,-0.468925231640026,064,"Y51","Q35","00","KB","ME"
"MK429PB",10,52.1201554273703,-0.469894809902973,064,"Y51","Q35","00","KB","ME"
"MK429PF",10,52.1244184852837,-0.465833886129621,064,"Y51","Q35","00","KB","ME"
"MK429PG",10,52.1245732308324,-0.46736240789776,064,"Y51","Q35","00","KB","ME"
"MK429PH",10,52.1235251139946,-0.471123305585074,064,"Y51","Q35","00","KB","ME"
"MK429PJ",10,52.1235995694996,-0.472011823288984,064,"Y51","Q35","00","KB","ME"
"MK429PL",10,52.1230068790569,-0.471374758952086,064,"Y51","Q35","00","KB","ME"
"MK429PP",10,52.12267094278,-0.472511017216616,064,"Y51","Q35","00","KB","ME"
"MK429PR",10,52.1224467345995,-0.471861356115695,064,"Y51","Q35","00","KB","ME"
"MK429PS",10,52.1216649313793,-0.47120156668656,064,"Y51","Q35","00","KB","ME"
"MK429PT",10,52.1221438149236,-0.472076217065565,064,"Y51","Q35","00","KB","ME"
"MK429PU",10,52.1217415573519,-0.47295178778536,064,"Y51","Q35","00","KB","ME"
"MK429PX",10,52.1216001289218,-0.472445377277722,064,"Y51","Q35","00","KB","ME"
"MK429PZ",10,52.1174557414482,-0.470410815123549,064,"Y51","Q35","00","KB","NB"
"MK429QA",10,52.1200432296507,-0.47372554722331,064,"Y51","Q35","00","KB","ME"
"MK429QB",10,52.1265998527459,-0.468330089254924,064,"Y51","Q35","00","KB","ME"
"MK429QF",10,52.1190913636727,-0.467579654683901,064,"Y51","Q35","00","KB","NB"
"MK429QG",10,52.1202863769478,-0.47653630462505,064,"Y51","Q35","00","KB","ME"
"MK429QH",10,52.1202863769478,-0.47653630462505,064,"Y51","Q35","00","KB","ME"
"MK429QJ",10,52.1190719247373,-0.474401395196841,064,"Y51","Q35","00","KB","ME"
"MK429QL",10,52.1178053553248,-0.475189529486323,064,"Y51","Q35","00","KB","ME"
"MK429QQ",10,52.1204219887774,-0.475202481356265,064,"Y51","Q35","00","KB","ME"
"MK429QS",10,52.1169525747268,-0.475992717217367,064,"Y51","Q35","00","KB","ME"
"MK429QT",10,52.1165952749023,-0.475479110336039,064,"Y51","Q35","00","KB","ME"
"MK429QZ",10,52.1160530885998,-0.478053509232162,064,"Y51","Q35","00","KB","ME"
"MK429RA",10,52.1171499864818,-0.476657838411071,064,"Y51","Q35","00","KB","ME"
"MK429RD",10,52.1168321606318,-0.477807894839123,064,"Y51","Q35","00","KB","ME"
"MK429RE",10,52.118782567225,-0.4652678801363,064,"Y51","Q35","00","KB","ME"
"MK429RG",10,52.1185105494898,-0.466474913155567,064,"Y51","Q35","00","KB","ME"
"MK429RH",10,52.1176936867619,-0.47628876708426,064,"Y51","Q35","00","KB","ME"
"MK429RJ",10,52.1182689421348,-0.476970233878542,064,"Y51","Q35","00","KB","ME"
"MK429RL",10,52.1181771159552,-0.478214860917449,064,"Y51","Q35","00","KB","ME"
"MK429RP",10,52.1173418003201,-0.4775860565545,064,"Y51","Q35","00","KB","ME"
"MK429RQ",10,52.1185837045916,-0.472110317394637,064,"Y51","Q35","00","KB","NB"
"MK429RR",10,52.1191277611155,-0.47315796458028,064,"Y51","Q35","00","KB","ME"
"MK429RU",10,52.116014941569,-0.476492058011678,064,"Y51","Q35","00","KB","ME"
"MK429SA",10,52.1220790517479,-0.464322039409574,064,"Y51","Q35","00","KB","ME"
"MK429SB",10,52.1219438411086,-0.461536729437638,064,"Y51","Q35","00","KB","ME"
"MK429SD",10,52.121621218226,-0.465068125611272,064,"Y51","Q35","00","KB","ME"
"MK429SE",10,52.1212149902882,-0.463562967105639,064,"Y51","Q35","00","KB","ME"
"MK429SF",10,52.120309177743,-0.463740180708979,064,"Y51","Q35","00","KB","ME"
"MK429SG",10,52.1219357162698,-0.465743854814174,064,"Y51","Q35","00","KB","ME"
"MK429SH",10,52.1215148910907,-0.462427917744809,064,"Y51","Q35","00","KB","ME"
"MK429SJ",10,52.1207791496617,-0.461167844533445,064,"Y51","Q35","00","KB","ME"
"MK429SL",10,52.1211635352089,-0.460307408280039,064,"Y51","Q35","00","KB","ME"
"MK429SN",10,52.1208981612626,-0.459264865681763,064,"Y51","Q35","00","KB","ME"
"MK429SP",10,52.1192512225036,-0.458459887371307,064,"Y51","Q35","00","KB","ME"
"MK429SU",10,52.1206171084358,-0.457711642501233,064,"Y51","Q35","00","KB","ME"
"MK429SW",10,52.1200480170209,-0.458885199069434,064,"Y51","Q35","00","KB","ME"
"MK429TA",10,52.1203094505598,-0.456875080380802,064,"Y51","Q35","00","KB","ME"
"MK429TB",10,52.1197015742628,-0.455084882045564,064,"Y51","Q35","00","KB","ME"
"MK429TD",10,52.1193802163668,-0.460763228390318,064,"Y51","Q35","00","KB","ME"
"MK429TE",10,52.1195571461852,-0.463298634470245,064,"Y51","Q35","00","KB","ME"
"MK429TF",10,52.1197091491349,-0.46599558582496,064,"Y51","Q35","00","KB","ME"
"MK429TG",10,52.1200367398265,-0.465604570687853,064,"Y51","Q35","00","KB","ME"
"MK429TH",10,52.1197630473752,-0.460472518923638,064,"Y51","Q35","00","KB","ME"
"MK429TJ",10,52.1206842042417,-0.465611549449238,064,"Y51","Q35","00","KB","ME"
"MK429TL",10,52.1208431302374,-0.462626315829803,064,"Y51","Q35","00","KB","ME"
"MK429TN",10,52.1191623806578,-0.46681769728172,064,"Y51","Q35","00","KB","ME"
"MK429TP",10,52.1204462699649,-0.460463584633858,064,"Y51","Q35","00","KB","ME"
"MK429TQ",10,52.1198818728675,-0.462688602820976,064,"Y51","Q35","00","KB","ME"
"MK429TR",10,52.1186578788801,-0.452973878432717,064,"Y51","Q35","00","KB","ME"
"MK429TS",10,52.1192597929326,-0.451565445422113,064,"Y51","Q35","00","KB","ME"
"MK429TU",10,52.1180937762288,-0.465539836486943,064,"Y51","Q35","00","KB","ME"
"MK429TW",10,52.1200172620618,-0.453788595661898,064,"Y51","Q35","00","KB","ME"
"MK429TX",10,52.1170880165421,-0.464946335579895,064,"Y51","Q35","00","KB","ME"
"MK429TY",10,52.1156285992335,-0.465420012698725,064,"Y51","Q35","00","KB","ME"
"MK429TZ",10,52.1163810031847,-0.465890754886762,064,"Y51","Q35","00","KB","ME"
"MK429UA",10,52.1175601609677,-0.464608791750111,064,"Y51","Q35","00","KB","ME"
"MK429UB",10,52.1191254689943,-0.464671855318679,064,"Y51","Q35","00","KB","ME"
"MK429UD",10,52.1189767096772,-0.461536647470998,064,"Y51","Q35","00","KB","ME"
"MK429UG",10,52.1182573666612,-0.464292717554302,064,"Y51","Q35","00","KB","ME"
"MK429UH",10,52.1181961839577,-0.460979285163728,064,"Y51","Q35","00","KB","ME"
"MK429UJ",10,52.1184098351105,-0.459438301289841,064,"Y51","Q35","00","KB","ME"
"MK429UL",10,52.1187760430659,-0.458563917037359,064,"Y51","Q35","00","KB","ME"
"MK429UP",10,52.1186831466412,-0.456273971866503,064,"Y51","Q35","00","KB","ME"
"MK429UQ",10,52.1166877106814,-0.465967857981507,064,"Y51","Q35","00","KB","ME"
"MK429UR",10,52.1178509439283,-0.457953174737082,064,"Y51","Q35","00","KB","ME"
"MK429UT",10,52.1173237115017,-0.459577985032631,064,"Y51","Q35","00","KB","ME"
"MK429UU",10,52.117692570727,-0.459594481022737,064,"Y51","Q35","00","KB","ME"
"MK429UX",10,52.1165443580438,-0.462555129763903,064,"Y51","Q35","00","KB","ME"
"MK429UY",10,52.1168161689269,-0.464093953684906,064,"Y51","Q35","00","KB","ME"
"MK429UZ",10,52.1183279820119,-0.463501570858538,064,"Y51","Q35","00","KB","ME"
"MK429WB",10,52.1344263755372,-0.475586431539319,064,"Y51","Q35","00","KB","MD"
"MK429WD",10,52.1344263755372,-0.475586431539319,064,"Y51","Q35","00","KB","MD"
"MK429WQ",10,52.1344263755372,-0.475586431539319,064,"Y51","Q35","00","KB","MD"
"MK429WZ",10,52.1344263755372,-0.475586431539319,064,"Y51","Q35","00","KB","MD"
"MK429XA",10,52.1154088734773,-0.463046948155386,064,"Y51","Q35","00","KB","NB"
"MK429XB",10,52.116804989072,-0.462546162849806,064,"Y51","Q35","00","KB","ME"
"MK429XD",10,52.1174340983982,-0.462524518012699,064,"Y51","Q35","00","KB","ME"
"MK429XE",10,52.108519806175,-0.478163984677918,064,"Y51","Q35","00","KB","NB"
"MK429XF",10,52.1109153923128,-0.479163078376976,064,"Y51","Q35","00","KB","NB"
"MK429XG",10,52.1344263755372,-0.475586431539319,064,"Y51","Q35","00","KB","MD"
"MK429XH",10,52.1179049028018,-0.462084751402173,064,"Y51","Q35","00","KB","ME"
"MK429XJ",10,52.1188128667396,-0.464142171322864,064,"Y51","Q35","00","KB","ME"
"MK429XL",10,52.118409522927,-0.462169625505272,064,"Y51","Q35","00","KB","ME"
"MK429XP",10,52.1178524849676,-0.469111927969965,064,"Y51","Q35","00","KB","NB"
"MK429XQ",10,52.1160722355038,-0.47466445910078,064,"Y51","Q35","00","KB","NB"
"MK429XR",10,52.1155788766169,-0.474754323522047,064,"Y51","Q35","00","KB","NB"
"MK429XS",10,52.1164344072388,-0.470694063894082,064,"Y51","Q35","00","KB","NB"
"MK429XT",10,52.1153087210485,-0.470557326752777,064,"Y51","Q35","00","KB","NB"
"MK429XU",10,52.1160195315815,-0.468517487887759,064,"Y51","Q35","00","KB","NB"
"MK429XX",10,52.1150853636677,-0.470667204764645,064,"Y51","Q35","00","KB","NB"
"MK429XY",10,52.1159597289805,-0.468066777971214,064,"Y51","Q35","00","KB","NB"
"MK429XZ",10,52.1156313231426,-0.46701186816843,064,"Y51","Q35","00","KB","NB"
"MK429YA",10,52.1163790236868,-0.468505167889097,064,"Y51","Q35","00","KB","NB"
"MK429YD",10,52.1119458366545,-0.466393484023805,064,"Y51","Q35","00","KB","NB"
"MK429YE",10,52.1124370358372,-0.466829353147616,064,"Y51","Q35","00","KB","NB"
"MK429YF",10,52.1094313537531,-0.465939445050935,064,"Y51","Q35","00","KB","NB"
"MK429YG",10,52.1083652645227,-0.468312457429296,064,"Y51","Q35","00","KB","NB"
"MK429YH",10,52.1050169723057,-0.454263648355706,064,"Y51","Q35","00","KB","NB"
"MK429YL",10,52.109308740286,-0.464118281623627,064,"Y51","Q35","00","KB","NB"
"MK429YN",10,52.1089088197599,-0.465168824648827,064,"Y51","Q35","00","KB","NB"
"MK429YP",10,52.1086869056356,-0.46400822277953,064,"Y51","Q35","00","KB","NB"
"MK429YQ",10,52.1075748412102,-0.465608891761182,064,"Y51","Q35","00","KB","NB"
"MK429YR",10,52.1076632515804,-0.464802723224415,064,"Y51","Q35","00","KB","NB"
"MK429YS",10,52.1053032831858,-0.461028926174046,064,"Y51","Q35","00","KB","NB"
"MK429YT",10,52.1064685108239,-0.462127772209489,064,"Y51","Q35","00","KB","NB"
"MK429YU",10,52.0997815052825,-0.478957798358579,064,"Y51","Q35","00","KB","NB"
"MK429YW",10,52.1080694440938,-0.464233875611331,064,"Y51","Q35","00","KB","NB"
"MK429YX",10,52.1175680394639,-0.472831510924241,064,"Y51","Q35","00","KB","NB"
"MK429YY",10,52.1162202164967,-0.473593227322256,064,"Y51","Q35","00","KB","NB"
"MK429YZ",10,52.1163745939271,-0.474405849200182,064,"Y51","Q35","00","KB","NB"
"MK429ZA",10,52.1175947216188,-0.47211492129951,064,"Y51","Q35","00","KB","NB"
"MK429ZF",10,52.1344263755372,-0.475586431539319,064,"Y51","Q35","00","KB","MD"
"MK430AA",10,52.0790193981826,-0.60157319860097,064,"Y51","Q35","00","KC","MD"
"MK430AB",10,52.0796191640892,-0.601350153207725,064,"Y51","Q35","00","KC","MD"
"MK430AD",10,52.0829366631065,-0.621940926214385,064,"Y51","Q35","00","KC","MD"
"MK430AE",10,52.062321506138,-0.554525052530937,064,"Y51","Q35","00","KC","MN"
"MK430AG",10,52.0654668791277,-0.549273757339803,064,"Y51","Q35","00","KC","MN"
"MK430AH",10,52.07834717093,-0.621600699127078,064,"Y51","Q35","00","KC","MD"
"MK430AJ",10,52.0747781855947,-0.623184351239878,064,"Y51","Q35","00","KC","MD"
"MK430AL",10,52.0739170306074,-0.628755482575407,064,"Y51","Q35","00","KC","MD"
"MK430AN",10,52.0682913543976,-0.632093684266261,064,"Y51","Q35","00","KC","MD"
"MK430AP",10,52.0776697748395,-0.630595880554092,064,"Y51","Q35","00","KC","MD"
"MK430AQ",10,52.0647720997665,-0.550536274906634,064,"Y51","Q35","00","KC","MN"
"MK430AR",10,52.0658659121703,-0.61610580579968,064,"Y51","Q35","00","KC","MD"
"MK430AS",10,52.087494694399,-0.608883415008325,064,"Y51","Q35","00","KC","MD"
"MK430AT",10,52.0961423816768,-0.597344440843067,064,"Y51","Q35","00","KC","MD"
"MK430AU",10,52.0915047158276,-0.599007955209151,064,"Y51","Q35","00","KC","MD"
"MK430AW",10,52.0732322392784,-0.630950510379739,064,"Y51","Q35","00","KC","MD"
"MK430AX",10,52.091036544039,-0.596687131950231,064,"Y51","Q35","00","KC","MD"
"MK430AY",10,52.0748259482957,-0.625736387692293,064,"Y51","Q35","00","KC","MD"
"MK430AZ",10,52.0690042638003,-0.633093169406506,064,"Y51","Q35","00","KC","MD"
"MK430BA",10,52.0835829594247,-0.599723032294786,064,"Y51","Q35","00","KC","MD"
"MK430BB",10,52.0829669724293,-0.600851465392298,064,"Y51","Q35","00","KC","MD"
"MK430BD",10,52.0793543596845,-0.596469782380908,064,"Y51","Q35","00","KC","MD"
"MK430BE",10,52.060873244106,-0.644514936971978,064,"Y51","Q35","00","KC","MD"
"MK430BG",10,52.0629068148025,-0.616022211441735,064,"Y51","Q35","00","KC","MD"
"MK430BH",10,52.0574678719824,-0.606928295707525,064,"Y51","Q35","00","KC","MD"
"MK430BJ",10,52.067285326449,-0.596235438985466,064,"Y51","Q35","00","KC","MD"
"MK430BL",10,52.0780514878861,-0.59427798252766,064,"Y51","Q35","00","KC","MD"
"MK430BN",10,52.0776977679872,-0.59326762211562,064,"Y51","Q35","00","KC","MD"
"MK430BP",10,52.0776491211054,-0.594465730357419,064,"Y51","Q35","00","KC","MD"
"MK430BQ",10,52.0632957491785,-0.609343602271571,064,"Y51","Q35","00","KC","MD"
"MK430BS",10,52.0691918765226,-0.608401787886986,064,"Y51","Q35","00","KC","MD"
"MK430BT",10,52.0677386657664,-0.632504478136459,064,"Y51","Q35","00","KC","MD"
"MK430BU",10,52.0690575369002,-0.609208392082783,064,"Y51","Q35","00","KC","MD"
"MK430BW",10,52.0777198611384,-0.595120168887611,064,"Y51","Q35","00","KC","MD"
"MK430BX",10,52.0622726365269,-0.549814874510675,064,"Y51","Q35","00","KC","MN"
"MK430BY",10,52.0689648179746,-0.610495154917132,064,"Y51","Q35","00","KC","MD"
"MK430BZ",10,52.069866237541,-0.609927350467964,064,"Y51","Q35","00","KC","MD"
"MK430DA",10,52.0703188539944,-0.610949186424021,064,"Y51","Q35","00","KC","MD"
"MK430DB",10,52.0658139439814,-0.63788807081161,064,"Y51","Q35","00","KC","MD"
"MK430DE",10,52.0679047076027,-0.608281317203924,064,"Y51","Q35","00","KC","MD"
"MK430DF",10,52.0656392145763,-0.613647359775094,064,"Y51","Q35","00","KC","MD"
"MK430DG",10,52.0674052611768,-0.610149654312544,064,"Y51","Q35","00","KC","MD"
"MK430DH",10,52.0657924806041,-0.612154583618721,064,"Y51","Q35","00","KC","MD"
"MK430DJ",10,52.0661621596895,-0.614535663290914,064,"Y51","Q35","00","KC","MD"
"MK430DL",10,52.0670557732147,-0.612538502239923,064,"Y51","Q35","00","KC","MD"
"MK430DN",10,52.0672159077533,-0.60857992041288,064,"Y51","Q35","00","KC","MD"
"MK430DP",10,52.0676171420308,-0.610580750490897,064,"Y51","Q35","00","KC","MD"
"MK430DR",10,52.068601662119,-0.60715085199232,064,"Y51","Q35","00","KC","MD"
"MK430DS",10,52.0664018781617,-0.610457988861113,064,"Y51","Q35","00","KC","MD"
"MK430DT",10,52.0653614021794,-0.612197122741686,064,"Y51","Q35","00","KC","MD"
"MK430DU",10,52.0638599949559,-0.607633880193087,064,"Y51","Q35","00","KC","MD"
"MK430DW",10,52.0648931085501,-0.612897285259708,064,"Y51","Q35","00","KC","MD"
"MK430DX",10,52.0671608763705,-0.605444998360507,064,"Y51","Q35","00","KC","MD"
"MK430DY",10,52.0653502930427,-0.612781002660362,064,"Y51","Q35","00","KC","MD"
"MK430DZ",10,52.0668811977856,-0.606124799423838,064,"Y51","Q35","00","KC","MD"
"MK430EA",10,52.0685806235314,-0.605371593435523,064,"Y51","Q35","00","KC","MD"
"MK430EB",10,52.0626036069671,-0.607074860717622,064,"Y51","Q35","00","KC","MD"
"MK430EE",10,52.0627072672729,-0.608238638877413,064,"Y51","Q35","00","KC","MD"
"MK430EF",10,52.0622693015326,-0.607697930617709,064,"Y51","Q35","00","KC","MD"
"MK430EJ",10,52.0721141060948,-0.603087504515392,064,"Y51","Q35","00","KC","MD"
"MK430EL",10,52.0707615473232,-0.606558401769263,064,"Y51","Q35","00","KC","MD"
"MK430EN",10,52.0723578140087,-0.603926158804429,064,"Y51","Q35","00","KC","MD"
"MK430EP",10,52.0724813754936,-0.600697753737716,064,"Y51","Q35","00","KC","MD"
"MK430ER",10,52.0717504357517,-0.604266092821897,064,"Y51","Q35","00","KC","MD"
"MK430ES",10,52.0233038387607,-0.604127619893454,064,"Y51","Q35","00","KC","NE"
"MK430ET",10,52.0723014032299,-0.599171359061073,064,"Y51","Q35","00","KC","MD"
"MK430EU",10,52.073392173774,-0.59789698415048,064,"Y51","Q35","00","KC","MD"
"MK430EW",10,52.0730899552679,-0.600459864354912,064,"Y51","Q35","00","KC","MD"
"MK430EX",10,52.0745202267744,-0.595979355664179,064,"Y51","Q35","00","KC","MD"
"MK430EY",10,52.0743040796336,-0.597459860589681,064,"Y51","Q35","00","KC","MD"
"MK430EZ",10,52.0747677842364,-0.594118471141332,064,"Y51","Q35","00","KC","MD"
"MK430FD",10,52.0605538561842,-0.556288781293997,064,"Y51","Q35","00","KC","MN"
"MK430FE",10,52.0636306748904,-0.554234794044557,064,"Y51","Q35","00","KC","MN"
"MK430FF",10,52.0639188609774,-0.553539851912973,064,"Y51","Q35","00","KC","MN"
"MK430FG",10,52.0604117154569,-0.555695302417668,064,"Y51","Q35","00","KC","MN"
"MK430FH",10,52.0610847745517,-0.55485671670507,064,"Y51","Q35","00","KC","MN"
"MK430FJ",10,52.0602486852401,-0.555598452972721,064,"Y51","Q35","00","KC","MN"
"MK430FL",10,52.0598645351109,-0.555800470680328,064,"Y51","Q35","00","KC","MN"
"MK430FN",10,52.0619318947539,-0.555748380854148,064,"Y51","Q35","00","KC","MN"
"MK430FP",10,52.0786710694294,-0.599497320061247,064,"Y51","Q35","00","KC","MD"
"MK430FQ",10,52.0685052282475,-0.630380190684107,064,"Y51","Q35","00","KC","MD"
"MK430FR",10,52.0759901800332,-0.626882578400579,064,"Y51","Q35","00","KC","MD"
"MK430FS",10,52.0762857643298,-0.626785958192343,064,"Y51","Q35","00","KC","MD"
"MK430FT",10,52.0765455664883,-0.626705026661161,064,"Y51","Q35","00","KC","MD"
"MK430FW",10,52.0764083846965,-0.627278322977665,064,"Y51","Q35","00","KC","MD"
"MK430FX",10,52.0761304362655,-0.627345215566437,064,"Y51","Q35","00","KC","MD"
"MK430FY",10,52.0729999332354,-0.603482995278346,064,"Y51","Q35","00","KC","MD"
"MK430GA",10,52.0632598699428,-0.607827594360899,064,"Y51","Q35","00","KC","MD"
"MK430GD",10,52.0662015522312,-0.547601420901203,064,"Y51","Q35","00","KC","MN"
"MK430GE",50,52.0662015522312,-0.547601420901203,064,"Y51","Q35","00","KC","MN"
"MK430GN",10,52.0723834673678,-0.540718256197185,064,"Y51","Q35","00","KC","MN"
"MK430GR",10,52.1344263755372,-0.475586431539319,064,"Y51","Q35","00","KB","MD"
"MK430GS",10,52.1344263755372,-0.475586431539319,064,"Y51","Q35","00","KB","MD"
"MK430GW",10,52.0717649807455,-0.541599264668047,064,"Y51","Q35","00","KC","MN"
"MK430GY",10,52.1344263755372,-0.475586431539319,064,"Y51","Q35","00","KB","MD"
"MK430GZ",10,52.0763696713216,-0.600284346169018,064,"Y51","Q35","00","KC","MD"
"MK430HA",10,52.0755943673712,-0.592560371959853,064,"Y51","Q35","00","KC","MD"
"MK430HB",10,52.0774731790706,-0.592530470693995,064,"Y51","Q35","00","KC","MD"
"MK430HD",10,52.0762401327724,-0.589417382069361,064,"Y51","Q35","00","KC","MD"
"MK430HE",10,52.0722307733026,-0.602310559283653,064,"Y51","Q35","00","KC","MD"
"MK430HF",10,52.0766137173627,-0.593593538313088,064,"Y51","Q35","00","KC","MD"
"MK430HG",10,52.0760309221817,-0.623437651095469,064,"Y51","Q35","00","KC","MD"
"MK430HH",10,52.0759185130079,-0.595614469778529,064,"Y51","Q35","00","KC","MD"
"MK430HJ",10,52.0765220402123,-0.594953480817997,064,"Y51","Q35","00","KC","MD"
"MK430HL",10,52.0769370970164,-0.595830573992998,064,"Y51","Q35","00","KC","MD"
"MK430HN",10,52.0773115486702,-0.597073764343634,064,"Y51","Q35","00","KC","MD"
"MK430HP",10,52.0752382989576,-0.597386810292499,064,"Y51","Q35","00","KC","MD"
"MK430HQ",10,52.0775299946648,-0.596541590620511,064,"Y51","Q35","00","KC","MD"
"MK430HR",10,52.0754801373024,-0.592782839963376,064,"Y51","Q35","00","KC","MD"
"MK430HS",10,52.0713416774159,-0.609239557573197,064,"Y51","Q35","00","KC","MD"
"MK430HT",10,52.0717096664682,-0.609184352913726,064,"Y51","Q35","00","KC","MD"
"MK430HU",10,52.0704672662479,-0.609047873213496,064,"Y51","Q35","00","KC","MD"
"MK430HW",10,52.0765261695001,-0.597565329590653,064,"Y51","Q35","00","KC","MD"
"MK430HX",10,52.0707557770084,-0.608353170981782,064,"Y51","Q35","00","KC","MD"
"MK430HY",10,52.0695702903572,-0.606945637091699,064,"Y51","Q35","00","KC","MD"
"MK430HZ",10,52.0704310369117,-0.607502453420933,064,"Y51","Q35","00","KC","MD"
"MK430JA",10,52.0710497134093,-0.605075815497432,064,"Y51","Q35","00","KC","MD"
"MK430JB",10,52.072395657119,-0.604844192525325,064,"Y51","Q35","00","KC","MD"
"MK430JD",10,52.0768086923433,-0.600153878423025,064,"Y51","Q35","00","KC","MD"
"MK430JE",10,52.0657231613126,-0.551103617445024,064,"Y51","Q35","00","KC","MN"
"MK430JF",10,52.0739191158892,-0.602141108413024,064,"Y51","Q35","00","KC","MD"
"MK430JG",10,52.0746054630475,-0.600879401796572,064,"Y51","Q35","00","KC","MD"
"MK430JH",10,52.078408139884,-0.598557025039039,064,"Y51","Q35","00","KC","MD"
"MK430JJ",10,52.0771674326436,-0.597807895338821,064,"Y51","Q35","00","KC","MD"
"MK430JL",10,52.0747483860699,-0.600043220136843,064,"Y51","Q35","00","KC","MD"
"MK430JN",10,52.0744073435691,-0.599338910644174,064,"Y51","Q35","00","KC","MD"
"MK430JP",10,52.072124295036,-0.601671897061715,064,"Y51","Q35","00","KC","MD"
"MK430JQ",10,52.0775570912837,-0.599575958342605,064,"Y51","Q35","00","KC","MD"
"MK430JR",10,52.0702290551476,-0.627847157679295,064,"Y51","Q35","00","KC","MD"
"MK430JS",10,52.0657774685139,-0.550401606021532,064,"Y51","Q35","00","KC","MN"
"MK430JT",10,52.0649665795822,-0.550996806316628,064,"Y51","Q35","00","KC","MN"
"MK430JU",10,52.0662777473625,-0.549407959004327,064,"Y51","Q35","00","KC","MN"
"MK430JW",10,52.0730713019186,-0.601160811969123,064,"Y51","Q35","00","KC","MD"
"MK430JX",10,52.0664904140782,-0.546235285701734,064,"Y51","Q35","00","KC","MN"
"MK430JY",10,52.0671919860233,-0.545526816534532,064,"Y51","Q35","00","KC","MN"
"MK430JZ",10,52.0659994992091,-0.548716716853146,064,"Y51","Q35","00","KC","MN"
"MK430LA",10,52.0637220237704,-0.547769381252155,064,"Y51","Q35","00","KC","MN"
"MK430LB",10,52.0634816943067,-0.547237424567307,064,"Y51","Q35","00","KC","MN"
"MK430LD",10,52.0685799784928,-0.542884781413123,064,"Y51","Q35","00","KC","MN"
"MK430LE",10,52.0707656872812,-0.54077099678859,064,"Y51","Q35","00","KC","MN"
"MK430LF",10,52.0703453217553,-0.542404204242314,064,"Y51","Q35","00","KC","MN"
"MK430LG",10,52.0655087802801,-0.547565540511926,064,"Y51","Q35","00","KC","MN"
"MK430LH",10,52.0690446027433,-0.541921327436496,064,"Y51","Q35","00","KC","MN"
"MK430LJ",10,52.0736654740799,-0.547694828435147,064,"Y51","Q35","00","KC","MN"
"MK430LL",10,52.0702280520411,-0.540919833722234,064,"Y51","Q35","00","KC","MN"
"MK430LN",10,52.0718576451188,-0.544003697520978,064,"Y51","Q35","00","KC","MN"
"MK430LP",10,52.0751159065093,-0.547925005065635,064,"Y51","Q35","00","KC","MN"
"MK430LQ",10,52.0644039957357,-0.54911855033618,064,"Y51","Q35","00","KC","MN"
"MK430LR",10,52.0729189298299,-0.544757086851164,064,"Y51","Q35","00","KC","MN"
"MK430LS",10,52.0787444761541,-0.552725057857436,064,"Y51","Q35","00","KC","MN"
"MK430LT",10,52.0805493568868,-0.556198294179013,064,"Y51","Q35","00","KC","MN"
"MK430LU",10,52.0807176182098,-0.553055264784523,064,"Y51","Q35","00","KC","MN"
"MK430LW",10,52.0735773917427,-0.546384480968929,064,"Y51","Q35","00","KC","MN"
"MK430LX",10,52.0762172668533,-0.594277226803993,064,"Y51","Q35","00","KC","MD"
"MK430LY",10,52.0677077117915,-0.547246182981601,064,"Y51","Q35","00","KC","MN"
"MK430LZ",10,52.067596440301,-0.546243137447379,064,"Y51","Q35","00","KC","MN"
"MK430NA",10,52.0623768040465,-0.552437253400816,064,"Y51","Q35","00","KC","MN"
"MK430NB",10,52.0707089462042,-0.541998427152433,064,"Y51","Q35","00","KC","MN"
"MK430ND",10,52.0621074483945,-0.549543063279229,064,"Y51","Q35","00","KC","MN"
"MK430NE",10,52.0611680596319,-0.549194226709861,064,"Y51","Q35","00","KC","MN"
"MK430NF",10,52.0610388071841,-0.549650613919355,064,"Y51","Q35","00","KC","MN"
"MK430NG",10,52.0755927765726,-0.549412491380638,064,"Y51","Q35","00","KC","MN"
"MK430NH",10,52.0603209745567,-0.551963998065838,064,"Y51","Q35","00","KC","MN"
"MK430NJ",10,52.0579946785034,-0.561709786757134,064,"Y51","Q35","00","KC","MN"
"MK430NL",10,52.0523704552906,-0.56797201054225,064,"Y51","Q35","00","KC","MN"
"MK430NN",10,52.0442995765882,-0.593631085170509,064,"Y51","Q35","00","KC","MN"
"MK430NP",10,52.0595811142335,-0.551754536520972,064,"Y51","Q35","00","KC","MN"
"MK430NQ",10,52.0595924012223,-0.555605034639976,064,"Y51","Q35","00","KC","MN"
"MK430NR",10,52.060001092124,-0.549348728563649,064,"Y51","Q35","00","KC","MN"
"MK430NS",10,52.0593575235696,-0.55111996018948,064,"Y51","Q35","00","KC","MN"
"MK430NT",10,52.0593751634233,-0.550360889557833,064,"Y51","Q35","00","KC","MN"
"MK430NU",10,52.0593150653436,-0.552054870903463,064,"Y51","Q35","00","KC","MN"
"MK430NW",10,52.0588955078059,-0.552301818526519,064,"Y51","Q35","00","KC","MN"
"MK430NX",10,52.0601638525794,-0.552348335417984,064,"Y51","Q35","00","KC","MN"
"MK430NY",10,52.061469884841,-0.564296797103021,064,"Y51","Q35","00","KC","MN"
"MK430NZ",10,52.0634528508958,-0.575071977027668,064,"Y51","Q35","00","KC","MN"
"MK430PA",10,52.0652638234221,-0.569441564365015,064,"Y51","Q35","00","KC","MN"
"MK430PB",10,52.0392312041562,-0.559614774993853,064,"Y51","Q35","00","KC","MN"
"MK430PD",10,52.0588581997122,-0.549998378531415,064,"Y51","Q35","00","KC","MN"
"MK430PE",10,52.0607609042712,-0.554108645757087,064,"Y51","Q35","00","KC","MN"
"MK430PG",10,52.0618058450968,-0.547685654469015,064,"Y51","Q35","00","KC","MN"
"MK430PH",10,52.0628103121554,-0.547478022705678,064,"Y51","Q35","00","KC","MN"
"MK430PJ",10,52.05775183066,-0.544856165792716,064,"Y51","Q35","00","KC","MN"
"MK430PL",10,52.0620641478954,-0.548217011057755,064,"Y51","Q35","00","KC","MN"
"MK430PN",10,52.0562523237668,-0.545021570550538,064,"Y51","Q35","00","KC","MN"
"MK430PP",10,52.0468698551825,-0.549030242303847,064,"Y51","Q35","00","KC","MN"
"MK430PQ",10,52.0644601315487,-0.552953426136178,064,"Y51","Q35","00","KC","MN"
"MK430PR",10,52.0646568817112,-0.535397380365406,064,"Y51","Q35","00","KC","MN"
"MK430PS",10,52.0614740179929,-0.546296043096289,064,"Y51","Q35","00","KC","MN"
"MK430PT",10,52.0632027144124,-0.546487911178547,064,"Y51","Q35","00","KC","MN"
"MK430PU",10,52.0550707677987,-0.539634279649489,064,"Y51","Q35","00","KC","MN"
"MK430PW",10,52.0546695967329,-0.545729311764299,064,"Y51","Q35","00","KC","MN"
"MK430PX",10,52.0560584776005,-0.542431654886288,064,"Y51","Q35","00","KC","MN"
"MK430PY",10,52.0631870333071,-0.55032500705369,064,"Y51","Q35","00","KC","MN"
"MK430PZ",10,52.0641242159393,-0.551957704970449,064,"Y51","Q35","00","KC","MN"
"MK430QA",10,52.0626887422142,-0.55074959307372,064,"Y51","Q35","00","KC","MN"
"MK430QB",10,52.0634589452251,-0.551964632360703,064,"Y51","Q35","00","KC","MN"
"MK430QD",10,52.0626159959461,-0.546302730741275,064,"Y51","Q35","00","KC","MN"
"MK430QE",10,52.0683464648169,-0.557525612197043,064,"Y51","Q35","00","KC","MN"
"MK430QF",10,52.0732463683304,-0.566341196735323,064,"Y51","Q35","00","KC","MN"
"MK430QG",10,52.0770333788729,-0.572407004421486,064,"Y51","Q35","00","KC","MN"
"MK430QH",10,52.0766254325297,-0.573616571734223,064,"Y51","Q35","00","KC","MN"
"MK430QJ",10,52.0753838898343,-0.582498718553422,064,"Y51","Q35","00","KC","MN"
"MK430QL",10,52.0620228005712,-0.545592618644356,064,"Y51","Q35","00","KC","MN"
"MK430QN",10,52.0637944578644,-0.548540194887078,064,"Y51","Q35","00","KC","MN"
"MK430QP",10,52.065396920652,-0.554557060269252,064,"Y51","Q35","00","KC","MN"
"MK430QQ",10,52.0780462569045,-0.569923138016374,064,"Y51","Q35","00","KC","MN"
"MK430QR",10,52.0371568522182,-0.557625763436458,064,"Y51","Q35","00","KC","MN"
"MK430QS",10,52.033107593445,-0.550773214812024,064,"Y51","Q35","00","KC","MN"
"MK430QT",10,52.0346877753612,-0.557180394989461,064,"Y51","Q35","00","KC","MN"
"MK430QU",10,52.0311309092601,-0.564845933495313,064,"Y51","Q35","00","KC","MN"
"MK430QW",10,52.0636965327788,-0.553007280500522,064,"Y51","Q35","00","KC","MN"
"MK430QX",10,52.0259026486387,-0.560072155370033,064,"Y51","Q35","00","KC","MN"
"MK430QY",10,52.0603679906522,-0.546288188127051,064,"Y51","Q35","00","KC","MN"
"MK430QZ",10,52.0610835939771,-0.546717156732178,064,"Y51","Q35","00","KC","MN"
"MK430RA",10,52.0172603470925,-0.551139614265041,064,"Y51","Q35","00","KC","NE"
"MK430RB",10,52.0294844716665,-0.54278563658943,064,"Y51","Q35","00","KC","MA"
"MK430RD",10,52.0183943322221,-0.555620669990735,064,"Y51","Q35","00","KC","NE"
"MK430RE",10,52.0425442097923,-0.558487607761886,064,"Y51","Q35","00","KC","MN"
"MK430RF",10,52.0747551357048,-0.548564146727308,064,"Y51","Q35","00","KC","MN"
"MK430RG",10,52.0666891864156,-0.544128025326613,064,"Y51","Q35","00","KC","MN"
"MK430RH",10,52.0397852099208,-0.557861931157881,064,"Y51","Q35","00","KC","MN"
"MK430RJ",10,52.0403250120367,-0.557888300480534,064,"Y51","Q35","00","KC","MN"
"MK430RL",10,52.0403366293392,-0.556634018609741,064,"Y51","Q35","00","KC","MN"
"MK430RN",10,52.039079589769,-0.556776564593021,064,"Y51","Q35","00","KC","MN"
"MK430RP",10,52.0411591581472,-0.556986620552432,064,"Y51","Q35","00","KC","MN"
"MK430RQ",10,52.0659257892936,-0.544926049971141,064,"Y51","Q35","00","KC","MN"
"MK430RR",10,52.0417450322125,-0.556369941645327,064,"Y51","Q35","00","KC","MN"
"MK430RS",10,52.0402016068836,-0.558825409696475,064,"Y51","Q35","00","KC","MN"
"MK430RT",10,52.0399371545313,-0.560729339341658,064,"Y51","Q35","00","KC","MN"
"MK430RU",10,52.0409323905913,-0.559764221310629,064,"Y51","Q35","00","KC","MN"
"MK430RW",10,52.0404449545509,-0.555201653963332,064,"Y51","Q35","00","KC","MN"
"MK430RX",10,52.0395843931097,-0.562767299187847,064,"Y51","Q35","00","KC","MN"
"MK430RY",10,52.0407471431948,-0.554914882172353,064,"Y51","Q35","00","KC","MN"
"MK430RZ",10,52.0649123502241,-0.545863463944879,064,"Y51","Q35","00","KC","MN"
"MK430SA",10,52.0420804297706,-0.560266815168885,064,"Y51","Q35","00","KC","MN"
"MK430SB",10,52.0411885940203,-0.560864112383999,064,"Y51","Q35","00","KC","MN"
"MK430SD",10,52.0417974456177,-0.562127668346888,064,"Y51","Q35","00","KC","MN"
"MK430SE",10,52.0430929378525,-0.56071546256207,064,"Y51","Q35","00","KC","MN"
"MK430SF",10,52.0429240526092,-0.565299371280947,064,"Y51","Q35","00","KC","MN"
"MK430SG",10,52.0669394371075,-0.548379878005187,064,"Y51","Q35","00","KC","MN"
"MK430SH",10,52.0408683284635,-0.572232595172677,064,"Y51","Q35","00","KC","MN"
"MK430SJ",10,52.0435604884863,-0.574771455567763,064,"Y51","Q35","00","KC","MN"
"MK430SL",10,52.0449804856019,-0.565087705062124,064,"Y51","Q35","00","KC","MN"
"MK430SN",10,52.0368708484401,-0.557766180652149,064,"Y51","Q35","00","KC","MN"
"MK430SP",10,52.0428437607223,-0.559454907386875,064,"Y51","Q35","00","KC","MN"
"MK430SQ",10,52.0427473062648,-0.561863890651056,064,"Y51","Q35","00","KC","MN"
"MK430SR",10,52.0749126399675,-0.627003185206737,064,"Y51","Q35","00","KC","MD"
"MK430SS",10,52.0752682852091,-0.628976732901412,064,"Y51","Q35","00","KC","MD"
"MK430ST",10,52.0752217992963,-0.627300124625412,064,"Y51","Q35","00","KC","MD"
"MK430SU",10,52.0758021355086,-0.628493442794897,064,"Y51","Q35","00","KC","MD"
"MK430SX",10,52.076515920575,-0.630339345902782,064,"Y51","Q35","00","KC","MD"
"MK430SY",10,52.0775422262296,-0.632000647727102,064,"Y51","Q35","00","KC","MD"
"MK430SZ",10,52.0762080679311,-0.633252555430113,064,"Y51","Q35","00","KC","MD"
"MK430TA",10,52.0747355264445,-0.634202189631548,064,"Y51","Q35","00","KC","MD"
"MK430TB",10,52.075682365065,-0.63288922409213,064,"Y51","Q35","00","KC","MD"
"MK430TD",10,52.0770799614604,-0.630132385662125,064,"Y51","Q35","00","KC","MD"
"MK430TE",10,52.0764053498136,-0.628562509522096,064,"Y51","Q35","00","KC","MD"
"MK430TG",10,52.0772776719399,-0.62703277599972,064,"Y51","Q35","00","KC","MD"
"MK430TH",10,52.0770832670639,-0.625010424816483,064,"Y51","Q35","00","KC","MD"
"MK430TN",10,52.0495933188003,-0.585939924854827,064,"Y51","Q35","00","KC","MN"
"MK430TQ",10,52.0773286906402,-0.626009751634095,064,"Y51","Q35","00","KC","MD"
"MK430TR",10,52.0661603250922,-0.632859047758979,064,"Y51","Q35","00","KC","MD"
"MK430TS",10,52.0128446944121,-0.581357550505908,064,"Y51","Q35","00","KC","NE"
"MK430TT",10,52.0129642790085,-0.579342917092689,064,"Y51","Q35","00","KC","NE"
"MK430TU",10,52.0117586968777,-0.58451008696664,064,"Y51","Q35","00","KC","NE"
"MK430TW",10,52.0692874369803,-0.608880276728657,064,"Y51","Q35","00","KC","MD"
"MK430TX",10,52.0146638397026,-0.580105116860927,064,"Y51","Q35","00","KC","NE"
"MK430TY",10,52.0155671277614,-0.577468091757966,064,"Y51","Q35","00","KC","NE"
"MK430TZ",10,52.0145648975306,-0.577121007322421,064,"Y51","Q35","00","KC","NE"
"MK430UA",10,52.0148574149716,-0.578262916516541,064,"Y51","Q35","00","KC","NE"
"MK430UB",10,52.0150990534961,-0.577424648412735,064,"Y51","Q35","00","KC","NE"
"MK430UD",10,52.0155022920924,-0.576566670570813,064,"Y51","Q35","00","KC","NE"
"MK430UE",10,52.0166389975743,-0.581354120718642,064,"Y51","Q35","00","KC","NE"
"MK430UF",10,52.016524163451,-0.583019022659977,064,"Y51","Q35","00","KC","NE"
"MK430UH",10,52.0158516462303,-0.58317141979918,064,"Y51","Q35","00","KC","NE"
"MK430UJ",10,52.0170841610582,-0.583977702866394,064,"Y51","Q35","00","KC","NE"
"MK430UL",10,52.0317863951581,-0.595364827209785,064,"Y51","Q35","00","KC","MD"
"MK430UP",10,52.041086581167,-0.553999940295055,064,"Y51","Q35","00","KC","MN"
"MK430UQ",10,52.0418154365959,-0.554778365188415,064,"Y51","Q35","00","KC","MN"
"MK430UR",10,52.0623392066517,-0.553036556345112,064,"Y51","Q35","00","KC","MN"
"MK430US",10,52.0421757104481,-0.554096022714303,064,"Y51","Q35","00","KC","MN"
"MK430UT",10,52.0221538578248,-0.605722871078278,064,"Y51","Q35","00","KC","NE"
"MK430UU",10,52.0156204255053,-0.612090017230497,064,"Y51","Q35","00","KC","NE"
"MK430UW",10,52.0423077461993,-0.555331144752799,064,"Y51","Q35","00","KC","MN"
"MK430UY",10,52.0161293046684,-0.609494961118258,064,"Y51","Q35","00","KC","NE"
"MK430UZ",10,52.0134585141476,-0.604900299669509,064,"Y51","Q35","00","KC","NE"
"MK430WR",10,52.1344263755372,-0.475586431539319,064,"Y51","Q35","00","KB","MD"
"MK430WW",10,52.1344263755372,-0.475586431539319,064,"Y51","Q35","00","KB","MD"
"MK430XA",10,52.0134212037677,-0.608588048578848,064,"Y51","Q35","00","KC","NE"
"MK430XB",10,52.0088476644345,-0.605043683097357,064,"Y51","Q35","00","KC","NE"
"MK430XD",10,52.007911450157,-0.607229108392491,064,"Y51","Q35","00","KC","NE"
"MK430XE",10,52.0114568175899,-0.601392689643985,064,"Y51","Q35","00","KC","NE"
"MK430XF",10,52.0148905580784,-0.595267394341328,064,"Y51","Q35","00","KC","NE"
"MK430XG",10,52.1344263755372,-0.475586431539319,064,"Y51","Q35","00","KB","MD"
"MK430XJ",10,52.0044666527416,-0.588251168228296,064,"Y51","Q35","00","KC","NE"
"MK430XL",10,52.0065369286349,-0.57128564064589,064,"Y51","Q35","00","KC","NE"
"MK430XN",10,52.0070098911384,-0.566550071556816,064,"Y51","Q35","00","KC","NE"
"MK430XP",10,52.0264713446532,-0.594511043259271,064,"Y51","Q35","00","KC","MD"
"MK430XQ",10,52.1344263755372,-0.475586431539319,064,"Y51","Q35","00","KB","MD"
"MK430XR",10,52.0262143435986,-0.594825188711728,064,"Y51","Q35","00","KC","MD"
"MK430XU",10,52.0308336201247,-0.584869955166424,064,"Y51","Q35","00","KC","NE"
"MK430XW",10,52.0126784560277,-0.570580044969026,064,"Y51","Q35","00","KC","NE"
"MK430XX",10,52.0290340348773,-0.602841392311513,064,"Y51","Q35","00","KC","MD"
"MK430XY",10,52.0340452853756,-0.598559561886251,064,"Y51","Q35","00","KC","MD"
"MK430XZ",10,52.0338490169656,-0.596422709886902,064,"Y51","Q35","00","KC","MD"
"MK430YA",10,52.034212221813,-0.594457847902419,064,"Y51","Q35","00","KC","MD"
"MK430YB",10,52.0345282812584,-0.596080715196663,064,"Y51","Q35","00","KC","MD"
"MK430YD",10,52.0412700331436,-0.598202401466279,064,"Y51","Q35","00","KC","MD"
"MK430YJ",10,52.1344263755372,-0.475586431539319,064,"Y51","Q35","00","KB","MD"
"MK430YL",10,52.0321496970423,-0.592656586227136,064,"Y51","Q35","00","KC","MD"
"MK430YT",10,52.1344263755372,-0.475586431539319,064,"Y51","Q35","00","KB","MD"
"MK430YZ",10,52.1344263755372,-0.475586431539319,064,"Y51","Q35","00","KB","MD"
"MK430ZA",10,52.0285991035483,-0.594998244001607,064,"Y51","Q35","00","KC","MD"
"MK430ZJ",10,52.1344263755372,-0.475586431539319,064,"Y51","Q35","00","KB","MD"
"MK430ZR",10,52.1344263755372,-0.475586431539319,064,"Y51","Q35","00","KB","MD"
"MK430ZS",10,52.1344263755372,-0.475586431539319,064,"Y51","Q35","00","KB","MD"
"MK430ZT",10,52.1344263755372,-0.475586431539319,064,"Y51","Q35","00","KB","MD"
"MK430ZW",10,52.1344263755372,-0.475586431539319,064,"Y51","Q35","00","KB","MD"
"MK436AA",90,49.7668057243776,-7.55715980363992,064,"","","","",""
"MK436AD",10,52.1344263755372,-0.475586431539319,064,"Y51","Q35","00","KB","MD"
"MK436AE",50,52.1344263755372,-0.475586431539319,064,"Y51","Q35","00","KB","MD"
"MK436AF",50,52.1344263755372,-0.475586431539319,064,"Y51","Q35","00","KB","MD"
"MK436AG",50,52.1344263755372,-0.475586431539319,064,"Y51","Q35","00","KB","MD"
"MK436AH",50,52.1344263755372,-0.475586431539319,064,"Y51","Q35","00","KB","MD"
"MK437AA",10,52.2149814506466,-0.586329478685229,064,"Y51","Q35","00","KB","MM"
"MK437AB",10,52.219931922328,-0.585279317773324,064,"Y51","Q35","00","KB","MM"
"MK437AD",10,52.224588692406,-0.591997759216655,064,"Y51","Q35","00","KB","MM"
"MK437AE",10,52.219885174683,-0.620063084266175,064,"Y51","Q35","00","KB","MM"
"MK437AF",10,52.218955445833,-0.622829330506835,064,"Y51","Q35","00","KB","MM"
"MK437AG",10,52.1344263755372,-0.475586431539319,064,"Y51","Q35","00","KB","MD"
"MK437AH",10,52.2201646115444,-0.626290666316876,064,"Y51","Q35","00","KB","MM"
"MK437AJ",10,52.2133425547512,-0.582370997860262,064,"Y51","Q35","00","KB","MM"
"MK437AN",10,52.1889116676656,-0.55403666973497,064,"Y51","Q35","00","KB","MC"
"MK437AP",10,52.208312276552,-0.604644912867021,064,"Y51","Q35","00","KB","MM"
"MK437AR",10,52.2071192459243,-0.601082122084093,064,"Y51","Q35","00","KB","MM"
"MK437AS",10,52.2089649133086,-0.589959772187207,064,"Y51","Q35","00","KB","MM"
"MK437AT",10,52.2094171196391,-0.587925745501972,064,"Y51","Q35","00","KB","MM"
"MK437AU",10,52.2082284503234,-0.590026991641124,064,"Y51","Q35","00","KB","MM"
"MK437AX",10,52.2110885277624,-0.587097038208587,064,"Y51","Q35","00","KB","MM"
"MK437BB",10,52.211813754431,-0.583092935244672,064,"Y51","Q35","00","KB","MM"
"MK437BE",10,52.2026846950868,-0.613103648560537,064,"Y51","Q35","00","KB","MM"
"MK437BG",10,52.2024956544238,-0.612319336585159,064,"Y51","Q35","00","KB","MM"
"MK437BH",10,52.2017242982566,-0.611714142019954,064,"Y51","Q35","00","KB","MM"
"MK437BJ",10,52.2020102191763,-0.613856300437165,064,"Y51","Q35","00","KB","MM"
"MK437BN",10,52.2014752986563,-0.615775224617789,064,"Y51","Q35","00","KB","MM"
"MK437BP",10,52.2039191106685,-0.613328626859438,064,"Y51","Q35","00","KB","MM"
"MK437BS",10,52.2061662825349,-0.614809930228905,064,"Y51","Q35","00","KB","MM"
"MK437BT",10,52.2059862631988,-0.623244949361674,064,"Y51","Q35","00","KB","MM"
"MK437BU",10,52.2060569103407,-0.622364700157131,064,"Y51","Q35","00","KB","MM"
"MK437BW",10,52.2031071651026,-0.612329556077493,064,"Y51","Q35","00","KB","MM"
"MK437DA",10,52.2014565099073,-0.608825164846378,064,"Y51","Q35","00","KB","MM"
"MK437DB",10,52.2004600538857,-0.609719602271294,064,"Y51","Q35","00","KB","MM"
"MK437DE",10,52.1999313942628,-0.612165082329996,064,"Y51","Q35","00","KB","MM"
"MK437DF",10,52.2020595829827,-0.607357652890062,064,"Y51","Q35","00","KB","MM"
"MK437DG",10,52.2006925941689,-0.606566317937826,064,"Y51","Q35","00","KB","MM"
"MK437DH",10,52.2041739413071,-0.603676999158382,064,"Y51","Q35","00","KB","MM"
"MK437DJ",10,52.2021596659318,-0.606696031649947,064,"Y51","Q35","00","KB","MM"
"MK437DL",10,52.2001202125214,-0.610637421356268,064,"Y51","Q35","00","KB","MM"
"MK437DP",10,52.2032632513494,-0.604217716649196,064,"Y51","Q35","00","KB","MM"
"MK437DQ",10,52.2019818178069,-0.605340713778871,064,"Y51","Q35","00","KB","MM"
"MK437DR",10,52.2036953598556,-0.605023664464111,064,"Y51","Q35","00","KB","MM"
"MK437DS",10,52.2003423709518,-0.60204117121085,064,"Y51","Q35","00","KB","MM"
"MK437DT",10,52.1933454237395,-0.601880275297532,064,"Y51","Q35","00","KB","MC"
"MK437DU",10,52.1994915238916,-0.604599254985418,064,"Y51","Q35","00","KB","MM"
"MK437DW",10,52.2035470565308,-0.606930680195821,064,"Y51","Q35","00","KB","MM"
"MK437DX",10,52.2025648093969,-0.605220030455302,064,"Y51","Q35","00","KB","MM"
"MK437DY",10,52.2030416717849,-0.60677088171593,064,"Y51","Q35","00","KB","MM"
"MK437DZ",10,52.1344263755372,-0.475586431539319,064,"Y51","Q35","00","KB","MD"
"MK437EA",10,52.2008954488658,-0.615398155501499,064,"Y51","Q35","00","KB","MM"
"MK437EB",10,52.2000656571798,-0.615175190036805,064,"Y51","Q35","00","KB","MM"
"MK437ED",10,52.1997391469971,-0.617233869015312,064,"Y51","Q35","00","KB","MM"
"MK437EE",10,52.1989065468025,-0.619074086228269,064,"Y51","Q35","00","KB","MM"
"MK437EF",10,52.1962682294071,-0.585343039868014,064,"Y51","Q35","00","KB","MC"
"MK437EG",10,52.1883142421206,-0.639121601309344,064,"Y51","Q35","00","KB","MM"
"MK437EH",10,52.200244515659,-0.620466605739486,064,"Y51","Q35","00","KB","MM"
"MK437EJ",10,52.1957844642731,-0.645257981100358,064,"Y51","Q35","00","KB","MM"
"MK437EL",10,52.196194464229,-0.644162811204905,064,"Y51","Q35","00","KB","MM"
"MK437EP",10,52.2027634898894,-0.634509780300065,064,"Y51","Q35","00","KB","MM"
"MK437ER",10,52.2024553107624,-0.613476620812368,064,"Y51","Q35","00","KB","MM"
"MK437ES",10,52.2079783902222,-0.549363843186171,064,"Y51","Q35","00","KB","MC"
"MK437ET",10,52.2078054701595,-0.550657365214762,064,"Y51","Q35","00","KB","MC"
"MK437EU",10,52.2079418920776,-0.551516400701559,064,"Y51","Q35","00","KB","MC"
"MK437EW",10,52.201237100628,-0.613865720747168,064,"Y51","Q35","00","KB","MM"
"MK437EX",10,52.2065862282599,-0.550214090807373,064,"Y51","Q35","00","KB","MC"
"MK437EY",10,52.2073226603099,-0.55087796445456,064,"Y51","Q35","00","KB","MC"
"MK437FB",10,52.2024263228364,-0.608721715337469,064,"Y51","Q35","00","KB","MM"
"MK437FR",10,52.2027118392196,-0.609298133103208,064,"Y51","Q35","00","KB","MM"
"MK437FS",10,52.2029883650903,-0.609874838722611,064,"Y51","Q35","00","KB","MM"
"MK437HA",10,52.2065294257143,-0.549250049437464,064,"Y51","Q35","00","KB","MC"
"MK437HB",10,52.2060807685612,-0.550786654831661,064,"Y51","Q35","00","KB","MC"
"MK437HD",10,52.2086004802316,-0.552431647309873,064,"Y51","Q35","00","KB","MC"
"MK437HH",10,52.2074223817938,-0.553143143461011,064,"Y51","Q35","00","KB","MC"
"MK437HJ",10,52.2085537102875,-0.553750349640982,064,"Y51","Q35","00","KB","MC"
"MK437HL",10,52.2084475231086,-0.548031384421638,064,"Y51","Q35","00","KB","MC"
"MK437HN",10,52.2091848725682,-0.550231954472207,064,"Y51","Q35","00","KB","MC"
"MK437HP",10,52.2084568850716,-0.549523883319494,064,"Y51","Q35","00","KB","MC"
"MK437HR",10,52.2082747866976,-0.540587657072555,064,"Y51","Q35","00","KB","MC"
"MK437HS",10,52.2067123607307,-0.534945919681758,064,"Y51","Q35","00","KB","MC"
"MK437HT",10,52.2064306803747,-0.531091625097246,064,"Y51","Q35","00","KB","MC"
"MK437HU",10,52.2054270669467,-0.530641785854545,064,"Y51","Q35","00","KB","MC"
"MK437HW",10,52.2089875030246,-0.550999425100957,064,"Y51","Q35","00","KB","MC"
"MK437HX",10,52.2066888280148,-0.530161120893003,064,"Y51","Q35","00","KB","MC"
"MK437HY",10,52.208982863185,-0.52954390256654,064,"Y51","Q35","00","KB","MC"
"MK437HZ",10,52.2107093094948,-0.53389236869893,064,"Y51","Q35","00","KB","MC"
"MK437JA",10,52.2100422674888,-0.548301384495528,064,"Y51","Q35","00","KB","MC"
"MK437JB",10,52.2098598277305,-0.548819583819415,064,"Y51","Q35","00","KB","MC"
"MK437JD",10,52.2103808557123,-0.545860777401939,064,"Y51","Q35","00","KB","MC"
"MK437JE",10,52.2096568928828,-0.549133546198699,064,"Y51","Q35","00","KB","MC"
"MK437JF",10,52.2093617445143,-0.549260245681031,064,"Y51","Q35","00","KB","MC"
"MK437JG",10,52.2099798824988,-0.547615533591031,064,"Y51","Q35","00","KB","MC"
"MK437JH",10,52.2089667516651,-0.554439441624114,064,"Y51","Q35","00","KB","MC"
"MK437JJ",10,52.2011005068439,-0.567791125628632,064,"Y51","Q35","00","KB","MC"
"MK437JL",10,52.2052877591977,-0.575749248824116,064,"Y51","Q35","00","KB","MC"
"MK437JN",10,52.1885200627834,-0.528902473383621,064,"Y51","Q35","00","KB","MC"
"MK437JP",10,52.2103911734171,-0.549621885265318,064,"Y51","Q35","00","KB","MC"
"MK437JQ",10,52.2091974041487,-0.553451372558945,064,"Y51","Q35","00","KB","MC"
"MK437JR",10,52.1919999052056,-0.604424187732366,064,"Y51","Q35","00","KB","MC"
"MK437JS",10,52.1903833048038,-0.607620106874679,064,"Y51","Q35","00","KB","MC"
"MK437JT",10,52.1899432703554,-0.60614167880651,064,"Y51","Q35","00","KB","MC"
"MK437JU",10,52.1888058722414,-0.610331821417136,064,"Y51","Q35","00","KB","MC"
"MK437JX",10,52.1888330978892,-0.60730281249823,064,"Y51","Q35","00","KB","MC"
"MK437JZ",10,52.2109798878007,-0.544128787054211,064,"Y51","Q35","00","KB","MC"
"MK437LA",10,52.1875846749322,-0.606654283763257,064,"Y51","Q35","00","KB","MC"
"MK437LB",10,52.1886635558855,-0.605889121958899,064,"Y51","Q35","00","KB","MC"
"MK437LD",10,52.1866252304702,-0.606874438180449,064,"Y51","Q35","00","KB","MC"
"MK437LE",10,52.1831304666604,-0.597242109282456,064,"Y51","Q35","00","KB","MC"
"MK437LF",10,52.178756985523,-0.605262842714337,064,"Y51","Q35","00","KB","MC"
"MK437LG",10,52.1804416701863,-0.604785989123243,064,"Y51","Q35","00","KB","MC"
"MK437LH",10,52.1827962272719,-0.616911063366375,064,"Y51","Q35","00","KB","MC"
"MK437LN",10,52.1920928766122,-0.603163107603177,064,"Y51","Q35","00","KB","MC"
"MK437LP",10,52.1928225764156,-0.601765006642371,064,"Y51","Q35","00","KB","MC"
"MK437LQ",10,52.1793366953853,-0.604864441786871,064,"Y51","Q35","00","KB","MC"
"MK437LR",10,52.1922297078916,-0.601052110829243,064,"Y51","Q35","00","KB","MC"
"MK437LS",10,52.1916802124491,-0.600206204012096,064,"Y51","Q35","00","KB","MC"
"MK437LT",10,52.1909877160817,-0.602466268391981,064,"Y51","Q35","00","KB","MC"
"MK437LU",10,52.1881540194158,-0.604617743570713,064,"Y51","Q35","00","KB","MC"
"MK437LW",10,52.1884616785481,-0.605544347707093,064,"Y51","Q35","00","KB","MC"
"MK437LX",10,52.1856150758718,-0.595233063516002,064,"Y51","Q35","00","KB","MC"
"MK437NA",10,52.1956840363304,-0.592881957151498,064,"Y51","Q35","00","KB","MC"
"MK437NB",10,52.1890406128306,-0.580203635118889,064,"Y51","Q35","00","KB","MC"
"MK437ND",10,52.186871212149,-0.581486873537135,064,"Y51","Q35","00","KB","MC"
"MK437NH",10,52.1893377152576,-0.552852524662417,064,"Y51","Q35","00","KB","MC"
"MK437NJ",10,52.1890159763397,-0.552277813079526,064,"Y51","Q35","00","KB","MC"
"MK437NL",10,52.1876663411916,-0.554398894426957,064,"Y51","Q35","00","KB","MC"
"MK437NN",10,52.1869960669513,-0.55399641176479,064,"Y51","Q35","00","KB","MC"
"MK437NP",10,52.1884976391266,-0.555469091372276,064,"Y51","Q35","00","KB","MC"
"MK437NR",10,52.1887197838076,-0.555988530236225,064,"Y51","Q35","00","KB","MC"
"MK437NS",10,52.1884783298849,-0.556830191703472,064,"Y51","Q35","00","KB","MC"
"MK437NT",10,52.1884518562046,-0.557606372512756,064,"Y51","Q35","00","KB","MC"
"MK437NU",10,52.1887317285685,-0.559908672120448,064,"Y51","Q35","00","KB","MC"
"MK437NW",10,52.1881095970135,-0.554618577202401,064,"Y51","Q35","00","KB","MC"
"MK437NX",10,52.1877563997653,-0.566201185358169,064,"Y51","Q35","00","KB","MC"
"MK437NZ",10,52.18860196931,-0.553710254011564,064,"Y51","Q35","00","KB","MC"
"MK437PD",10,52.1895894106289,-0.549918526387422,064,"Y51","Q35","00","KB","MC"
"MK437PE",10,52.1896738334477,-0.545819613725184,064,"Y51","Q35","00","KB","MC"
"MK437PF",10,52.1890100396734,-0.546675120385257,064,"Y51","Q35","00","KB","MC"
"MK437PH",10,52.1882475052114,-0.534455754642557,064,"Y51","Q35","00","KB","MC"
"MK437PJ",10,52.1898551710079,-0.534315117437636,064,"Y51","Q35","00","KB","MC"
"MK437PL",10,52.1889400846883,-0.534476869351945,064,"Y51","Q35","00","KB","MC"
"MK437PN",10,52.1903728103449,-0.534005506514288,064,"Y51","Q35","00","KB","MC"
"MK437PP",10,52.188256009327,-0.53224653796766,064,"Y51","Q35","00","KB","MC"
"MK437PQ",10,52.1885020599278,-0.534681445767132,064,"Y51","Q35","00","KB","MC"
"MK437PR",10,52.1855030136336,-0.520591037168195,064,"Y51","Q35","00","KB","MC"
"MK437PS",10,52.1839722338479,-0.529037924818361,064,"Y51","Q35","00","KB","MC"
"MK437PT",10,52.1896168986602,-0.551424433643233,064,"Y51","Q35","00","KB","MC"
"MK437PU",10,52.192935974746,-0.552267517497607,064,"Y51","Q35","00","KB","MC"
"MK437PW",10,52.1682020243457,-0.52186678571403,064,"Y51","Q35","00","KB","MT"
"MK437PX",10,52.1919595975032,-0.550368086293937,064,"Y51","Q35","00","KB","MC"
"MK437PY",10,52.1908769629267,-0.549335342039384,064,"Y51","Q35","00","KB","MC"
"MK437PZ",10,52.1903375165792,-0.551532677326563,064,"Y51","Q35","00","KB","MC"
"MK437QA",10,52.1897211300565,-0.552591379962791,064,"Y51","Q35","00","KB","MC"
"MK437QB",10,52.1696679083781,-0.553812488952791,064,"Y51","Q35","00","KB","MC"
"MK437QD",10,52.1686679587597,-0.553654820147519,064,"Y51","Q35","00","KB","MC"
"MK437QE",10,52.1689865158124,-0.552503946024324,064,"Y51","Q35","00","KB","MC"
"MK437QF",10,52.1637260806853,-0.545144995827078,064,"Y51","Q35","00","KB","MC"
"MK437QG",10,52.1670723770384,-0.551118507266783,064,"Y51","Q35","00","KB","MC"
"MK437QH",10,52.1682591564827,-0.554779357263216,064,"Y51","Q35","00","KB","MC"
"MK437QL",10,52.1680677892372,-0.553104020078805,064,"Y51","Q35","00","KB","MC"
"MK437QN",10,52.1674063308784,-0.556356903553028,064,"Y51","Q35","00","KB","MC"
"MK437QP",10,52.1675262097975,-0.556601595852325,064,"Y51","Q35","00","KB","MC"
"MK437QR",10,52.1541142684605,-0.568641686562875,064,"Y51","Q35","00","KB","MC"
"MK437QS",10,52.168798332704,-0.55622411792737,064,"Y51","Q35","00","KB","MC"
"MK437QT",10,52.1699606724511,-0.55789734756858,064,"Y51","Q35","00","KB","MC"
"MK437QU",10,52.173073886731,-0.565459498124908,064,"Y51","Q35","00","KB","MC"
"MK437QW",10,52.1635604595228,-0.561700901683489,064,"Y51","Q35","00","KB","MC"
"MK437QX",10,52.1811239033937,-0.570890142007176,064,"Y51","Q35","00","KB","MC"
"MK437QY",10,52.1671541477079,-0.55192004858341,064,"Y51","Q35","00","KB","MC"
"MK437QZ",10,52.1662938812198,-0.550690526560572,064,"Y51","Q35","00","KB","MC"
"MK437RB",10,52.1739882948962,-0.520826811861838,064,"Y51","Q35","00","KB","MT"
"MK437RD",10,52.1766723864196,-0.522639020049294,064,"Y51","Q35","00","KB","MT"
"MK437RE",10,52.1684549783436,-0.519811288977196,064,"Y51","Q35","00","KB","MT"
"MK437RF",10,52.172563143527,-0.518314950811541,064,"Y51","Q35","00","KB","MT"
"MK437RG",10,52.1740987977793,-0.524625410822788,064,"Y51","Q35","00","KB","MT"
"MK437RH",10,52.1719473078981,-0.528016092164439,064,"Y51","Q35","00","KB","MT"
"MK437RJ",10,52.1699091049695,-0.528960720785019,064,"Y51","Q35","00","KB","MT"
"MK437RL",10,52.1703859561342,-0.526824677883799,064,"Y51","Q35","00","KB","MT"
"MK437RN",10,52.1704524181138,-0.525667274279445,064,"Y51","Q35","00","KB","MT"
"MK437RP",10,52.1691627488813,-0.526791965990774,064,"Y51","Q35","00","KB","MT"
"MK437RQ",10,52.1742890686729,-0.522586358607268,064,"Y51","Q35","00","KB","MT"
"MK437RR",10,52.1693952224174,-0.525248920435289,064,"Y51","Q35","00","KB","MT"
"MK437RS",10,52.1693569547058,-0.523627084350676,064,"Y51","Q35","00","KB","MT"
"MK437RT",10,52.1684457214653,-0.524095912448616,064,"Y51","Q35","00","KB","MT"
"MK437RU",10,52.1672644643875,-0.525260879266357,064,"Y51","Q35","00","KB","MT"
"MK437RW",10,52.1698467502686,-0.526125975377727,064,"Y51","Q35","00","KB","MT"
"MK437RX",10,52.1667370831372,-0.521198866648145,064,"Y51","Q35","00","KB","MT"
"MK437RY",10,52.1650806221748,-0.516735845219867,064,"Y51","Q35","00","KB","MT"
"MK437RZ",10,52.1658927009746,-0.514106231848782,064,"Y51","Q35","00","KB","MT"
"MK437SA",10,52.1722530140829,-0.525856350711993,064,"Y51","Q35","00","KB","MT"
"MK437SB",10,52.1721965663313,-0.524936938231905,064,"Y51","Q35","00","KB","MT"
"MK437SD",10,52.1723070320546,-0.523704910462303,064,"Y51","Q35","00","KB","MT"
"MK437SE",10,52.1715026335375,-0.526246733712067,064,"Y51","Q35","00","KB","MT"
"MK437SF",10,52.1707094331989,-0.524649793024784,064,"Y51","Q35","00","KB","MT"
"MK437SG",10,52.1716104254629,-0.523362387014146,064,"Y51","Q35","00","KB","MT"
"MK437SH",10,52.1730533780138,-0.522992888353144,064,"Y51","Q35","00","KB","MT"
"MK437SJ",10,52.1726250393883,-0.524688789043951,064,"Y51","Q35","00","KB","MT"
"MK437SL",10,52.1723839308927,-0.521947541342778,064,"Y51","Q35","00","KB","MT"
"MK437SN",10,52.171908349281,-0.520588705094695,064,"Y51","Q35","00","KB","MT"
"MK437SP",10,52.1709881481988,-0.520341389997977,064,"Y51","Q35","00","KB","MT"
"MK437SQ",10,52.1716139411018,-0.522207031677546,064,"Y51","Q35","00","KB","MT"
"MK437SR",10,52.1714840997851,-0.521173084074074,064,"Y51","Q35","00","KB","MT"
"MK437SS",10,52.1705325185888,-0.522008896193124,064,"Y51","Q35","00","KB","MT"
"MK437ST",10,52.168557401627,-0.530160458392095,064,"Y51","Q35","00","KB","MT"
"MK437SU",10,52.1698825314826,-0.532602648712628,064,"Y51","Q35","00","KB","MT"
"MK437SW",10,52.1716468424375,-0.530599705733398,064,"Y51","Q35","00","KB","MT"
"MK437SX",10,52.1703399840536,-0.532514484445389,064,"Y51","Q35","00","KB","MT"
"MK437SY",10,52.1762710422447,-0.523617553918332,064,"Y51","Q35","00","KB","MT"
"MK437SZ",10,52.178380913756,-0.522655539652931,064,"Y51","Q35","00","KB","MT"
"MK437TA",10,52.1754576524511,-0.519695857427378,064,"Y51","Q35","00","KB","MT"
"MK437TB",10,52.1725953658776,-0.527351264824596,064,"Y51","Q35","00","KB","MT"
"MK437TD",10,52.1733730982661,-0.521958629686355,064,"Y51","Q35","00","KB","MT"
"MK437TE",10,52.172617439814,-0.520492065170032,064,"Y51","Q35","00","KB","MT"
"MK437TF",10,52.1763871847616,-0.522121974562954,064,"Y51","Q35","00","KB","MT"
"MK437TG",10,52.1676407834949,-0.520847223498572,064,"Y51","Q35","00","KB","MT"
"MK437TH",10,52.1676389106059,-0.522850496241332,064,"Y51","Q35","00","KB","MT"
"MK437WF",10,52.1344263755372,-0.475586431539319,064,"Y51","Q35","00","KB","MD"
"MK437WT",10,52.1344263755372,-0.475586431539319,064,"Y51","Q35","00","KB","MD"
"MK437WX",10,52.1344263755372,-0.475586431539319,064,"Y51","Q35","00","KB","MD"
"MK437YX",10,52.1344263755372,-0.475586431539319,064,"Y51","Q35","00","KB","MD"
"MK437YY",10,52.1344263755372,-0.475586431539319,064,"Y51","Q35","00","KB","MD"
"MK437ZF",10,52.1344263755372,-0.475586431539319,064,"Y51","Q35","00","KB","MD"
"MK438AA",10,52.1550899589173,-0.625736530894085,064,"Y51","Q35","00","KB","NA"
"MK438AB",10,52.1491236782776,-0.625291744449921,064,"Y51","Q35","00","KB","NA"
"MK438AD",10,52.1404894082821,-0.617359735573575,064,"Y51","Q35","00","KB","NA"
"MK438AE",10,52.1368706514943,-0.638629561176338,064,"Y52","Q38","00","MG","NS"
"MK438AF",10,52.1540542432297,-0.652079634854972,064,"Y52","Q38","00","MG","NS"
"MK438AG",50,52.1540542432297,-0.652079634854972,064,"Y52","Q38","00","MG","NS"
"MK438AH",10,52.152665639022,-0.649373600401323,064,"Y52","Q38","00","MG","NS"
"MK438AJ",10,52.1537974030101,-0.64849155110165,064,"Y52","Q38","00","MG","NS"
"MK438AL",10,52.1543125622978,-0.648724446825733,064,"Y52","Q38","00","MG","NS"
"MK438AN",10,52.1542710254994,-0.655318147933256,064,"Y52","Q38","00","MG","NS"
"MK438AP",10,52.1535510446901,-0.648177433710759,064,"Y52","Q38","00","MG","NS"
"MK438AR",10,52.153886374448,-0.65549052696712,064,"Y52","Q38","00","MG","NS"
"MK438AS",10,52.1538402456833,-0.653810933275557,064,"Y52","Q38","00","MG","NS"
"MK438AT",10,52.1540847760802,-0.657121690347792,064,"Y52","Q38","00","MG","NS"
"MK438AU",10,52.1472968250451,-0.640664664102712,064,"Y52","Q38","00","MG","NS"
"MK438BA",10,52.1621177960448,-0.614701266645663,064,"Y51","Q35","00","KB","NA"
"MK438BB",10,52.1614019252877,-0.607355118972881,064,"Y51","Q35","00","KB","NA"
"MK438BD",10,52.1565319534261,-0.603823315553841,064,"Y51","Q35","00","KB","NA"
"MK438BE",10,52.159448377386,-0.599550982364097,064,"Y51","Q35","00","KB","NA"
"MK438BF",10,52.1589665609781,-0.601378861188262,064,"Y51","Q35","00","KB","NA"
"MK438BG",10,52.1585200950424,-0.600881194916393,064,"Y51","Q35","00","KB","NA"
"MK438BH",10,52.1590253957933,-0.598760211100223,064,"Y51","Q35","00","KB","NA"
"MK438BJ",10,52.1590571368145,-0.597648167225463,064,"Y51","Q35","00","KB","NA"
"MK438BL",10,52.1583208784446,-0.598489958470966,064,"Y51","Q35","00","KB","NA"
"MK438BS",10,52.1567944741441,-0.58886057888016,064,"Y51","Q35","00","KB","NA"
"MK438BT",10,52.1589266712086,-0.579977881014981,064,"Y51","Q35","00","KB","NA"
"MK438BU",10,52.1506334564233,-0.572992047150475,064,"Y51","Q35","00","KB","NA"
"MK438BX",10,52.1520469466585,-0.527064659087985,064,"Y51","Q35","00","KB","MB"
"MK438DA",10,52.1620553431753,-0.624732519520955,064,"Y51","Q35","00","KB","NA"
"MK438DB",10,52.1625073168367,-0.622627908768503,064,"Y51","Q35","00","KB","NA"
"MK438DD",10,52.1617119936487,-0.620737257315477,064,"Y51","Q35","00","KB","NA"
"MK438DE",10,52.1618769519582,-0.620235080273321,064,"Y51","Q35","00","KB","NA"
"MK438DH",10,52.1611064891358,-0.619703358036223,064,"Y51","Q35","00","KB","NA"
"MK438DJ",10,52.1623809545807,-0.620277974438351,064,"Y51","Q35","00","KB","NA"
"MK438DL",10,52.1626277279673,-0.620621227415566,064,"Y51","Q35","00","KB","NA"
"MK438DN",10,52.1632758342294,-0.6222240529118,064,"Y51","Q35","00","KB","NA"
"MK438DP",10,52.1628732343032,-0.620087307846054,064,"Y51","Q35","00","KB","NA"
"MK438DR",10,52.1628720032993,-0.62152013110802,064,"Y51","Q35","00","KB","NA"
"MK438DS",10,52.163348976395,-0.620788993767008,064,"Y51","Q35","00","KB","NA"
"MK438DT",10,52.1638138478401,-0.621330204184425,064,"Y51","Q35","00","KB","NA"
"MK438DU",10,52.1648573949572,-0.620610772810292,064,"Y51","Q35","00","KB","NA"
"MK438DX",10,52.1640388854118,-0.621352491298012,064,"Y51","Q35","00","KB","NA"
"MK438DY",10,52.164537259189,-0.623223173731111,064,"Y51","Q35","00","KB","NA"
"MK438EA",10,52.1647035354734,-0.622062994833477,064,"Y51","Q35","00","KB","NA"
"MK438EB",10,52.164924589342,-0.623284325069596,064,"Y51","Q35","00","KB","NA"
"MK438ED",10,52.163786884706,-0.62364108499713,064,"Y51","Q35","00","KB","NA"
"MK438EE",10,52.1644444079702,-0.624512666722645,064,"Y51","Q35","00","KB","NA"
"MK438EG",10,52.1638012015446,-0.62486877006048,064,"Y51","Q35","00","KB","NA"
"MK438EJ",10,52.1624627307744,-0.625743370281299,064,"Y51","Q35","00","KB","NA"
"MK438EL",10,52.1653403083215,-0.628871361390954,064,"Y51","Q35","00","KB","NA"
"MK438EN",10,52.1623737358237,-0.62659407641938,064,"Y51","Q35","00","KB","NA"
"MK438EP",10,52.1629802804654,-0.625405782429057,064,"Y51","Q35","00","KB","NA"
"MK438EQ",10,52.1722991013634,-0.62807250860018,064,"Y51","Q35","00","KB","NA"
"MK438ER",10,52.1618401018047,-0.627867814860257,064,"Y51","Q35","00","KB","NA"
"MK438ES",10,52.1613040760063,-0.628936919789488,064,"Y51","Q35","00","KB","NA"
"MK438ET",10,52.160807856822,-0.628016515310711,064,"Y51","Q35","00","KB","NA"
"MK438EU",10,52.1605644813208,-0.627190687798555,064,"Y51","Q35","00","KB","NA"
"MK438EW",10,52.1610296976951,-0.629310842008539,064,"Y51","Q35","00","KB","NA"
"MK438EX",10,52.1630045489616,-0.622861103316928,064,"Y51","Q35","00","KB","NA"
"MK438EY",10,52.1641931299327,-0.625324551524969,064,"Y51","Q35","00","KB","NA"
"MK438GA",10,52.1523627972966,-0.547459487683819,064,"Y51","Q35","00","KB","MB"
"MK438GB",10,52.1520944193892,-0.54683969797721,064,"Y51","Q35","00","KB","MB"
"MK438GD",10,52.1531202475983,-0.546177758532671,064,"Y51","Q35","00","KB","MB"
"MK438GE",10,52.1534420143726,-0.546751968168773,064,"Y51","Q35","00","KB","MB"
"MK438GF",10,52.1523676330887,-0.546392294475141,064,"Y51","Q35","00","KB","MB"
"MK438GG",10,52.152836590063,-0.545777720230078,064,"Y51","Q35","00","KB","MB"
"MK438GH",10,52.1510556488714,-0.547911289586609,064,"Y51","Q35","00","KB","MB"
"MK438GJ",10,52.1596763830352,-0.627364203189756,064,"Y51","Q35","00","KB","NA"
"MK438GL",10,52.1537903888016,-0.548026954844823,064,"Y51","Q35","00","KB","MB"
"MK438GP",10,52.1533419120037,-0.548845494055733,064,"Y51","Q35","00","KB","MB"
"MK438GQ",10,52.1527059499225,-0.548310724822675,064,"Y51","Q35","00","KB","MB"
"MK438GZ",10,52.1539932580621,-0.518069129738896,064,"Y51","Q35","00","KB","MB"
"MK438HA",10,52.1604145202251,-0.625894171223648,064,"Y51","Q35","00","KB","NA"
"MK438HB",10,52.1615024236424,-0.626664756190771,064,"Y51","Q35","00","KB","NA"
"MK438HD",10,52.141957379903,-0.537787767177181,064,"Y51","Q35","00","KB","MB"
"MK438HG",10,52.1452083231796,-0.528079492764848,064,"Y51","Q35","00","KB","MB"
"MK438HH",10,52.149668081305,-0.517321152734897,064,"Y51","Q35","00","KB","MB"
"MK438HJ",10,52.1529680245921,-0.549880849563701,064,"Y51","Q35","00","KB","MB"
"MK438HN",10,52.152599690365,-0.525248521292917,064,"Y51","Q35","00","KB","MB"
"MK438HP",10,52.1499452247167,-0.543898744617407,064,"Y51","Q35","00","KB","MB"
"MK438HQ",10,52.1518701055834,-0.54833791137884,064,"Y51","Q35","00","KB","MB"
"MK438HR",10,52.1504785250722,-0.557299114259495,064,"Y51","Q35","00","KB","MB"
"MK438HS",10,52.1496264369845,-0.547212367621104,064,"Y51","Q35","00","KB","MB"
"MK438HT",10,52.1502735129931,-0.545729682036494,064,"Y51","Q35","00","KB","MB"
"MK438HU",10,52.1523123848807,-0.522407709931588,064,"Y51","Q35","00","KB","MB"
"MK438HX",10,52.1530925013163,-0.519370737121751,064,"Y51","Q35","00","KB","MB"
"MK438HY",10,52.1550565083394,-0.521834464067368,064,"Y51","Q35","00","KB","MB"
"MK438HZ",10,52.156070015673,-0.523788965235631,064,"Y51","Q35","00","KB","MB"
"MK438JA",10,52.1544308214366,-0.523565452718709,064,"Y51","Q35","00","KB","MB"
"MK438JB",10,52.1546242197099,-0.518910622647425,064,"Y51","Q35","00","KB","MB"
"MK438JD",10,52.154183088927,-0.506032557566709,064,"Y51","Q35","00","KB","MB"
"MK438JE",10,52.1483979779005,-0.530064354859645,064,"Y51","Q35","00","KB","MB"
"MK438JF",10,52.1479215220169,-0.532959297573751,064,"Y51","Q35","00","KB","MB"
"MK438JG",10,52.1477684633145,-0.535112797971854,064,"Y51","Q35","00","KB","MB"
"MK438JH",10,52.147452765228,-0.530694709593997,064,"Y51","Q35","00","KB","MB"
"MK438JJ",10,52.1470942066481,-0.532226495088058,064,"Y51","Q35","00","KB","MB"
"MK438JN",10,52.1546284310111,-0.520679226227486,064,"Y51","Q35","00","KB","MB"
"MK438JP",10,52.1500386739568,-0.527525569955107,064,"Y51","Q35","00","KB","MB"
"MK438JQ",10,52.1469544156359,-0.533999528000673,064,"Y51","Q35","00","KB","MB"
"MK438JR",10,52.1510181282798,-0.527478640822566,064,"Y51","Q35","00","KB","MB"
"MK438JS",10,52.1516473436982,-0.526025442453802,064,"Y51","Q35","00","KB","MB"
"MK438JT",10,52.1522097116238,-0.528579445895164,064,"Y51","Q35","00","KB","MB"
"MK438JU",10,52.1546678682307,-0.525984151587662,064,"Y51","Q35","00","KB","MB"
"MK438JX",10,52.1542460043943,-0.526041938126924,064,"Y51","Q35","00","KB","MB"
"MK438JY",10,52.1533065175597,-0.526409163628977,064,"Y51","Q35","00","KB","MB"
"MK438JZ",10,52.1531809859908,-0.524279192844231,064,"Y51","Q35","00","KB","MB"
"MK438LA",10,52.1533363688893,-0.529521657979116,064,"Y51","Q35","00","KB","MB"
"MK438LB",10,52.1514350695502,-0.531352914396137,064,"Y51","Q35","00","KB","MB"
"MK438LD",10,52.152729558764,-0.53205578785545,064,"Y51","Q35","00","KB","MB"
"MK438LE",10,52.1522372611989,-0.533679839820125,064,"Y51","Q35","00","KB","MB"
"MK438LF",10,52.1508813223249,-0.533095878291151,064,"Y51","Q35","00","KB","MB"
"MK438LG",10,52.1505880981258,-0.534099428183218,064,"Y51","Q35","00","KB","MB"
"MK438LH",10,52.1513376934178,-0.534367141105903,064,"Y51","Q35","00","KB","MB"
"MK438LJ",10,52.1504501822511,-0.525918814014214,064,"Y51","Q35","00","KB","MB"
"MK438LL",10,52.1484304060561,-0.528338638198345,064,"Y51","Q35","00","KB","MB"
"MK438LN",10,52.1472090778776,-0.5298988909742,064,"Y51","Q35","00","KB","MB"
"MK438LP",10,52.1450813209086,-0.526549149942973,064,"Y51","Q35","00","KB","MB"
"MK438LQ",10,52.1441534185826,-0.526404403696006,064,"Y51","Q35","00","KB","MB"
"MK438LR",10,52.1455864893355,-0.525962501488917,064,"Y51","Q35","00","KB","MB"
"MK438LS",10,52.1446007402644,-0.526944986349652,064,"Y51","Q35","00","KB","MB"
"MK438LT",10,52.1426778260828,-0.526321583255468,064,"Y51","Q35","00","KB","MB"
"MK438LU",10,52.1371621322596,-0.528154767973251,064,"Y51","Q35","00","KB","NA"
"MK438LX",10,52.1440966516452,-0.540640548374873,064,"Y51","Q35","00","KB","MB"
"MK438LY",10,52.1454235557489,-0.540334108289558,064,"Y51","Q35","00","KB","MB"
"MK438LZ",10,52.1443849244869,-0.539958866164415,064,"Y51","Q35","00","KB","MB"
"MK438NA",10,52.143493890891,-0.539885707592809,064,"Y51","Q35","00","KB","MB"
"MK438NB",10,52.1431435571371,-0.539911778938532,064,"Y51","Q35","00","KB","MB"
"MK438ND",10,52.1445048366058,-0.540203388730973,064,"Y51","Q35","00","KB","MB"
"MK438NE",10,52.1453572190359,-0.530646763744943,064,"Y51","Q35","00","KB","MB"
"MK438NF",10,52.1457112195433,-0.532359655317053,064,"Y51","Q35","00","KB","MB"
"MK438NG",10,52.1456335234088,-0.540590308160744,064,"Y51","Q35","00","KB","MB"
"MK438NH",10,52.1458993814836,-0.530862756137356,064,"Y51","Q35","00","KB","MB"
"MK438NJ",10,52.1417774067499,-0.535601639748474,064,"Y51","Q35","00","KB","MB"
"MK438NL",10,52.1426398924177,-0.539899022865667,064,"Y51","Q35","00","KB","MB"
"MK438NN",10,52.1425651518476,-0.540398333914644,064,"Y51","Q35","00","KB","MB"
"MK438NP",10,52.1494542517137,-0.528246417657557,064,"Y51","Q35","00","KB","MB"
"MK438NR",10,52.1495268775856,-0.530465659028008,064,"Y51","Q35","00","KB","MB"
"MK438NS",10,52.1491599821936,-0.532772434909334,064,"Y51","Q35","00","KB","MB"
"MK438NT",10,52.1496916143287,-0.533588075699097,064,"Y51","Q35","00","KB","MB"
"MK438NX",10,52.1493302084115,-0.534169971138752,064,"Y51","Q35","00","KB","MB"
"MK438PA",10,52.1481876107808,-0.534835962349103,064,"Y51","Q35","00","KB","MB"
"MK438PB",10,52.1459076203237,-0.538038367922047,064,"Y51","Q35","00","KB","MB"
"MK438PD",10,52.1476348980384,-0.536666413132319,064,"Y51","Q35","00","KB","MB"
"MK438PE",10,52.1454880696576,-0.536108353652452,064,"Y51","Q35","00","KB","MB"
"MK438PF",10,52.1483644104651,-0.537490204690601,064,"Y51","Q35","00","KB","MB"
"MK438PG",10,52.146031329973,-0.534965193837018,064,"Y51","Q35","00","KB","MB"
"MK438PH",10,52.1456360624665,-0.533545920623117,064,"Y51","Q35","00","KB","MB"
"MK438PJ",10,52.1466677140195,-0.535528911852712,064,"Y51","Q35","00","KB","MB"
"MK438PL",10,52.1463364939116,-0.530585301068155,064,"Y51","Q35","00","KB","MB"
"MK438PN",10,52.1436077759748,-0.532399575633862,064,"Y51","Q35","00","KB","MB"
"MK438PP",10,52.1464549208775,-0.532875960441626,064,"Y51","Q35","00","KB","MB"
"MK438PQ",10,52.1430806447576,-0.542822001685293,064,"Y51","Q35","00","KB","MB"
"MK438PR",10,52.1427974052761,-0.543912667276779,064,"Y51","Q35","00","KB","MB"
"MK438PS",10,52.1444183975168,-0.529625429866072,064,"Y51","Q35","00","KB","MB"
"MK438PT",10,52.1451689132761,-0.529966075510332,064,"Y51","Q35","00","KB","MB"
"MK438PU",10,52.1444518884433,-0.533760190835893,064,"Y51","Q35","00","KB","MB"
"MK438PW",10,52.1431230053482,-0.533906131204358,064,"Y51","Q35","00","KB","MB"
"MK438PY",10,52.1439287957515,-0.533631228688448,064,"Y51","Q35","00","KB","MB"
"MK438PZ",10,52.1420839912562,-0.533501842098727,064,"Y51","Q35","00","KB","MB"
"MK438QA",10,52.1450397094524,-0.534033175640865,064,"Y51","Q35","00","KB","MB"
"MK438QB",10,52.1446807167702,-0.536982464283974,064,"Y51","Q35","00","KB","MB"
"MK438QD",10,52.1447976252217,-0.537709356281204,064,"Y51","Q35","00","KB","MB"
"MK438QE",10,52.1419434480393,-0.532322761868946,064,"Y51","Q35","00","KB","MB"
"MK438QF",10,52.1415431047337,-0.533388087162525,064,"Y51","Q35","00","KB","MB"
"MK438QG",10,52.1431541323331,-0.535688008568791,064,"Y51","Q35","00","KB","MB"
"MK438QH",10,52.1420293177868,-0.536338668923169,064,"Y51","Q35","00","KB","MB"
"MK438QJ",10,52.1426909844906,-0.538216768201437,064,"Y51","Q35","00","KB","MB"
"MK438QL",10,52.1430222207998,-0.535926157201225,064,"Y51","Q35","00","KB","MB"
"MK438QN",10,52.143586363405,-0.538640487787441,064,"Y51","Q35","00","KB","MB"
"MK438QP",10,52.1410358938716,-0.535260628936556,064,"Y51","Q35","00","KB","MB"
"MK438QQ",10,52.1421979808006,-0.5368884570646,064,"Y51","Q35","00","KB","MB"
"MK438QR",10,52.1416924082167,-0.54253120050327,064,"Y51","Q35","00","KB","MB"
"MK438QS",10,52.1395332074068,-0.548256805032109,064,"Y51","Q35","00","KB","NA"
"MK438QT",10,52.1436011952464,-0.53766085950926,064,"Y51","Q35","00","KB","MB"
"MK438QU",10,52.1436167345336,-0.530952486529443,064,"Y51","Q35","00","KB","MB"
"MK438QW",10,52.1431327889859,-0.531801404492636,064,"Y51","Q35","00","KB","MB"
"MK438QX",10,52.1419244817801,-0.532966380709837,064,"Y51","Q35","00","KB","MB"
"MK438QY",10,52.1422045283154,-0.531627339158409,064,"Y51","Q35","00","KB","MB"
"MK438QZ",10,52.1423612108602,-0.531213003190399,064,"Y51","Q35","00","KB","MB"
"MK438RA",10,52.115616273266,-0.51430334650028,064,"Y51","Q35","00","KB","MP"
"MK438RB",10,52.116157050031,-0.516549163138949,064,"Y51","Q35","00","KB","MQ"
"MK438RD",10,52.1148876267959,-0.518562935664721,064,"Y51","Q35","00","KB","MQ"
"MK438RE",10,52.1430641966843,-0.529903852214994,064,"Y51","Q35","00","KB","MB"
"MK438RF",10,52.1437315219469,-0.529341155458338,064,"Y51","Q35","00","KB","MB"
"MK438RH",10,52.1204543786086,-0.518655901414528,064,"Y51","Q35","00","KB","NA"
"MK438RJ",10,52.1171514298091,-0.524140196076059,064,"Y51","Q35","00","KB","NA"
"MK438RL",10,52.1153325046361,-0.528961442751082,064,"Y51","Q35","00","KB","NA"
"MK438RN",10,52.1217011597391,-0.523434852983931,064,"Y51","Q35","00","KB","NA"
"MK438RP",10,52.1288080887978,-0.526618503687168,064,"Y51","Q35","00","KB","NA"
"MK438RR",10,52.1286358171761,-0.527223162770663,064,"Y51","Q35","00","KB","NA"
"MK438RS",10,52.131782798655,-0.528668078085964,064,"Y51","Q35","00","KB","NA"
"MK438RT",10,52.1307882582231,-0.53111147129944,064,"Y51","Q35","00","KB","NA"
"MK438RU",10,52.1259628915208,-0.540035118204517,064,"Y51","Q35","00","KB","NA"
"MK438RW",10,52.1260825828409,-0.525086868338351,064,"Y51","Q35","00","KB","NA"
"MK438RX",10,52.1282083418576,-0.537668112735332,064,"Y51","Q35","00","KB","NA"
"MK438RY",10,52.1238256372377,-0.54315794762067,064,"Y51","Q35","00","KB","NA"
"MK438RZ",10,52.1200441178323,-0.548568740905674,064,"Y51","Q35","00","KB","NA"
"MK438SA",10,52.1182105951065,-0.551549443864709,064,"Y51","Q35","00","KB","NA"
"MK438SE",10,52.1299615564354,-0.563265150826848,064,"Y51","Q35","00","KB","NA"
"MK438SF",10,52.1288996061689,-0.566878565341218,064,"Y51","Q35","00","KB","NA"
"MK438SG",10,52.1296561686121,-0.56698577734105,064,"Y51","Q35","00","KB","NA"
"MK438SH",10,52.1318327843464,-0.567047435927011,064,"Y51","Q35","00","KB","NA"
"MK438SL",10,52.1336207907472,-0.569167072170619,064,"Y51","Q35","00","KB","NA"
"MK438SN",10,52.128165176935,-0.582738240953548,064,"Y51","Q35","00","KB","NA"
"MK438SP",10,52.1424802604805,-0.534277966474662,064,"Y51","Q35","00","KB","MB"
"MK438SQ",10,52.1297898023441,-0.567624308373176,064,"Y51","Q35","00","KB","NA"
"MK438SR",10,52.1301209872565,-0.555706846679187,064,"Y51","Q35","00","KB","NA"
"MK438SS",10,52.1219635236462,-0.590428309793142,064,"Y51","Q35","00","KB","NA"
"MK438ST",10,52.1272879270461,-0.595840815485127,064,"Y51","Q35","00","KB","NA"
"MK438SU",10,52.1205458845856,-0.59218198451511,064,"Y51","Q35","00","KB","NA"
"MK438SW",10,52.1323507144035,-0.586871643550654,064,"Y51","Q35","00","KB","NA"
"MK438SX",10,52.1189346392085,-0.590523854579117,064,"Y51","Q35","00","KB","NA"
"MK438SY",10,52.1153635401994,-0.58438564666516,064,"Y51","Q35","00","KB","NA"
"MK438SZ",10,52.11534911601,-0.580194538097022,064,"Y51","Q35","00","KB","NA"
"MK438TA",10,52.1215899412577,-0.569114163817814,064,"Y51","Q35","00","KB","NA"
"MK438TB",10,52.1216800818033,-0.570615782390204,064,"Y51","Q35","00","KB","NA"
"MK438TD",10,52.1035880807452,-0.577166030852885,064,"Y51","Q35","00","KB","NA"
"MK438TE",10,52.1056645700233,-0.573405740666578,064,"Y51","Q35","00","KB","NA"
"MK438TF",10,52.1141617804053,-0.556456308286698,064,"Y51","Q35","00","KB","NA"
"MK438TG",10,52.1465670326118,-0.539010595344978,064,"Y51","Q35","00","KB","MB"
"MK438TH",10,52.1187256236764,-0.546639768601151,064,"Y51","Q35","00","KB","NA"
"MK438TJ",10,52.1462533515312,-0.541271561663827,064,"Y51","Q35","00","KB","MB"
"MK438TL",10,52.1466712490357,-0.540892529113255,064,"Y51","Q35","00","KB","MB"
"MK438TN",10,52.146977442823,-0.539479464112041,064,"Y51","Q35","00","KB","MB"
"MK438TP",10,52.1330198506107,-0.56189565270675,064,"Y51","Q35","00","KB","NA"
"MK438TQ",10,52.1472728860271,-0.538651342486646,064,"Y51","Q35","00","KB","MB"
"MK438TR",10,52.1316030058192,-0.562204253948382,064,"Y51","Q35","00","KB","NA"
"MK438TS",10,52.138754975517,-0.558846915317149,064,"Y51","Q35","00","KB","NA"
"MK438TT",10,52.1456149281088,-0.561767631260233,064,"Y51","Q35","00","KB","NA"
"MK438TU",10,52.1348856293689,-0.580084919425647,064,"Y51","Q35","00","KB","NA"
"MK438TX",10,52.1393674955252,-0.573732039851522,064,"Y51","Q35","00","KB","NA"
"MK438UA",10,52.1457083792368,-0.581362944998996,064,"Y51","Q35","00","KB","NA"
"MK438UB",10,52.1440754915706,-0.538931375829006,064,"Y51","Q35","00","KB","MB"
"MK438UD",10,52.1448209739099,-0.539593858150627,064,"Y51","Q35","00","KB","MB"
"MK438UE",10,52.1450653885596,-0.539001280645812,064,"Y51","Q35","00","KB","MB"
"MK438UF",10,52.1435786723997,-0.541651236091457,064,"Y51","Q35","00","KB","MB"
"MK438WJ",10,52.1344263755372,-0.475586431539319,064,"Y51","Q35","00","KB","MD"
"MK438WW",10,52.1344263755372,-0.475586431539319,064,"Y51","Q35","00","KB","MD"
"MK438YN",10,52.1344263755372,-0.475586431539319,064,"Y51","Q35","00","KB","MD"
"MK438ZF",10,52.1344263755372,-0.475586431539319,064,"Y51","Q35","00","KB","MD"
"MK439AA",10,52.0995484094868,-0.504310873531456,064,"Y51","Q35","00","KB","MQ"
"MK439AB",10,52.1015658341245,-0.50599543410589,064,"Y51","Q35","00","KB","MQ"
"MK439AD",10,52.1038460233457,-0.507131132561214,064,"Y51","Q35","00","KB","MQ"
"MK439AE",30,52.0748432731224,-0.528118458062011,064,"Y51","Q35","00","KB","NC"
"MK439AH",10,52.0966447378058,-0.510743853346007,064,"Y51","Q35","00","KB","NC"
"MK439AJ",10,52.1055540752827,-0.547418435752438,064,"Y51","Q35","00","KB","NC"
"MK439AL",10,52.100749052719,-0.555166553063354,064,"Y51","Q35","00","KB","NC"
"MK439AN",10,52.105488526588,-0.560401369318522,064,"Y51","Q35","00","KB","NC"
"MK439AP",10,52.09739824484,-0.571640205241838,064,"Y51","Q35","00","KB","NC"
"MK439AT",10,52.1074259424467,-0.515787553634533,064,"Y51","Q35","00","KB","MQ"
"MK439AW",10,52.1037837605676,-0.565858633877337,064,"Y51","Q35","00","KB","NC"
"MK439AX",10,52.1079302849625,-0.501635637537664,064,"Y51","Q35","00","KB","MQ"
"MK439BA",10,52.1045031038965,-0.528646130583954,064,"Y51","Q35","00","KB","NC"
"MK439BB",10,52.1088483422931,-0.54041891950574,064,"Y51","Q35","00","KB","NA"
"MK439BD",10,52.107391237019,-0.543284723029427,064,"Y51","Q35","00","KB","NA"
"MK439BE",10,52.109871559734,-0.538822983961685,064,"Y51","Q35","00","KB","NA"
"MK439BF",10,52.1014085404477,-0.524922688224658,064,"Y51","Q35","00","KB","NC"
"MK439BH",10,52.1082801002932,-0.525820346508768,064,"Y51","Q35","00","KB","NA"
"MK439BJ",10,52.105828367766,-0.525331726057669,064,"Y51","Q35","00","KB","NA"
"MK439BL",10,52.1113119587171,-0.526684186019344,064,"Y51","Q35","00","KB","NA"
"MK439BN",10,52.1104369590559,-0.527895889503371,064,"Y51","Q35","00","KB","NA"
"MK439BP",10,52.1102949538234,-0.525885325682131,064,"Y51","Q35","00","KB","NA"
"MK439BS",10,52.1108066289154,-0.523663343089106,064,"Y51","Q35","00","KB","NA"
"MK439BT",10,52.1119715037537,-0.524062979254827,064,"Y51","Q35","00","KB","NA"
"MK439BU",10,52.1122834743409,-0.524563812019293,064,"Y51","Q35","00","KB","NA"
"MK439BW",10,52.1091265943923,-0.536028996154408,064,"Y51","Q35","00","KB","NA"
"MK439DA",10,52.0973989140177,-0.528558704602778,064,"Y51","Q35","00","KB","NC"
"MK439DB",10,52.0980208490644,-0.530844910392094,064,"Y51","Q35","00","KB","NC"
"MK439DD",10,52.0979381516837,-0.535037582087738,064,"Y51","Q35","00","KB","NC"
"MK439DE",10,52.0976665415944,-0.533440583743572,064,"Y51","Q35","00","KB","NC"
"MK439DF",10,52.0963765592169,-0.53599385166252,064,"Y51","Q35","00","KB","NC"
"MK439DG",10,52.0977810887859,-0.535422303702719,064,"Y51","Q35","00","KB","NC"
"MK439DH",10,52.0989252585313,-0.53271312790724,064,"Y51","Q35","00","KB","NC"
"MK439DJ",10,52.0971646414705,-0.536464414511395,064,"Y51","Q35","00","KB","NC"
"MK439DL",10,52.0969207761909,-0.537100144028646,064,"Y51","Q35","00","KB","NC"
"MK439DN",10,52.0988958121834,-0.530348981470379,064,"Y51","Q35","00","KB","NC"
"MK439DP",10,52.0995125332062,-0.534387418052931,064,"Y51","Q35","00","KB","NC"
"MK439DQ",10,52.0987715585823,-0.534090516385621,064,"Y51","Q35","00","KB","NC"
"MK439DR",10,52.0994152166131,-0.532346659819597,064,"Y51","Q35","00","KB","NC"
"MK439DS",10,52.099396234562,-0.531544303538826,064,"Y51","Q35","00","KB","NC"
"MK439DT",10,52.0993919483333,-0.530478671768102,064,"Y51","Q35","00","KB","NC"
"MK439DU",10,52.0985379684133,-0.528331432738861,064,"Y51","Q35","00","KB","NC"
"MK439DW",10,52.0982822359513,-0.533785373256377,064,"Y51","Q35","00","KB","NC"
"MK439EA",10,52.0845791395179,-0.537372364924657,064,"Y51","Q35","00","KB","NC"
"MK439EB",10,52.0936068511613,-0.530902319496213,064,"Y51","Q35","00","KB","NC"
"MK439EE",10,52.0812312843309,-0.545114293865321,064,"Y51","Q35","00","KC","MN"
"MK439EF",10,52.0874263062474,-0.545117170598024,064,"Y51","Q35","00","KB","NC"
"MK439EH",10,52.0805904193652,-0.539823108565775,064,"Y51","Q35","00","KC","MN"
"MK439EJ",10,52.0767542744583,-0.532112249467124,064,"Y51","Q35","00","KB","NC"
"MK439EN",10,52.1003523027017,-0.528899517087352,064,"Y51","Q35","00","KB","NC"
"MK439EP",10,52.1005927531648,-0.530877208725272,064,"Y51","Q35","00","KB","NC"
"MK439EQ",10,52.0989580743069,-0.527412438641992,064,"Y51","Q35","00","KB","NC"
"MK439ER",10,52.1002586497992,-0.530041391138482,064,"Y51","Q35","00","KB","NC"
"MK439ES",10,52.099727472762,-0.529985854053238,064,"Y51","Q35","00","KB","NC"
"MK439ET",10,52.0934868425342,-0.531373387612251,064,"Y51","Q35","00","KB","NC"
"MK439EU",10,52.0941453096197,-0.532986731461286,064,"Y51","Q35","00","KB","NC"
"MK439EW",10,52.1011764746328,-0.530098819096322,064,"Y51","Q35","00","KB","NC"
"MK439EX",10,52.0936065982176,-0.533048194511304,064,"Y51","Q35","00","KB","NC"
"MK439EY",10,52.0952700307148,-0.533052026477601,064,"Y51","Q35","00","KB","NC"
"MK439EZ",10,52.0969546997074,-0.531872656021962,064,"Y51","Q35","00","KB","NC"
"MK439FA",10,52.0923974471124,-0.52837291095258,064,"Y51","Q35","00","KB","NC"
"MK439FB",10,52.0925746270907,-0.530323132957348,064,"Y51","Q35","00","KB","NC"
"MK439FD",10,52.0915855863153,-0.52888132565275,064,"Y51","Q35","00","KB","NC"
"MK439FE",10,52.0920921684287,-0.529127414519976,064,"Y51","Q35","00","KB","NC"
"MK439GZ",10,52.0996071067687,-0.52610629116318,064,"Y51","Q35","00","KB","NC"
"MK439HA",10,52.096935278407,-0.533201786116877,064,"Y51","Q35","00","KB","NC"
"MK439HB",10,52.0960407792787,-0.534296816546056,064,"Y51","Q35","00","KB","NC"
"MK439HD",10,52.0939899725157,-0.534232644309169,064,"Y51","Q35","00","KB","NC"
"MK439HE",10,52.0933785335664,-0.534953369841927,064,"Y51","Q35","00","KB","NC"
"MK439HF",10,52.095430972262,-0.535148906279788,064,"Y51","Q35","00","KB","NC"
"MK439HH",10,52.0955542382684,-0.538560885281803,064,"Y51","Q35","00","KB","NC"
"MK439HJ",10,52.1041200873627,-0.539784821912843,064,"Y51","Q35","00","KB","NC"
"MK439HL",10,52.0994693320209,-0.539600905267973,064,"Y51","Q35","00","KB","NC"
"MK439HN",10,52.1096477500494,-0.524460973903062,064,"Y51","Q35","00","KB","NA"
"MK439HP",10,52.1003156625347,-0.540420059076764,064,"Y51","Q35","00","KB","NC"
"MK439HQ",10,52.0948850849875,-0.535356561811671,064,"Y51","Q35","00","KB","NC"
"MK439HR",10,52.1036467348574,-0.532076349539094,064,"Y51","Q35","00","KB","NC"
"MK439HS",10,52.1042722769057,-0.536830407627686,064,"Y51","Q35","00","KB","NC"
"MK439HT",10,52.0928225847263,-0.542328703020146,064,"Y51","Q35","00","KB","NC"
"MK439HU",10,52.0960574189993,-0.539259769829071,064,"Y51","Q35","00","KB","NC"
"MK439HW",10,52.0948238896535,-0.53043899648913,064,"Y51","Q35","00","KB","NC"
"MK439HZ",10,52.0955382390884,-0.527160087320965,064,"Y51","Q35","00","KB","NC"
"MK439JA",10,52.0993037656342,-0.525576104241169,064,"Y51","Q35","00","KB","NC"
"MK439JB",10,52.1005593740509,-0.526761103014648,064,"Y51","Q35","00","KB","NC"
"MK439JD",10,52.1028097300313,-0.526964368355537,064,"Y51","Q35","00","KB","NC"
"MK439JE",10,52.0990105945341,-0.526578537271437,064,"Y51","Q35","00","KB","NC"
"MK439JF",10,52.0942433336834,-0.530750031248824,064,"Y51","Q35","00","KB","NC"
"MK439JG",10,52.099236329918,-0.524497958676343,064,"Y51","Q35","00","KB","NC"
"MK439JH",10,52.0931258816507,-0.524787132980807,064,"Y51","Q35","00","KB","NC"
"MK439JJ",10,52.0936953637128,-0.527906870152835,064,"Y51","Q35","00","KB","NC"
"MK439JL",10,52.0941768663627,-0.527584465379242,064,"Y51","Q35","00","KB","NC"
"MK439JN",10,52.1010525830428,-0.523781017105474,064,"Y51","Q35","00","KB","NC"
"MK439JP",10,52.0943168936056,-0.526557997359529,064,"Y51","Q35","00","KB","NC"
"MK439JQ",10,52.100540557452,-0.521666319575384,064,"Y51","Q35","00","KB","NC"
"MK439JR",10,52.0940737755992,-0.525091619368633,064,"Y51","Q35","00","KB","NC"
"MK439JS",10,52.0934504863178,-0.525579299543018,064,"Y51","Q35","00","KB","NC"
"MK439JT",10,52.0959539169097,-0.528766831863543,064,"Y51","Q35","00","KB","NC"
"MK439JU",10,52.0980782035584,-0.527514409080877,064,"Y51","Q35","00","KB","NC"
"MK439JW",10,52.1005509244998,-0.52392897921187,064,"Y51","Q35","00","KB","NC"
"MK439JX",10,52.0980825517977,-0.525703964728798,064,"Y51","Q35","00","KB","NC"
"MK439JY",10,52.1001202153612,-0.524716990414098,064,"Y51","Q35","00","KB","NC"
"MK439JZ",10,52.1005979746389,-0.525533429080317,064,"Y51","Q35","00","KB","NC"
"MK439LA",10,52.0992878415554,-0.525021844546172,064,"Y51","Q35","00","KB","NC"
"MK439LB",10,52.1022521405296,-0.529114420443742,064,"Y51","Q35","00","KB","NC"
"MK439LD",10,52.1017540621018,-0.528108777559163,064,"Y51","Q35","00","KB","NC"
"MK439LF",10,52.1036143635803,-0.527317484683329,064,"Y51","Q35","00","KB","NC"
"MK439LG",10,52.0703088455659,-0.515705444770619,064,"Y51","Q35","00","KB","NC"
"MK439LH",10,52.0987532423712,-0.52901052068566,064,"Y51","Q35","00","KB","NC"
"MK439LJ",10,52.0698665341508,-0.512714568103011,064,"Y51","Q35","00","KB","NC"
"MK439LL",10,52.0687438110478,-0.509250352638159,064,"Y51","Q35","00","KB","NC"
"MK439LN",10,52.0668218363276,-0.505871341496802,064,"Y51","Q35","00","KB","NC"
"MK439LP",10,52.0685086709476,-0.507011387471045,064,"Y51","Q35","00","KB","NC"
"MK439LQ",10,52.1344263755372,-0.475586431539319,064,"Y51","Q35","00","KB","MD"
"MK439LR",10,52.0665612181234,-0.510854870102759,064,"Y51","Q35","00","KB","NC"
"MK439LS",10,52.0662423956933,-0.507685107601172,064,"Y51","Q35","00","KB","NC"
"MK439LT",10,52.0691153844659,-0.508771105754009,064,"Y51","Q35","00","KB","NC"
"MK439LU",10,52.0686275878732,-0.51428764001043,064,"Y51","Q35","00","KB","NC"
"MK439LW",10,52.0672205435793,-0.505405770572677,064,"Y51","Q35","00","KB","NC"
"MK439LX",10,52.0693209475681,-0.515796560691147,064,"Y51","Q35","00","KB","NC"
"MK439LY",10,52.0736396017223,-0.523897403456542,064,"Y51","Q35","00","KB","NC"
"MK439LZ",10,52.0713801894019,-0.515100889417367,064,"Y51","Q35","00","KB","NC"
"MK439NA",10,52.0695802195183,-0.507136138400198,064,"Y51","Q35","00","KB","NC"
"MK439NB",10,52.0710520236024,-0.514032086115848,064,"Y51","Q35","00","KB","NC"
"MK439ND",10,52.0761476119066,-0.510273253707709,064,"Y51","Q35","00","KB","NC"
"MK439NE",10,52.0822658827957,-0.512740270432424,064,"Y51","Q35","00","KB","NC"
"MK439NF",10,52.0679520498241,-0.514193344537476,064,"Y51","Q35","00","KB","NC"
"MK439NG",10,52.068108861713,-0.513794225030296,064,"Y51","Q35","00","KB","NC"
"MK439NH",10,52.0683323574293,-0.511554609097041,064,"Y51","Q35","00","KB","NC"
"MK439NJ",10,52.070015430129,-0.508843252794777,064,"Y51","Q35","00","KB","NC"
"MK439NL",10,52.0709134976962,-0.509469902094122,064,"Y51","Q35","00","KB","NC"
"MK439NN",10,52.0728587253164,-0.510426494215914,064,"Y51","Q35","00","KB","NC"
"MK439NP",10,52.0705215090122,-0.506915072887587,064,"Y51","Q35","00","KB","NC"
"MK439NQ",10,52.0674095486086,-0.5111038467574,064,"Y51","Q35","00","KB","NC"
"MK439NR",10,52.0964834689069,-0.510077683284726,064,"Y51","Q35","00","KB","NC"
"MK439NS",10,52.0905208034921,-0.500744612061772,064,"Y51","Q35","00","KB","MQ"
"MK439NT",10,52.0879323202175,-0.49588334377614,064,"Y51","Q35","00","KB","NC"
"MK439NU",10,52.0706640875473,-0.513928242127426,064,"Y51","Q35","00","KB","NC"
"MK439NW",10,52.0714144766245,-0.507848261670002,064,"Y51","Q35","00","KB","NC"
"MK439NX",10,52.071973854394,-0.512980133962294,064,"Y51","Q35","00","KB","NC"
"MK439NY",10,52.0695909860817,-0.508696902372289,064,"Y51","Q35","00","KB","NC"
"MK439NZ",10,52.0697842245562,-0.507625394851864,064,"Y51","Q35","00","KB","NC"
"MK439PA",10,52.0938208855148,-0.524282481336058,064,"Y51","Q35","00","KB","NC"
"MK439PB",10,52.0936118312091,-0.523384318720492,064,"Y51","Q35","00","KB","NC"
"MK439PD",10,52.0935326958087,-0.524963485237728,064,"Y51","Q35","00","KB","NC"
"MK439PE",10,52.0695463011268,-0.507297758696163,064,"Y51","Q35","00","KB","NC"
"MK439PF",10,52.0690246546886,-0.507285973669255,064,"Y51","Q35","00","KB","NC"
"MK439PG",10,52.1344263755372,-0.475586431539319,064,"Y51","Q35","00","KB","MD"
"MK439PH",10,52.0934060310304,-0.523464101564891,064,"Y51","Q35","00","KB","NC"
"MK439PJ",10,52.094598371328,-0.527497598252617,064,"Y51","Q35","00","KB","NC"
"MK439PN",10,52.0681303182169,-0.505535880724786,064,"Y51","Q35","00","KB","NC"
"MK439PQ",10,52.0866090654428,-0.493650934979598,064,"Y51","Q35","00","KB","NC"
"MK439PR",10,52.0843693945079,-0.492179296730479,064,"Y51","Q35","00","KB","NC"
"MK439WQ",10,52.1344263755372,-0.475586431539319,064,"Y51","Q35","00","KB","MD"
"MK439WR",10,52.1344263755372,-0.475586431539319,064,"Y51","Q35","00","KB","MD"
"MK439WU",10,52.1344263755372,-0.475586431539319,064,"Y51","Q35","00","KB","MD"
"MK439WX",10,52.1344263755372,-0.475586431539319,064,"Y51","Q35","00","KB","MD"
"MK439WZ",10,52.1344263755372,-0.475586431539319,064,"Y51","Q35","00","KB","MD"
"MK441AA",10,52.2507282709304,-0.528808578792423,064,"Y51","Q35","00","KB","MZ"
"MK441AB",10,52.2522750063576,-0.528830657977181,064,"Y51","Q35","00","KB","MZ"
"MK441AD",10,52.2515083449503,-0.528636277260116,064,"Y51","Q35","00","KB","MZ"
"MK441AE",10,52.2600241157378,-0.533072510092687,064,"Y51","Q35","00","KB","MZ"
"MK441AF",10,52.2615683624398,-0.530003066828503,064,"Y51","Q35","00","KB","MZ"
"MK441AG",10,52.2720419343126,-0.502732954256496,064,"Y51","Q35","00","KB","MZ"
"MK441AH",10,52.2994378178302,-0.509860446613251,064,"Y51","Q35","00","KB","MZ"
"MK441AJ",10,52.3042226577986,-0.51141584952017,064,"Y51","Q35","00","KB","MZ"
"MK441AL",10,52.2876123020167,-0.518966162498955,064,"Y51","Q35","00","KB","MZ"
"MK441AN",10,52.2897477512761,-0.517897919930004,064,"Y51","Q35","00","KB","MZ"
"MK441AP",10,52.294107906566,-0.520010583665885,064,"Y51","Q35","00","KB","MZ"
"MK441AQ",10,52.2949087148077,-0.512901237677502,064,"Y51","Q35","00","KB","MZ"
"MK441AR",10,52.2893227758827,-0.517706834228681,064,"Y51","Q35","00","KB","MZ"
"MK441AS",10,52.2903083986844,-0.516720882603422,064,"Y51","Q35","00","KB","MZ"
"MK441AT",10,52.2920314295561,-0.517895015128403,064,"Y51","Q35","00","KB","MZ"
"MK441AU",10,52.2935229666084,-0.518534411587927,064,"Y51","Q35","00","KB","MZ"
"MK441AW",10,52.289481234857,-0.517437627761623,064,"Y51","Q35","00","KB","MZ"
"MK441AX",10,52.2943353289016,-0.519504438113864,064,"Y51","Q35","00","KB","MZ"
"MK441BA",10,52.2940513749177,-0.518370145730406,064,"Y51","Q35","00","KB","MZ"
"MK441BB",10,52.2785025704665,-0.493940013563724,064,"Y51","Q35","00","KB","MZ"
"MK441BD",10,52.2763762087993,-0.491476292550816,064,"Y51","Q35","00","KB","MZ"
"MK441BE",10,52.2792710732039,-0.496391289860226,064,"Y51","Q35","00","KB","MZ"
"MK441BF",10,52.2522660849094,-0.484061092076365,064,"Y51","Q35","00","KB","MX"
"MK441BG",10,52.2842287262085,-0.491737393462064,064,"Y51","Q35","00","KB","MZ"
"MK441BH",10,52.2833015630985,-0.508642618626177,064,"Y51","Q35","00","KB","MZ"
"MK441BJ",10,52.2891474893437,-0.489678946582393,064,"Y51","Q35","00","KB","MZ"
"MK441BL",10,52.2844065647977,-0.469916575544124,064,"Y51","Q35","00","KB","MZ"
"MK441BN",10,52.2664990007868,-0.514482095794145,064,"Y51","Q35","00","KB","MZ"
"MK441BP",10,52.2888723101505,-0.517633898056929,064,"Y51","Q35","00","KB","MZ"
"MK441BQ",10,52.2814893124242,-0.493369652057744,064,"Y51","Q35","00","KB","MZ"
"MK441BS",10,52.2622049805734,-0.474578616570802,064,"Y51","Q35","00","KB","MX"
"MK441BT",10,52.2584697344532,-0.460421142992805,064,"Y51","Q35","00","KB","MX"
"MK441BU",10,52.267005520673,-0.459290158556071,064,"Y51","Q35","00","KB","MX"
"MK441BX",10,52.2507514933024,-0.50418232426494,064,"Y51","Q35","00","KB","MX"
"MK441BY",10,52.2719363629026,-0.465099008842122,064,"Y51","Q35","00","KB","MX"
"MK441BZ",10,52.2467824535342,-0.498910686495853,064,"Y51","Q35","00","KB","MX"
"MK441DA",10,52.2582734121973,-0.500354226451582,064,"Y51","Q35","00","KB","MX"
"MK441DB",10,52.224416753583,-0.533572719288635,064,"Y51","Q35","00","KB","MZ"
"MK441DD",10,52.253679238435,-0.475105512792946,064,"Y51","Q35","00","KB","MX"
"MK441DE",10,52.2534532328032,-0.473618935715796,064,"Y51","Q35","00","KB","MX"
"MK441DF",10,52.2550977711351,-0.472859243394957,064,"Y51","Q35","00","KB","MX"
"MK441DG",10,52.2545850197155,-0.472144321444928,064,"Y51","Q35","00","KB","MX"
"MK441DH",10,52.2554543330143,-0.469843555677727,064,"Y51","Q35","00","KB","MX"
"MK441DJ",10,52.2564235428726,-0.470396250992734,064,"Y51","Q35","00","KB","MX"
"MK441DL",10,52.2553638271797,-0.46841088135646,064,"Y51","Q35","00","KB","MX"
"MK441DN",10,52.2538935927232,-0.476387398135085,064,"Y51","Q35","00","KB","MX"
"MK441DP",10,52.2549526393309,-0.469289440403014,064,"Y51","Q35","00","KB","MX"
"MK441DQ",10,52.2559145426185,-0.472054683092979,064,"Y51","Q35","00","KB","MX"
"MK441DR",10,52.2575319949278,-0.468512012090322,064,"Y51","Q35","00","KB","MX"
"MK441DS",10,52.2562406414371,-0.469464866696636,064,"Y51","Q35","00","KB","MX"
"MK441DT",10,52.2526044387411,-0.477515667338751,064,"Y51","Q35","00","KB","MX"
"MK441DU",10,52.2498845443645,-0.482047454159624,064,"Y51","Q35","00","KB","MX"
"MK441DW",10,52.1344263755372,-0.475586431539319,064,"Y51","Q35","00","KB","MD"
"MK441DX",10,52.2513326859896,-0.480694213392224,064,"Y51","Q35","00","KB","MX"
"MK441DY",10,52.2517551900662,-0.482086149609213,064,"Y51","Q35","00","KB","MX"
"MK441DZ",10,52.2513890226054,-0.482977622513463,064,"Y51","Q35","00","KB","MX"
"MK441EA",10,52.2517711420515,-0.482627644043786,064,"Y51","Q35","00","KB","MX"
"MK441EB",10,52.2524643692732,-0.481300145980784,064,"Y51","Q35","00","KB","MX"
"MK441ED",10,52.2143637777986,-0.504834064960871,064,"Y51","Q35","00","KB","MF"
"MK441EE",10,52.2503363494833,-0.48222247290199,064,"Y51","Q35","00","KB","MX"
"MK441EF",10,52.2472032687966,-0.488203315308444,064,"Y51","Q35","00","KB","MX"
"MK441EG",10,52.2529026093515,-0.480420824500579,064,"Y51","Q35","00","KB","MX"
"MK441EH",10,52.2542948837903,-0.483112895073634,064,"Y51","Q35","00","KB","MX"
"MK441EJ",10,52.2531593859003,-0.484308991910626,064,"Y51","Q35","00","KB","MX"
"MK441EL",10,52.2540569213878,-0.480689037212579,064,"Y51","Q35","00","KB","MX"
"MK441EN",10,52.2572540292711,-0.469957436834555,064,"Y51","Q35","00","KB","MX"
"MK441EP",10,52.254944575248,-0.480497549045902,064,"Y51","Q35","00","KB","MX"
"MK441EQ",10,52.2539023656857,-0.481954252842589,064,"Y51","Q35","00","KB","MX"
"MK441ER",10,52.2549506044775,-0.478871109384225,064,"Y51","Q35","00","KB","MX"
"MK441ES",10,52.2526189455776,-0.482833114844197,064,"Y51","Q35","00","KB","MX"
"MK441ET",10,52.228122710587,-0.553378128208492,064,"Y51","Q35","00","KB","MZ"
"MK441EW",10,52.2531088824057,-0.473411003449536,064,"Y51","Q35","00","KB","MX"
"MK441EX",10,52.2431772644213,-0.557341227708305,064,"Y51","Q35","00","KB","MZ"
"MK441EY",10,52.2453939064788,-0.557738056332422,064,"Y51","Q35","00","KB","MZ"
"MK441EZ",10,52.2455842531105,-0.557863712382471,064,"Y51","Q35","00","KB","MZ"
"MK441FA",30,52.2251345538387,-0.557530743347023,064,"Y51","Q35","00","KB","MZ"
"MK441FB",10,52.2541550438947,-0.471573075345981,064,"Y51","Q35","00","KB","MX"
"MK441HA",10,52.2451103248601,-0.556604755192684,064,"Y51","Q35","00","KB","MZ"
"MK441HB",10,52.247209994092,-0.559202568313857,064,"Y51","Q35","00","KB","MZ"
"MK441HD",10,52.2542183967659,-0.572146181890364,064,"Y51","Q35","00","KB","MM"
"MK441HE",10,52.2457919389229,-0.559409625043278,064,"Y51","Q35","00","KB","MZ"
"MK441HF",10,52.2452196523943,-0.558930147041683,064,"Y51","Q35","00","KB","MZ"
"MK441HG",10,52.2454860074591,-0.559390238039802,064,"Y51","Q35","00","KB","MZ"
"MK441HH",10,52.2311680544474,-0.551697718711642,064,"Y51","Q35","00","KB","MZ"
"MK441HJ",10,52.2477088859569,-0.547819369593858,064,"Y51","Q35","00","KB","MZ"
"MK441HL",10,52.2502692116333,-0.55423996667671,064,"Y51","Q35","00","KB","MZ"
"MK441HQ",10,52.2450568114445,-0.561059289810287,064,"Y51","Q35","00","KB","MZ"
"MK441HR",10,52.2255213020992,-0.545088050567618,064,"Y51","Q35","00","KB","MZ"
"MK441HS",10,52.2246380639576,-0.546376015141788,064,"Y51","Q35","00","KB","MZ"
"MK441HT",10,52.2250019224829,-0.548179589755308,064,"Y51","Q35","00","KB","MZ"
"MK441HU",10,52.2254473348034,-0.547842962248229,064,"Y51","Q35","00","KB","MZ"
"MK441HX",10,52.2263983430639,-0.546216041870049,064,"Y51","Q35","00","KB","MZ"
"MK441HY",10,52.2268923347819,-0.547634764884067,064,"Y51","Q35","00","KB","MZ"
"MK441HZ",10,52.2260886966365,-0.548817635935884,064,"Y51","Q35","00","KB","MZ"
"MK441JA",10,52.2265517256467,-0.548451149352762,064,"Y51","Q35","00","KB","MZ"
"MK441JB",10,52.2268731321336,-0.550461179908179,064,"Y51","Q35","00","KB","MZ"
"MK441JE",10,52.22733670452,-0.550870687856833,064,"Y51","Q35","00","KB","MZ"
"MK441JF",10,52.2280190297667,-0.549325729253783,064,"Y51","Q35","00","KB","MZ"
"MK441JG",10,52.2283470766312,-0.55041317788196,064,"Y51","Q35","00","KB","MZ"
"MK441JH",10,52.2925653289187,-0.517451965278861,064,"Y51","Q35","00","KB","MZ"
"MK441JJ",10,52.2232736480624,-0.549480371680659,064,"Y51","Q35","00","KB","MZ"
"MK441JL",10,52.2220121381565,-0.552917905328184,064,"Y51","Q35","00","KB","MZ"
"MK441JN",10,52.2214340015602,-0.554898402696156,064,"Y51","Q35","00","KB","MZ"
"MK441JP",10,52.2259597536482,-0.554429375711355,064,"Y51","Q35","00","KB","MZ"
"MK441JQ",10,52.2276235424319,-0.54714237314896,064,"Y51","Q35","00","KB","MZ"
"MK441JR",10,52.2221398630383,-0.555270765548211,064,"Y51","Q35","00","KB","MZ"
"MK441JS",10,52.2260007976872,-0.551909774057511,064,"Y51","Q35","00","KB","MZ"
"MK441JT",10,52.2270145399919,-0.553926594341558,064,"Y51","Q35","00","KB","MZ"
"MK441JU",10,52.2266696410276,-0.552195482486516,064,"Y51","Q35","00","KB","MZ"
"MK441JW",10,52.2160275241006,-0.562026825175399,064,"Y51","Q35","00","KB","MM"
"MK441JX",10,52.1344263755372,-0.475586431539319,064,"Y51","Q35","00","KB","MD"
"MK441JY",10,52.222832287245,-0.554545572068967,064,"Y51","Q35","00","KB","MZ"
"MK441JZ",10,52.2276428116994,-0.551636728799238,064,"Y51","Q35","00","KB","MZ"
"MK441LA",10,52.2265961935676,-0.555741064109495,064,"Y51","Q35","00","KB","MZ"
"MK441LB",10,52.2276836594196,-0.572704714803524,064,"Y51","Q35","00","KB","MM"
"MK441LD",10,52.2347510584344,-0.572741631721438,064,"Y51","Q35","00","KB","MZ"
"MK441LE",10,52.2222604262799,-0.556306283248871,064,"Y51","Q35","00","KB","MZ"
"MK441LF",10,52.2249702063236,-0.55512034469097,064,"Y51","Q35","00","KB","MZ"
"MK441LG",10,52.224990297623,-0.556027419730016,064,"Y51","Q35","00","KB","MZ"
"MK441LH",10,52.2354718674979,-0.573611807211177,064,"Y51","Q35","00","KB","MZ"
"MK441LP",10,52.2236717631174,-0.547490953874533,064,"Y51","Q35","00","KB","MZ"
"MK441LQ",10,52.2315464235856,-0.56353152385774,064,"Y51","Q35","00","KB","MZ"
"MK441LS",10,52.2267335365093,-0.542046949927885,064,"Y51","Q35","00","KB","MZ"
"MK441LT",10,52.2268734090382,-0.542452327693232,064,"Y51","Q35","00","KB","MZ"
"MK441LU",10,52.2294093721931,-0.538855142238642,064,"Y51","Q35","00","KB","MZ"
"MK441LX",10,52.2318732260556,-0.534527762704285,064,"Y51","Q35","00","KB","MZ"
"MK441NA",10,52.2370962701414,-0.536640328054874,064,"Y51","Q35","00","KB","MZ"
"MK441NB",10,52.2395915450448,-0.532677171847571,064,"Y51","Q35","00","KB","MZ"
"MK441ND",10,52.2314967782519,-0.529561559206875,064,"Y51","Q35","00","KB","MZ"
"MK441NE",10,52.2348138373604,-0.515144714430439,064,"Y51","Q35","00","KB","MZ"
"MK441NG",10,52.2260999151379,-0.519315331153933,064,"Y51","Q35","00","KB","MZ"
"MK441NH",10,52.2214837224385,-0.514008270463568,064,"Y51","Q35","00","KB","MF"
"MK441NJ",10,52.2207364497723,-0.517502756803584,064,"Y51","Q35","00","KB","MZ"
"MK441NN",10,52.2211104721391,-0.521516176334448,064,"Y51","Q35","00","KB","MZ"
"MK441NP",10,52.2219280591931,-0.525061136689461,064,"Y51","Q35","00","KB","MZ"
"MK441NX",10,52.2233181836234,-0.532715852560593,064,"Y51","Q35","00","KB","MZ"
"MK441PB",10,52.226296173065,-0.544491716351686,064,"Y51","Q35","00","KB","MZ"
"MK441PD",10,52.2259227019468,-0.545558086505259,064,"Y51","Q35","00","KB","MZ"
"MK441PE",10,52.2274946553632,-0.546897672974283,064,"Y51","Q35","00","KB","MZ"
"MK441PF",10,52.2255015837888,-0.542760784341313,064,"Y51","Q35","00","KB","MZ"
"MK441PG",10,52.2240929294643,-0.540815791388451,064,"Y51","Q35","00","KB","MZ"
"MK441PH",10,52.2235726488218,-0.545283501137255,064,"Y51","Q35","00","KB","MZ"
"MK441PJ",10,52.2230130818947,-0.545111464790949,064,"Y51","Q35","00","KB","MZ"
"MK441PL",10,52.2231508902022,-0.543891826611469,064,"Y51","Q35","00","KB","MZ"
"MK441PN",10,52.2246955106315,-0.53212874763404,064,"Y51","Q35","00","KB","MZ"
"MK441PP",10,52.2267495622064,-0.530289403979431,064,"Y51","Q35","00","KB","MZ"
"MK441PQ",10,52.22441505057,-0.543601585717005,064,"Y51","Q35","00","KB","MZ"
"MK441PR",10,52.2239941758152,-0.542283074015276,064,"Y51","Q35","00","KB","MZ"
"MK441PS",10,52.2244657789,-0.537524071848797,064,"Y51","Q35","00","KB","MZ"
"MK441PT",10,52.2246135673367,-0.533493032376657,064,"Y51","Q35","00","KB","MZ"
"MK441PU",10,52.2229163781484,-0.530049954520433,064,"Y51","Q35","00","KB","MZ"
"MK441PW",10,52.2240940829195,-0.532207141475859,064,"Y51","Q35","00","KB","MZ"
"MK441PX",10,52.2246572502917,-0.534838536367998,064,"Y51","Q35","00","KB","MZ"
"MK441PY",10,52.2294458326113,-0.529482897722253,064,"Y51","Q35","00","KB","MZ"
"MK441PZ",10,52.2272264404053,-0.530317582349801,064,"Y51","Q35","00","KB","MZ"
"MK441QB",10,52.2140999946883,-0.504594088273734,064,"Y51","Q35","00","KB","MF"
"MK441QD",10,52.2148916024482,-0.50320621483516,064,"Y51","Q35","00","KB","MF"
"MK441QE",10,52.2132602256699,-0.501475335632483,064,"Y51","Q35","00","KB","MF"
"MK441QF",10,52.213042551517,-0.505580996774324,064,"Y51","Q35","00","KB","MF"
"MK441QG",10,52.212889392115,-0.504137086993185,064,"Y51","Q35","00","KB","MF"
"MK441QH",10,52.2117706999301,-0.506677503203769,064,"Y51","Q35","00","KB","MF"
"MK441QJ",10,52.2119569396226,-0.505763791891078,064,"Y51","Q35","00","KB","MF"
"MK441QL",10,52.2122968831155,-0.504918095825488,064,"Y51","Q35","00","KB","MF"
"MK441QN",10,52.2107753718016,-0.509023390933274,064,"Y51","Q35","00","KB","MF"
"MK441QP",10,52.2187799230851,-0.512781021613071,064,"Y51","Q35","00","KB","MF"
"MK441QQ",10,52.2125732653356,-0.504733175999403,064,"Y51","Q35","00","KB","MF"
"MK441QR",10,52.2208742005787,-0.517732401290483,064,"Y51","Q35","00","KB","MZ"
"MK441QS",10,52.2334529355229,-0.508468704328849,064,"Y51","Q35","00","KB","MF"
"MK441QT",10,52.2239620975458,-0.500251311231622,064,"Y51","Q35","00","KB","MF"
"MK441QU",10,52.2328475029239,-0.487036354748662,064,"Y51","Q35","00","KB","MF"
"MK441QW",10,52.2173665613175,-0.513355209666866,064,"Y51","Q35","00","KB","MF"
"MK441QX",10,52.2117174322083,-0.504600909695734,064,"Y51","Q35","00","KB","MF"
"MK441RB",10,52.194226292907,-0.510732974101091,064,"Y51","Q35","00","KB","MF"
"MK441RD",10,52.1943423307229,-0.509953665982036,064,"Y51","Q35","00","KB","MF"
"MK441RE",10,52.1952289881133,-0.508256078207537,064,"Y51","Q35","00","KB","MF"
"MK441RF",10,52.1938225243593,-0.507952024997336,064,"Y51","Q35","00","KB","MF"
"MK441RG",10,52.1926576173991,-0.51182414014844,064,"Y51","Q35","00","KB","MF"
"MK441RH",10,52.1929358707765,-0.509649564582124,064,"Y51","Q35","00","KB","MF"
"MK441RJ",10,52.1894603485752,-0.509970589484797,064,"Y51","Q35","00","KB","MF"
"MK441RL",10,52.1876720704684,-0.50365231142998,064,"Y51","Q35","00","KB","MF"
"MK441RP",10,52.1833398239035,-0.510877268785725,064,"Y51","Q35","00","KB","MF"
"MK441RR",10,52.1919573571403,-0.509770066994207,064,"Y51","Q35","00","KB","MF"
"MK441RS",10,52.1832767277449,-0.510864749251336,064,"Y51","Q35","00","KB","MF"
"MK441RT",10,52.1955998136654,-0.515559248830928,064,"Y51","Q35","00","KB","MF"
"MK441RU",10,52.1940313021956,-0.513095025782826,064,"Y51","Q35","00","KB","MF"
"MK441RX",10,52.1938030192443,-0.511390864955826,064,"Y51","Q35","00","KB","MF"
"MK441RY",10,52.1936608341363,-0.513663346817028,064,"Y51","Q35","00","KB","MF"
"MK441RZ",10,52.2018655415596,-0.510477618798834,064,"Y51","Q35","00","KB","MF"
"MK441SA",10,52.1951422185014,-0.516349935934423,064,"Y51","Q35","00","KB","MF"
"MK441SB",10,52.1929019147683,-0.514800559545065,064,"Y51","Q35","00","KB","MF"
"MK441SD",10,52.1929377101797,-0.515501620502845,064,"Y51","Q35","00","KB","MF"
"MK441SE",10,52.1947144189398,-0.514506058219192,064,"Y51","Q35","00","KB","MF"
"MK441SG",10,52.1932888164833,-0.516967595498717,064,"Y51","Q35","00","KB","MF"
"MK441SH",10,52.194133241383,-0.516193329237393,064,"Y51","Q35","00","KB","MF"
"MK441SJ",10,52.2540876304537,-0.47539916767436,064,"Y51","Q35","00","KB","MX"
"MK441SN",10,52.2486191872882,-0.481533992556337,064,"Y51","Q35","00","KB","MX"
"MK441TL",10,52.2136218296789,-0.500921594349547,064,"Y51","Q35","00","KB","MF"
"MK441WR",10,52.1344263755372,-0.475586431539319,064,"Y51","Q35","00","KB","MD"
"MK441WT",10,52.1344263755372,-0.475586431539319,064,"Y51","Q35","00","KB","MD"
"MK441WU",10,52.1344263755372,-0.475586431539319,064,"Y51","Q35","00","KB","MD"
"MK441YU",10,52.1910238874514,-0.514175549777567,064,"Y51","Q35","00","KB","MF"
"MK441YY",10,52.2304330448954,-0.565134211094402,064,"Y51","Q35","00","KB","MZ"
"MK441ZT",10,52.1344263755372,-0.475586431539319,064,"Y51","Q35","00","KB","MD"
"MK441ZZ",50,52.1920619827591,-0.520943889574852,064,"Y51","Q35","00","KB","MC"
"MK442AA",10,52.2801956703887,-0.450374423141782,064,"Y51","Q35","00","KB","MX"
"MK442AB",10,52.2816024252574,-0.444534806866652,064,"Y51","Q35","00","KB","MX"
"MK442AD",10,52.2798986072204,-0.446925252806263,064,"Y51","Q35","00","KB","MX"
"MK442AE",10,52.2814219364196,-0.450639496146058,064,"Y51","Q35","00","KB","MX"
"MK442AF",10,52.2803915488481,-0.455718195326835,064,"Y51","Q35","00","KB","MX"
"MK442AH",10,52.280795597692,-0.456363818702622,064,"Y51","Q35","00","KB","MX"
"MK442AL",10,52.2824018453565,-0.40205172067393,064,"Y51","Q35","12","UE","HA"
"MK442AN",10,52.2815253058621,-0.40239110551742,064,"Y51","Q35","00","KB","MX"
"MK442AP",10,52.2014054963628,-0.397802926809545,064,"Y51","Q35","00","KB","MY"
"MK442AS",10,52.2811676565046,-0.408531652713029,064,"Y51","Q35","00","KB","MX"
"MK442AT",10,52.2790684515005,-0.411553280619751,064,"Y51","Q35","00","KB","MX"
"MK442AU",10,52.2768750315948,-0.414929775998255,064,"Y51","Q35","00","KB","MX"
"MK442AW",10,52.272422003951,-0.399420676004364,064,"Y51","Q35","00","KB","MX"
"MK442AX",10,52.2715805699718,-0.417038618996635,064,"Y51","Q35","00","KB","MX"
"MK442AY",10,52.2701784043399,-0.414391882798567,064,"Y51","Q35","00","KB","MX"
"MK442AZ",10,52.2699004025702,-0.414445769352553,064,"Y51","Q35","00","KB","MX"
"MK442BA",10,52.2697548349528,-0.412311223414594,064,"Y51","Q35","00","KB","MX"
"MK442BB",10,52.2745995320232,-0.414204799555776,064,"Y51","Q35","00","KB","MX"
"MK442BD",10,52.2725988133107,-0.414525365555645,064,"Y51","Q35","00","KB","MX"
"MK442BE",10,52.2746447248142,-0.412884023831105,064,"Y51","Q35","00","KB","MX"
"MK442BF",10,52.1344263755372,-0.475586431539319,064,"Y51","Q35","00","KB","MD"
"MK442BH",10,52.251763399059,-0.382496632031758,064,"Y51","Q35","00","KB","MY"
"MK442BJ",10,52.2523779066458,-0.382723330502518,064,"Y51","Q35","00","KB","MY"
"MK442BL",10,52.2532262691708,-0.382956180996317,064,"Y51","Q35","00","KB","MY"
"MK442BN",10,52.2418531767119,-0.359554222014374,064,"Y51","Q35","12","UE","HA"
"MK442BP",10,52.2501516061827,-0.389557639610682,064,"Y51","Q35","00","KB","MY"
"MK442BS",10,52.2544226063596,-0.384963777923148,064,"Y51","Q35","00","KB","MY"
"MK442BT",10,52.2497315966808,-0.382511936602408,064,"Y51","Q35","00","KB","MY"
"MK442BU",10,52.2560720778084,-0.389211339917944,064,"Y51","Q35","00","KB","MY"
"MK442BW",10,52.2502425118341,-0.383709251329098,064,"Y51","Q35","00","KB","MY"
"MK442BX",10,52.2476696818347,-0.380331054033153,064,"Y51","Q35","00","KB","MY"
"MK442BY",10,52.2419819200145,-0.376671438104817,064,"Y51","Q35","00","KB","MY"
"MK442BZ",10,52.2390275048727,-0.376940345817603,064,"Y51","Q35","00","KB","MY"
"MK442DA",10,52.2151352412134,-0.464086258849441,064,"Y51","Q35","00","KB","MF"
"MK442DB",10,52.214739331069,-0.461992108727473,064,"Y51","Q35","00","KB","MF"
"MK442DD",10,52.2244465219623,-0.472124854172696,064,"Y51","Q35","00","KB","MF"
"MK442DE",10,52.2198108542259,-0.472415698510081,064,"Y51","Q35","00","KB","MF"
"MK442DF",10,52.2120476015254,-0.467954369881827,064,"Y51","Q35","00","KB","MF"
"MK442DG",10,52.2156930053198,-0.476597013281622,064,"Y51","Q35","00","KB","MF"
"MK442DH",10,52.2041792234627,-0.48038589167188,064,"Y51","Q35","00","KB","MF"
"MK442DJ",10,52.199770826752,-0.476687883344198,064,"Y51","Q35","00","KB","MF"
"MK442DL",10,52.2087331670445,-0.466824359477807,064,"Y51","Q35","00","KB","MF"
"MK442DP",10,52.1991567785587,-0.462617868610969,064,"Y51","Q35","00","KB","MF"
"MK442DQ",10,52.2081305680097,-0.48701260819092,064,"Y51","Q35","00","KB","MF"
"MK442DR",10,52.2140089513719,-0.459763190026036,064,"Y51","Q35","00","KB","MF"
"MK442DS",10,52.2147401773332,-0.457922841365819,064,"Y51","Q35","00","KB","MF"
"MK442DT",10,52.2155046548983,-0.457940279718194,064,"Y51","Q35","00","KB","MF"
"MK442DU",10,52.2152312161868,-0.456969022424226,064,"Y51","Q35","00","KB","MF"
"MK442DX",10,52.2145724285563,-0.454035075911996,064,"Y51","Q35","00","KB","MF"
"MK442DY",10,52.2150799607394,-0.456403394913268,064,"Y51","Q35","00","KB","MF"
"MK442DZ",10,52.2170913234184,-0.454825918407227,064,"Y51","Q35","00","KB","MF"
"MK442EA",10,52.2264148131231,-0.451369014164495,064,"Y51","Q35","00","KB","MF"
"MK442EB",10,52.2287218575187,-0.444934039536361,064,"Y51","Q35","00","KB","MF"
"MK442ED",10,52.2168364356289,-0.44568585548644,064,"Y51","Q35","00","KB","MF"
"MK442EE",10,52.213881811114,-0.442539509008928,064,"Y51","Q35","00","KB","MF"
"MK442EF",10,52.2060417711541,-0.433052292890825,064,"Y51","Q35","00","KB","MX"
"MK442EH",10,52.2140816050461,-0.455003543145539,064,"Y51","Q35","00","KB","MF"
"MK442EL",10,52.2245001060376,-0.410148548799263,064,"Y51","Q35","00","KB","MX"
"MK442EN",10,52.2262023976302,-0.41237180385045,064,"Y51","Q35","00","KB","MX"
"MK442EP",10,52.2252689556955,-0.405157753629335,064,"Y51","Q35","00","KB","MX"
"MK442EQ",10,52.2056586863753,-0.448973572638246,064,"Y51","Q35","00","KB","MF"
"MK442ER",10,52.2281645839074,-0.395902701641209,064,"Y51","Q35","00","KB","MX"
"MK442ES",10,52.2176709986521,-0.408460120129498,064,"Y51","Q35","00","KB","MX"
"MK442ET",10,52.2184180697245,-0.428649636980715,064,"Y51","Q35","00","KB","MX"
"MK442EW",10,52.2289364011621,-0.407749804100389,064,"Y51","Q35","00","KB","MX"
"MK442EX",10,52.2149404505463,-0.409333517021054,064,"Y51","Q35","00","KB","MX"
"MK442EY",10,52.2097361644739,-0.40479197535492,064,"Y51","Q35","00","KB","MX"
"MK442EZ",10,52.2087323495588,-0.417048702558549,064,"Y51","Q35","00","KB","MX"
"MK442FA",10,52.1344263755372,-0.475586431539319,064,"Y51","Q35","00","KB","MD"
"MK442FD",10,52.2156329455288,-0.459502086020956,064,"Y51","Q35","00","KB","MF"
"MK442FQ",10,52.1977100875633,-0.495472543660813,064,"Y51","Q35","00","KB","MF"
"MK442HB",10,52.2166146761813,-0.416827040217503,064,"Y51","Q35","00","KB","MX"
"MK442HD",10,52.1781280699178,-0.44286729138319,064,"Y51","Q35","00","KB","MK"
"MK442HE",10,52.2115850338159,-0.384717484314429,064,"Y51","Q35","00","KB","MY"
"MK442HH",10,52.2384895998516,-0.416107322347469,064,"Y51","Q35","00","KB","MX"
"MK442HJ",10,52.2454499358771,-0.418876908891462,064,"Y51","Q35","00","KB","MX"
"MK442HL",10,52.2498909687189,-0.42286473985964,064,"Y51","Q35","00","KB","MX"
"MK442HN",10,52.2517039861569,-0.423298532723439,064,"Y51","Q35","00","KB","MX"
"MK442HP",10,52.2540493837986,-0.425222493638393,064,"Y51","Q35","00","KB","MX"
"MK442HQ",10,52.2298566099223,-0.445758299801421,064,"Y51","Q35","00","KB","MF"
"MK442HR",10,52.2585627486311,-0.423187166201937,064,"Y51","Q35","00","KB","MX"
"MK442HS",10,52.2565264326552,-0.426907575435486,064,"Y51","Q35","00","KB","MX"
"MK442HT",10,52.2546819116481,-0.432891736487523,064,"Y51","Q35","00","KB","MX"
"MK442HU",10,52.24926601272,-0.44625198968335,064,"Y51","Q35","00","KB","MX"
"MK442HW",10,52.2504283966754,-0.428104799306136,064,"Y51","Q35","00","KB","MX"
"MK442HX",10,52.2509596275991,-0.422768241950482,064,"Y51","Q35","00","KB","MX"
"MK442HY",10,52.1344263755372,-0.475586431539319,064,"Y51","Q35","00","KB","MD"
"MK442JA",10,52.2357773643788,-0.414329370978697,064,"Y51","Q35","00","KB","MX"
"MK442JB",10,52.2391048044058,-0.411706371881246,064,"Y51","Q35","00","KB","MX"
"MK442JD",10,52.24287806384,-0.40547853876664,064,"Y51","Q35","00","KB","MX"
"MK442JE",10,52.2379542036141,-0.417752006758858,064,"Y51","Q35","00","KB","MX"
"MK442JF",10,52.2378092286805,-0.426412478612056,064,"Y51","Q35","00","KB","MX"
"MK442JG",10,52.2375897589293,-0.42007889932712,064,"Y51","Q35","00","KB","MX"
"MK442JH",10,52.2392151119049,-0.431386212737789,064,"Y51","Q35","00","KB","MX"
"MK442JJ",10,52.2391398471659,-0.438594511743391,064,"Y51","Q35","00","KB","MX"
"MK442JN",10,52.2155466260053,-0.378557576322959,064,"Y51","Q35","00","KB","MY"
"MK442JP",10,52.2428820476151,-0.433307468946087,064,"Y51","Q35","00","KB","MX"
"MK442JQ",10,52.2364134244852,-0.429625106652201,064,"Y51","Q35","00","KB","MX"
"MK442JT",10,52.2147849182132,-0.380707780482366,064,"Y51","Q35","00","KB","MY"
"MK442JU",10,52.2150048069816,-0.378387015471113,064,"Y51","Q35","00","KB","MY"
"MK442JX",10,52.2108329840524,-0.386266946709718,064,"Y51","Q35","00","KB","MY"
"MK442JY",10,52.2112675634422,-0.387144027629612,064,"Y51","Q35","00","KB","MY"
"MK442JZ",10,52.2155638461309,-0.391643275665936,064,"Y51","Q35","00","KB","MY"
"MK442LA",10,52.2172817849051,-0.379855769381909,064,"Y51","Q35","00","KB","MY"
"MK442LB",10,52.2182515136243,-0.377141572759263,064,"Y51","Q35","00","KB","MY"
"MK442LD",10,52.2348698890448,-0.368847253809474,064,"Y51","Q35","12","UE","HA"
"MK442LE",10,52.2193757218403,-0.375856259555208,064,"Y51","Q35","00","KB","MY"
"MK442LF",10,52.2281147881329,-0.37909539498207,064,"Y51","Q35","00","KB","MY"
"MK442LH",10,52.227623624845,-0.366945831730293,064,"Y51","Q35","00","KB","MY"
"MK442LJ",10,52.2224181487289,-0.352101267288298,064,"Y51","Q35","00","KB","MY"
"MK442LL",10,52.2174336445846,-0.378474217387418,064,"Y51","Q35","00","KB","MY"
"MK442LP",10,52.2180797472962,-0.344064098678924,064,"Y51","Q35","00","KB","MY"
"MK442LR",10,52.2173584912002,-0.333068040804289,064,"Y51","Q35","00","KB","MY"
"MK442LS",10,52.2153567099547,-0.337124511871224,064,"Y51","Q35","00","KB","MY"
"MK442LT",10,52.2176464489491,-0.352292525801601,064,"Y51","Q35","00","KB","MY"
"MK442LY",10,52.2139395400073,-0.372848948214656,064,"Y51","Q35","00","KB","MY"
"MK442LZ",10,52.2129144440071,-0.368934387869189,064,"Y51","Q35","00","KB","MY"
"MK442NA",10,52.2144963772957,-0.364997469700172,064,"Y51","Q35","00","KB","MY"
"MK442NB",10,52.2128178862602,-0.356789143237839,064,"Y51","Q35","00","KB","MY"
"MK442ND",10,52.2135706392373,-0.361781972919581,064,"Y51","Q35","00","KB","MY"
"MK442NE",10,52.2161018031075,-0.33895573760499,064,"Y51","Q35","00","KB","MY"
"MK442NH",10,52.2054910444337,-0.390133779214403,064,"Y51","Q35","00","KB","MY"
"MK442NJ",10,52.2014155994182,-0.39127612030612,064,"Y51","Q35","00","KB","MY"
"MK442NN",10,52.1973709349661,-0.390719826374297,064,"Y51","Q35","00","KB","MY"
"MK442NR",10,52.2033397767193,-0.374875162403273,064,"Y51","Q35","00","KB","MY"
"MK442NS",10,52.1969235689997,-0.376440692163286,064,"Y51","Q35","00","KB","MY"
"MK442NT",10,52.193859833761,-0.370085490394882,064,"Y51","Q35","00","KB","MY"
"MK442NU",10,52.2038198576356,-0.373174725453379,064,"Y51","Q35","00","KB","MY"
"MK442NX",10,52.2065939748085,-0.346993754345187,064,"Y51","Q35","00","KB","MY"
"MK442PA",10,52.1833615278125,-0.397252083736394,064,"Y51","Q35","00","KB","MY"
"MK442PB",10,52.1850875140727,-0.400539816792236,064,"Y51","Q35","00","KB","MY"
"MK442PD",10,52.1912406197874,-0.404751859054834,064,"Y51","Q35","00","KB","MY"
"MK442PE",10,52.1861601506557,-0.405387164409881,064,"Y51","Q35","00","KB","MY"
"MK442PF",10,52.1857051633342,-0.404320961568176,064,"Y51","Q35","00","KB","MY"
"MK442PH",10,52.1913248123114,-0.417681708770415,064,"Y51","Q35","00","KB","MY"
"MK442PJ",10,52.1933522724829,-0.420696773528843,064,"Y51","Q35","00","KB","MY"
"MK442PN",10,52.1838246945782,-0.392964200624036,064,"Y51","Q35","00","KB","MY"
"MK442PP",10,52.1984703437033,-0.413477238828442,064,"Y51","Q35","00","KB","MY"
"MK442PQ",10,52.1822524549407,-0.395697616244629,064,"Y51","Q35","00","KB","MY"
"MK442PT",10,52.1723985774945,-0.407019929238957,064,"Y51","Q35","00","KB","MY"
"MK442PX",10,52.176462653705,-0.401039340468742,064,"Y51","Q35","00","KB","MY"
"MK442PY",10,52.177461368171,-0.408403976438106,064,"Y51","Q35","00","KB","MY"
"MK442QA",10,52.1805266833805,-0.397061469283268,064,"Y51","Q35","00","KB","MY"
"MK442QB",10,52.1818519280781,-0.397320983439994,064,"Y51","Q35","00","KB","MY"
"MK442QD",10,52.1826443703191,-0.394103783917005,064,"Y51","Q35","00","KB","MY"
"MK442QE",10,52.1854188749835,-0.405091866380314,064,"Y51","Q35","00","KB","MY"
"MK442QG",10,52.18384535199,-0.388545946065655,064,"Y51","Q35","00","KB","MY"
"MK442QH",10,52.1916202922672,-0.392975704372629,064,"Y51","Q35","00","KB","MY"
"MK442QJ",10,52.1838205434545,-0.38082351299718,064,"Y51","Q35","00","KB","MY"
"MK442QL",10,52.1855999453079,-0.376180277083918,064,"Y51","Q35","00","KB","MY"
"MK442QN",10,52.1837303146317,-0.381455772654624,064,"Y51","Q35","00","KB","MY"
"MK442QP",10,52.1864836006351,-0.41270439641292,064,"Y51","Q35","00","KB","MY"
"MK442QQ",10,52.186489481068,-0.389254916102021,064,"Y51","Q35","00","KB","MY"
"MK442QR",10,52.1827747911437,-0.416390845629219,064,"Y51","Q35","00","KB","MY"
"MK442QS",10,52.1826552687008,-0.414186402006032,064,"Y51","Q35","00","KB","MY"
"MK442QT",10,52.1777561450955,-0.441256857433213,064,"Y51","Q35","00","KB","MK"
"MK442QW",10,52.1917952561015,-0.378163697617208,064,"Y51","Q35","00","KB","MY"
"MK442RA",10,52.1754740606907,-0.4434279594395,064,"Y51","Q35","00","KB","MK"
"MK442RB",10,52.1763956171742,-0.441041167907172,064,"Y51","Q35","00","KB","MK"
"MK442RD",10,52.1767378994021,-0.441087701415597,064,"Y51","Q35","00","KB","MK"
"MK442RE",10,52.1745323449367,-0.436806741090994,064,"Y51","Q35","00","KB","MK"
"MK442RF",10,52.1736820848147,-0.435067029355967,064,"Y51","Q35","00","KB","MK"
"MK442RG",10,52.1771768983924,-0.442330123854393,064,"Y51","Q35","00","KB","MK"
"MK442RH",10,52.1707645796736,-0.433385378547536,064,"Y51","Q35","00","KB","MK"
"MK442RJ",10,52.1751213020006,-0.427674981813888,064,"Y51","Q35","00","KB","MK"
"MK442RL",10,52.1756811049447,-0.425154406508218,064,"Y51","Q35","00","KB","MK"
"MK442RN",10,52.1786405823606,-0.423909068424728,064,"Y51","Q35","00","KB","MK"
"MK442RP",10,52.1797641531583,-0.422538373157125,064,"Y51","Q35","00","KB","MK"
"MK442RR",10,52.1772305807762,-0.425377561181277,064,"Y51","Q35","00","KB","MK"
"MK442RS",10,52.1862833095281,-0.450393888113851,064,"Y51","Q35","00","KB","MK"
"MK442RT",10,52.1866991928111,-0.458117823303013,064,"Y51","Q35","00","KB","MK"
"MK442RU",10,52.1795220663554,-0.446987017763926,064,"Y51","Q35","00","KB","MK"
"MK442RW",10,52.1773474281817,-0.42402790501355,064,"Y51","Q35","00","KB","MK"
"MK442RX",10,52.1869825728172,-0.455723586471559,064,"Y51","Q35","00","KB","MK"
"MK442SA",10,52.1855854629771,-0.47272579348222,064,"Y51","Q35","00","KB","MF"
"MK442SB",10,52.1649447543657,-0.447479939049425,064,"Y51","Q35","00","KB","MK"
"MK442SH",10,52.181976740526,-0.436779755106356,064,"Y51","Q35","00","KB","MK"
"MK442SJ",10,52.1829263426693,-0.435839574636928,064,"Y51","Q35","00","KB","MK"
"MK442SP",10,52.2758657508911,-0.412752460322181,064,"Y51","Q35","00","KB","MX"
"MK442SR",10,52.2836836308195,-0.424509242881164,064,"Y51","Q35","00","KB","MX"
"MK442SU",10,52.2821169876816,-0.435163846032904,064,"Y51","Q35","00","KB","MX"
"MK442SX",10,52.2658949440514,-0.393500846227861,064,"Y51","Q35","00","KB","MY"
"MK442TA",10,52.261362809384,-0.394118883501171,064,"Y51","Q35","00","KB","MY"
"MK442TB",10,52.2388304680639,-0.388151426997566,064,"Y51","Q35","00","KB","MY"
"MK442TE",10,52.1795945645102,-0.455935613724961,064,"Y51","Q35","00","KB","MK"
"MK442TF",10,52.1790124874876,-0.454741828684753,064,"Y51","Q35","00","KB","MK"
"MK442WD",10,52.1344263755372,-0.475586431539319,064,"Y51","Q35","00","KB","MD"
"MK442WE",10,52.1344263755372,-0.475586431539319,064,"Y51","Q35","00","KB","MD"
"MK442WF",10,52.1344263755372,-0.475586431539319,064,"Y51","Q35","00","KB","MD"
"MK442WT",10,52.1344263755372,-0.475586431539319,064,"Y51","Q35","00","KB","MD"
"MK442WU",10,52.1344263755372,-0.475586431539319,064,"Y51","Q35","00","KB","MD"
"MK442XJ",10,52.1344263755372,-0.475586431539319,064,"Y51","Q35","00","KB","MD"
"MK442XZ",10,52.1344263755372,-0.475586431539319,064,"Y51","Q35","00","KB","MD"
"MK442YN",10,52.1344263755372,-0.475586431539319,064,"Y51","Q35","00","KB","MD"
"MK442YP",10,52.2263869714955,-0.468529678931527,064,"Y51","Q35","00","KB","MF"
"MK442YY",10,52.1344263755372,-0.475586431539319,064,"Y51","Q35","00","KB","MD"
"MK442ZZ",10,52.1344263755372,-0.475586431539319,064,"Y51","Q35","00","KB","MD"
"MK443AA",10,52.1945675312198,-0.297942714368611,064,"Y51","Q35","00","KB","MY"
"MK443AB",10,52.1959514407442,-0.297889849281076,064,"Y51","Q35","00","KB","MY"
"MK443AD",10,52.1982936912475,-0.305072681084922,064,"Y51","Q35","00","KB","MY"
"MK443AE",10,52.1983529750511,-0.304192479436752,064,"Y51","Q35","00","KB","MY"
"MK443AF",10,52.1979706438883,-0.305743424744432,064,"Y51","Q35","00","KB","MY"
"MK443AG",10,52.1980047419343,-0.306239626994685,064,"Y51","Q35","00","KB","MY"
"MK443AH",10,52.1993825657661,-0.297641700126509,064,"Y51","Q35","00","KB","MY"
"MK443AJ",10,52.1944228563383,-0.299133364503713,064,"Y51","Q35","00","KB","MY"
"MK443AL",10,52.2023527249028,-0.290386914344006,064,"Y51","Q35","00","KB","MY"
"MK443AN",10,52.1924813026939,-0.300421804969978,064,"Y51","Q35","00","KB","MY"
"MK443AP",10,52.1967439590324,-0.301722399817938,064,"Y51","Q35","00","KB","MY"
"MK443AR",10,52.2050529076682,-0.291819916383583,064,"Y51","Q35","00","KB","MY"
"MK443AS",10,52.1983236403874,-0.310295316696316,064,"Y51","Q35","00","KB","MY"
"MK443AT",10,52.2078125216045,-0.318058060554741,064,"Y51","Q35","00","KB","MY"
"MK443AU",10,52.195794354991,-0.307596601662437,064,"Y51","Q35","00","KB","MY"
"MK443AX",10,52.2043685307386,-0.304841533246617,064,"Y51","Q35","00","KB","MY"
"MK443AY",10,52.2073371994392,-0.308080049202069,064,"Y51","Q35","00","KB","MY"
"MK443AZ",10,52.2105668613174,-0.304444600720575,064,"Y51","Q35","00","KB","MY"
"MK443BA",10,52.2011154814387,-0.29125386533207,064,"Y51","Q35","00","KB","MY"
"MK443BD",10,52.190213697212,-0.299674387990046,064,"Y51","Q35","00","KB","MY"
"MK443BE",10,52.1858477146076,-0.303688195951088,064,"Y51","Q35","00","KB","MY"
"MK443BF",10,52.1292222429622,-0.41703379144948,064,"Y51","Q35","00","KB","MR"
"MK443BG",10,52.1544043034114,-0.344790822901857,064,"Y51","Q35","00","KB","MK"
"MK443BH",10,52.1912210458901,-0.307199713488981,064,"Y51","Q35","00","KB","MY"
"MK443BJ",10,52.156131964425,-0.350018634886053,064,"Y51","Q35","00","KB","MK"
"MK443BL",10,52.1927903073403,-0.314440770114256,064,"Y51","Q35","00","KB","MY"
"MK443BN",10,52.1929133008784,-0.318649738927729,064,"Y51","Q35","00","KB","MY"
"MK443BP",10,52.1878422958113,-0.312989458575488,064,"Y51","Q35","00","KB","MY"
"MK443BQ",10,52.1582088609034,-0.355160877391685,064,"Y51","Q35","00","KB","MK"
"MK443BS",10,52.1902833980685,-0.322128434054565,064,"Y51","Q35","00","KB","MY"
"MK443BT",10,52.1901126275737,-0.357275321570638,064,"Y51","Q35","00","KB","MY"
"MK443BW",10,52.1883540052635,-0.318602305600667,064,"Y51","Q35","00","KB","MY"
"MK443BX",10,52.1900340646509,-0.339459334742121,064,"Y51","Q35","00","KB","MY"
"MK443BY",10,52.2016921211881,-0.295065738450941,064,"Y51","Q35","00","KB","MY"
"MK443DA",10,52.1903219039118,-0.345227353197133,064,"Y51","Q35","00","KB","MY"
"MK443DB",10,52.1899860263281,-0.35657776758066,064,"Y51","Q35","00","KB","MY"
"MK443DD",10,52.1177753633985,-0.415628210387433,064,"Y51","Q35","00","KB","MH"
"MK443DE",10,52.134011175027,-0.314906927151031,064,"Y51","Q35","00","KC","MR"
"MK443DH",10,52.1894115691715,-0.350205897953314,064,"Y51","Q35","00","KB","MY"
"MK443DL",10,52.1567247755547,-0.356414317364776,064,"Y51","Q35","00","KB","MK"
"MK443DP",10,52.1749323052124,-0.318772082303589,064,"Y51","Q35","00","KB","MY"
"MK443DR",10,52.1777579624868,-0.313268669589378,064,"Y51","Q35","00","KB","MY"
"MK443DS",10,52.1781782062635,-0.303073210088674,064,"Y51","Q35","00","KB","MY"
"MK443DX",10,52.1787906601011,-0.318845981458634,064,"Y51","Q35","00","KB","MY"
"MK443DY",10,52.1826472045899,-0.309982697300933,064,"Y51","Q35","00","KB","MY"
"MK443EA",10,52.1786072757273,-0.315445054612866,064,"Y51","Q35","00","KB","MY"
"MK443EB",10,52.1769388967762,-0.316356360843398,064,"Y51","Q35","00","KB","MY"
"MK443ED",10,52.1752803662699,-0.316067988818385,064,"Y51","Q35","00","KB","MY"
"MK443EE",10,52.1755625208677,-0.315048212764898,064,"Y51","Q35","00","KB","MY"
"MK443EF",10,52.1789523122259,-0.315680660626386,064,"Y51","Q35","00","KB","MY"
"MK443EG",10,52.1751209351284,-0.314348284508121,064,"Y51","Q35","00","KB","MY"
"MK443EH",10,52.1739741311925,-0.317784499453467,064,"Y51","Q35","00","KB","MY"
"MK443EJ",10,52.1744113453971,-0.317548637251188,064,"Y51","Q35","00","KB","MY"
"MK443EL",10,52.1743290758971,-0.314305095992522,064,"Y51","Q35","00","KB","MY"
"MK443EN",10,52.1678936498889,-0.305687137970055,064,"Y51","Q35","00","KB","MY"
"MK443EP",10,52.1740868253304,-0.316230056726526,064,"Y51","Q35","00","KB","MY"
"MK443EQ",10,52.112287140184,-0.423416865500688,064,"Y51","Q35","00","KB","MH"
"MK443ER",10,52.1783461785964,-0.317941313375713,064,"Y51","Q35","00","KB","MY"
"MK443ET",10,52.1750554571415,-0.340806924030726,064,"Y51","Q35","00","KB","MY"
"MK443EU",10,52.1567103538742,-0.372232240699478,064,"Y51","Q35","00","KB","MK"
"MK443EX",10,52.1747973880562,-0.316247099659178,064,"Y51","Q35","00","KB","MY"
"MK443HA",10,52.159202517601,-0.35484647500268,064,"Y51","Q35","00","KB","MK"
"MK443HB",10,52.1595663578115,-0.357727742220525,064,"Y51","Q35","00","KB","MK"
"MK443HD",10,52.1603812940712,-0.36072405853809,064,"Y51","Q35","00","KB","MK"
"MK443HE",10,52.1647498110439,-0.384747127853453,064,"Y51","Q35","00","KB","MK"
"MK443HF",10,52.1696970269473,-0.378338613464702,064,"Y51","Q35","00","KB","MK"
"MK443HG",10,52.1599839356117,-0.355431690583374,064,"Y51","Q35","00","KB","MK"
"MK443HH",10,52.1620241790008,-0.358602213197298,064,"Y51","Q35","00","KB","MK"
"MK443HJ",10,52.1573768249835,-0.352881763424787,064,"Y51","Q35","00","KB","MK"
"MK443HL",10,52.1558241596427,-0.353085261000427,064,"Y51","Q35","00","KB","MK"
"MK443HN",10,52.1554669122793,-0.348113613050418,064,"Y51","Q35","00","KB","MK"
"MK443HP",10,52.156187468483,-0.347560671387763,064,"Y51","Q35","00","KB","MK"
"MK443HQ",10,52.1716923589877,-0.362662716298671,064,"Y51","Q35","00","KB","MK"
"MK443HR",10,52.1569351867522,-0.347021324079488,064,"Y51","Q35","00","KB","MK"
"MK443HS",10,52.1573504387743,-0.347780742448745,064,"Y51","Q35","00","KB","MK"
"MK443HT",10,52.1597124022965,-0.345017873802307,064,"Y51","Q35","00","KB","MK"
"MK443HU",10,52.1554128139629,-0.349387404743671,064,"Y51","Q35","00","KB","MK"
"MK443HW",10,52.1527164076253,-0.344327201648626,064,"Y51","Q35","00","KB","MK"
"MK443HX",10,52.15617833352,-0.351405678919422,064,"Y51","Q35","00","KB","MK"
"MK443HY",10,52.1568643881803,-0.351599612286885,064,"Y51","Q35","00","KB","MK"
"MK443HZ",10,52.1548709666894,-0.350503803992647,064,"Y51","Q35","00","KB","MK"
"MK443JA",10,52.1567238413527,-0.353768370173421,064,"Y51","Q35","00","KB","MK"
"MK443JB",10,52.158671935003,-0.352907049566993,064,"Y51","Q35","00","KB","MK"
"MK443JD",10,52.1578896558115,-0.354193167290688,064,"Y51","Q35","00","KB","MK"
"MK443JF",10,52.1565871492473,-0.355571505848967,064,"Y51","Q35","00","KB","MK"
"MK443JH",10,52.156390321858,-0.349205059359896,064,"Y51","Q35","00","KB","MK"
"MK443JJ",10,52.1549170440419,-0.346730630337151,064,"Y51","Q35","00","KB","MK"
"MK443JL",10,52.1601350294654,-0.35659570504066,064,"Y51","Q35","00","KB","MK"
"MK443JN",10,52.1558738830836,-0.345715744847142,064,"Y51","Q35","00","KB","MK"
"MK443JP",10,52.1575634452117,-0.355301621693111,064,"Y51","Q35","00","KB","MK"
"MK443JQ",10,52.1549736803305,-0.348848159747406,064,"Y51","Q35","00","KB","MK"
"MK443JR",10,52.1568542826173,-0.356029460184021,064,"Y51","Q35","00","KB","MK"
"MK443JS",10,52.1572517360533,-0.356161004992706,064,"Y51","Q35","00","KB","MK"
"MK443JT",10,52.1579373467097,-0.356969033320497,064,"Y51","Q35","00","KB","MK"
"MK443JU",10,52.1556816105081,-0.351891817830212,064,"Y51","Q35","00","KB","MK"
"MK443JW",10,52.1277049045454,-0.421221929114287,064,"Y51","Q35","00","KB","MR"
"MK443JZ",10,52.1277695759015,-0.422695160663353,064,"Y51","Q35","00","KB","MR"
"MK443LA",10,52.1576752182629,-0.349142902668828,064,"Y51","Q35","00","KB","MK"
"MK443LB",10,52.1574703802549,-0.35121175147101,064,"Y51","Q35","00","KB","MK"
"MK443LD",10,52.1583747714444,-0.350944423516328,064,"Y51","Q35","00","KB","MK"
"MK443LE",10,52.1579190978341,-0.35243779194218,064,"Y51","Q35","00","KB","MK"
"MK443LF",10,52.1524084673727,-0.345449540054284,064,"Y51","Q35","00","KB","MK"
"MK443LG",10,52.152015129695,-0.346253449240183,064,"Y51","Q35","00","KB","MK"
"MK443LH",10,52.1615938651934,-0.337506343432828,064,"Y51","Q35","00","KB","MK"
"MK443LJ",10,52.1689228245785,-0.331208608055943,064,"Y51","Q35","00","KB","MK"
"MK443LL",10,52.1653599385921,-0.336137774179245,064,"Y51","Q35","00","KB","MK"
"MK443LN",10,52.166397961624,-0.338336202418959,064,"Y51","Q35","00","KB","MK"
"MK443LQ",10,52.1543505765556,-0.341606107757103,064,"Y51","Q35","00","KB","MK"
"MK443LR",10,52.1601955765158,-0.348698769050116,064,"Y51","Q35","00","KB","MK"
"MK443LS",10,52.1589215322773,-0.351465133346969,064,"Y51","Q35","00","KB","MK"
"MK443LT",10,52.1589603289169,-0.349738607813963,064,"Y51","Q35","00","KB","MK"
"MK443LU",10,52.158316519429,-0.348066591109556,064,"Y51","Q35","00","KB","MK"
"MK443LW",10,52.1274012963049,-0.41534524565807,064,"Y51","Q35","00","KB","MR"
"MK443LX",10,52.1587415809831,-0.349527408359601,064,"Y51","Q35","00","KB","MK"
"MK443LY",10,52.1475103886534,-0.321427505385704,064,"Y51","Q35","00","KC","MR"
"MK443NA",10,52.147405497564,-0.330507788682791,064,"Y51","Q35","00","KC","MR"
"MK443NB",10,52.1475322620497,-0.32233285813824,064,"Y51","Q35","00","KC","MR"
"MK443ND",10,52.1472507468601,-0.324667325370827,064,"Y51","Q35","00","KC","MR"
"MK443NE",10,52.1465409808765,-0.322808578038971,064,"Y51","Q35","00","KC","MR"
"MK443NF",10,52.1482517243914,-0.316664050494408,064,"Y51","Q35","00","KC","MR"
"MK443NG",10,52.1472372994416,-0.320560837137878,064,"Y51","Q35","00","KC","MR"
"MK443NH",10,52.1459688425657,-0.318620891781836,064,"Y51","Q35","00","KC","MR"
"MK443NJ",10,52.1458188365613,-0.317559634209497,064,"Y51","Q35","00","KC","MR"
"MK443NL",10,52.1471959151746,-0.316396940449616,064,"Y51","Q35","00","KC","MR"
"MK443NN",10,52.1494026518982,-0.316035988071453,064,"Y51","Q35","00","KC","MR"
"MK443NP",10,52.1461730642779,-0.317809358084458,064,"Y51","Q35","00","KC","MR"
"MK443NQ",10,52.1468646151759,-0.317754064658163,064,"Y51","Q35","00","KC","MR"
"MK443NR",10,52.1504435947167,-0.317151430731693,064,"Y51","Q35","00","KC","MR"
"MK443NS",10,52.1533287251232,-0.316443309627921,064,"Y51","Q35","00","KC","MR"
"MK443NT",10,52.1564708016818,-0.318619890203012,064,"Y51","Q35","00","KC","MR"
"MK443NU",10,52.1512804447475,-0.315307370862574,064,"Y51","Q35","00","KC","MR"
"MK443NW",10,52.1506285978904,-0.315624312218992,064,"Y51","Q35","00","KC","MR"
"MK443NX",10,52.1434296356946,-0.321522493574881,064,"Y51","Q35","00","KC","MR"
"MK443NY",10,52.1449401167203,-0.32278103764448,064,"Y51","Q35","00","KC","MR"
"MK443NZ",10,52.1459893647813,-0.321323936190487,064,"Y51","Q35","00","KC","MR"
"MK443PA",10,52.1447562765405,-0.318710409133035,064,"Y51","Q35","00","KC","MR"
"MK443PB",10,52.1461235844315,-0.320646586076695,064,"Y51","Q35","00","KC","MR"
"MK443PD",10,52.1388691007595,-0.320758717544067,064,"Y51","Q35","00","KC","MR"
"MK443PG",10,52.1395636535775,-0.398488649560699,064,"Y51","Q35","00","KB","MK"
"MK443PH",10,52.137966982712,-0.319287547371321,064,"Y51","Q35","00","KC","MR"
"MK443PL",10,52.1468427584798,-0.314963324919435,064,"Y51","Q35","00","KC","MR"
"MK443PN",10,52.1416211456275,-0.322701136011754,064,"Y51","Q35","00","KC","MR"
"MK443PP",10,52.1331716844066,-0.375544974235171,064,"Y51","Q35","00","KB","MK"
"MK443PR",10,52.1323680074002,-0.379869742399676,064,"Y51","Q35","00","KB","MK"
"MK443PS",10,52.1337757497496,-0.375011611642065,064,"Y51","Q35","00","KB","MK"
"MK443PT",10,52.1358184501992,-0.381015784796763,064,"Y51","Q35","00","KB","MK"
"MK443PU",10,52.1363305932306,-0.382955218364055,064,"Y51","Q35","00","KB","MK"
"MK443PW",10,52.159453576753,-0.352863574301935,064,"Y51","Q35","00","KB","MK"
"MK443PX",10,52.1359566174289,-0.386504823005969,064,"Y51","Q35","00","KB","MK"
"MK443PY",10,52.137231159984,-0.380438523093086,064,"Y51","Q35","00","KB","MK"
"MK443QA",10,52.1367730462971,-0.377854184277446,064,"Y51","Q35","00","KB","MK"
"MK443QB",10,52.1368572387174,-0.3794000118093,064,"Y51","Q35","00","KB","MK"
"MK443QD",10,52.1374370151828,-0.377099447169942,064,"Y51","Q35","00","KB","MK"
"MK443QG",10,52.1384513914653,-0.373716278947406,064,"Y51","Q35","00","KB","MK"
"MK443QH",10,52.1367082863636,-0.375109464380828,064,"Y51","Q35","00","KB","MK"
"MK443QJ",10,52.1364634044116,-0.372999633639546,064,"Y51","Q35","00","KB","MK"
"MK443QL",10,52.1350793046096,-0.373692971311914,064,"Y51","Q35","00","KB","MK"
"MK443QN",10,52.1344775875193,-0.373744107378806,064,"Y51","Q35","00","KB","MK"
"MK443QP",10,52.1350789705425,-0.371062902411164,064,"Y51","Q35","00","KB","MK"
"MK443QQ",10,52.1382061672229,-0.372234726987558,064,"Y51","Q35","00","KB","MK"
"MK443QR",10,52.13958841802,-0.366207599532246,064,"Y51","Q35","00","KB","MK"
"MK443QS",10,52.1327716626637,-0.366763818079775,064,"Y51","Q35","00","KB","MK"
"MK443QT",10,52.1330814684248,-0.370960431303658,064,"Y51","Q35","00","KB","MK"
"MK443QU",10,52.1265021508564,-0.361397899078525,064,"Y51","Q35","00","KB","MK"
"MK443QW",10,52.1343714295288,-0.374522373609421,064,"Y51","Q35","00","KB","MK"
"MK443QX",10,52.137194563575,-0.373206788587337,064,"Y51","Q35","00","KB","MK"
"MK443RA",10,52.1375976929907,-0.328098157383108,064,"Y51","Q35","00","KC","MR"
"MK443RB",10,52.1355630169695,-0.329182553028756,064,"Y51","Q35","00","KC","MR"
"MK443RD",10,52.1311511978444,-0.333204740129493,064,"Y51","Q35","00","KC","MR"
"MK443RE",10,52.1321439771818,-0.331560513832324,064,"Y51","Q35","00","KC","MR"
"MK443RF",10,52.1309096821282,-0.333929656664217,064,"Y51","Q35","00","KC","MR"
"MK443RG",10,52.1288710526397,-0.329652039815999,064,"Y51","Q35","00","KC","MR"
"MK443RH",10,52.128952672695,-0.331606678071896,064,"Y51","Q35","00","KC","MR"
"MK443RJ",10,52.128076655856,-0.335788451891345,064,"Y51","Q35","00","KC","MR"
"MK443RL",10,52.1265205923872,-0.336386952630605,064,"Y51","Q35","00","KC","MR"
"MK443RN",10,52.1273297974863,-0.340213613408198,064,"Y51","Q35","00","KC","MR"
"MK443RP",10,52.1327275941841,-0.332137755648174,064,"Y51","Q35","00","KC","MR"
"MK443RQ",10,52.1292025311521,-0.333379729518142,064,"Y51","Q35","00","KC","MR"
"MK443RR",10,52.130026513702,-0.336972256306474,064,"Y51","Q35","00","KC","MR"
"MK443RS",10,52.1295471291219,-0.336770958602921,064,"Y51","Q35","00","KC","MR"
"MK443RT",10,52.1292446189359,-0.348513816858475,064,"Y51","Q35","00","KC","MR"
"MK443RU",10,52.1336973695856,-0.351870441385504,064,"Y51","Q35","00","KC","MR"
"MK443RW",10,52.1246433705673,-0.342913689037731,064,"Y51","Q35","00","KC","MR"
"MK443RX",10,52.1319841384088,-0.353453167161235,064,"Y51","Q35","00","KB","MK"
"MK443RY",10,52.1273945092364,-0.337786097150685,064,"Y51","Q35","00","KC","MR"
"MK443RZ",10,52.1257734459369,-0.420004649109177,064,"Y51","Q35","00","KB","MR"
"MK443SA",10,52.1249427917599,-0.431194655218716,064,"Y51","Q35","00","KB","MR"
"MK443SB",10,52.1288776802936,-0.412137224852263,064,"Y51","Q35","00","KB","MR"
"MK443SD",10,52.1328282103646,-0.417066700885638,064,"Y51","Q35","00","KB","MR"
"MK443SE",10,52.1208041031523,-0.404857830112693,064,"Y51","Q35","00","KB","MH"
"MK443SF",10,52.1185515025491,-0.411832321472797,064,"Y51","Q35","00","KB","MH"
"MK443SG",10,52.1277695759015,-0.422695160663353,064,"Y51","Q35","00","KB","MR"
"MK443SH",10,52.1192280251145,-0.409325203195261,064,"Y51","Q35","00","KB","MH"
"MK443SJ",10,52.1209949038494,-0.404339776772532,064,"Y51","Q35","00","KB","MH"
"MK443SL",10,52.1186967300367,-0.408599203918893,064,"Y51","Q35","00","KB","MH"
"MK443SN",10,52.1171430904265,-0.412072251383083,064,"Y51","Q35","00","KB","MH"
"MK443SP",10,52.1179953955665,-0.41326885914632,064,"Y51","Q35","00","KB","MH"
"MK443SR",10,52.1191680820211,-0.414220442976475,064,"Y51","Q35","00","KB","MH"
"MK443SS",10,52.1198596150392,-0.416167778270268,064,"Y51","Q35","00","KB","MH"
"MK443ST",10,52.1188125671035,-0.42122941048091,064,"Y51","Q35","00","KB","MH"
"MK443SU",10,52.1177082940154,-0.414651999658531,064,"Y51","Q35","00","KB","MH"
"MK443SW",10,52.120055011512,-0.403321668427311,064,"Y51","Q35","00","KB","MH"
"MK443SX",10,52.1167554245458,-0.413999346985,064,"Y51","Q35","00","KB","MH"
"MK443SY",10,52.1139997037887,-0.417689873819433,064,"Y51","Q35","00","KB","MH"
"MK443SZ",10,52.1134389522559,-0.413430636357152,064,"Y51","Q35","00","KB","MH"
"MK443TA",10,52.0916107651712,-0.383857259142863,064,"Y51","Q35","00","KB","MH"
"MK443TD",10,52.1026305354548,-0.405374907542942,064,"Y51","Q35","00","KB","MH"
"MK443TE",10,52.1181833864283,-0.413875633933059,064,"Y51","Q35","00","KB","MH"
"MK443TF",10,52.1135700740534,-0.41382030167256,064,"Y51","Q35","00","KB","MH"
"MK443TH",10,52.125357203046,-0.389897010084262,064,"Y51","Q35","00","KB","MK"
"MK443TJ",10,52.1278903101389,-0.390375460761474,064,"Y51","Q35","00","KB","MK"
"MK443TL",10,52.1281559460381,-0.389416286178805,064,"Y51","Q35","00","KB","MK"
"MK443TN",10,52.1296010580064,-0.388575251239208,064,"Y51","Q35","00","KB","MK"
"MK443TP",10,52.1314265944291,-0.385309721483851,064,"Y51","Q35","00","KB","MK"
"MK443TR",10,52.1305723031389,-0.393200816745564,064,"Y51","Q35","00","KB","MK"
"MK443TS",10,52.133305741335,-0.400480995293336,064,"Y51","Q35","00","KB","MK"
"MK443TT",10,52.1235082158154,-0.392110987354714,064,"Y51","Q35","00","KB","MK"
"MK443TU",10,52.1222519320844,-0.389001016795425,064,"Y51","Q35","00","KB","MK"
"MK443TW",10,52.1290061029459,-0.389780088729655,064,"Y51","Q35","00","KB","MK"
"MK443TX",10,52.1214914520453,-0.386647482953046,064,"Y51","Q35","00","KB","MK"
"MK443TY",10,52.1176028989849,-0.387649628267357,064,"Y51","Q35","00","KB","MK"
"MK443TZ",10,52.1062379157916,-0.382408561206051,064,"Y51","Q35","00","KB","MK"
"MK443UA",10,52.1188408297429,-0.382843328770142,064,"Y51","Q35","00","KB","MK"
"MK443UB",10,52.1130726828553,-0.37009799395805,064,"Y51","Q35","00","KB","MK"
"MK443UD",10,52.1037822643462,-0.36344268593365,064,"Y51","Q35","00","KB","MK"
"MK443UE",10,52.1202670286855,-0.387845624437061,064,"Y51","Q35","00","KB","MK"
"MK443UG",10,52.1989226203646,-0.306292527128551,064,"Y51","Q35","00","KB","MY"
"MK443UH",10,52.1334368292114,-0.401528290307392,064,"Y51","Q35","00","KB","MK"
"MK443UJ",10,52.1236684857748,-0.388044251781935,064,"Y51","Q35","00","KB","MK"
"MK443UP",10,52.1289005579185,-0.419864817314535,064,"Y51","Q35","00","KB","MR"
"MK443US",10,52.1252914845249,-0.422285977643412,064,"Y51","Q35","00","KB","MR"
"MK443WA",10,52.1344263755372,-0.475586431539319,064,"Y51","Q35","00","KB","MD"
"MK443WE",10,52.1344263755372,-0.475586431539319,064,"Y51","Q35","00","KB","MD"
"MK443WG",10,52.1272168649403,-0.421034653587021,064,"Y51","Q35","00","KB","MR"
"MK443WH",10,52.1284351052898,-0.417339263779395,064,"Y51","Q35","00","KB","MR"
"MK443WJ",10,52.1284261664907,-0.418683636461722,064,"Y51","Q35","00","KB","MR"
"MK443WQ",10,52.1344263755372,-0.475586431539319,064,"Y51","Q35","00","KB","MD"
"MK443WU",10,52.1344263755372,-0.475586431539319,064,"Y51","Q35","00","KB","MD"
"MK443WW",10,52.1344263755372,-0.475586431539319,064,"Y51","Q35","00","KB","MD"
"MK443WY",10,52.1344263755372,-0.475586431539319,064,"Y51","Q35","00","KB","MD"
"MK443YD",10,52.1344263755372,-0.475586431539319,064,"Y51","Q35","00","KB","MD"
"MK443YN",10,52.1344263755372,-0.475586431539319,064,"Y51","Q35","00","KB","MD"
"MK443ZF",10,52.1344263755372,-0.475586431539319,064,"Y51","Q35","00","KB","MD"
"MK443ZG",10,52.1344263755372,-0.475586431539319,064,"Y51","Q35","00","KB","MD"
"MK445AB",90,49.7668057243776,-7.55715980363992,064,"","","","",""
"MK445AD",90,49.7668057243776,-7.55715980363992,064,"","","","",""
"MK445AF",90,49.7668057243776,-7.55715980363992,064,"","","","",""
"MK445AG",90,49.7668057243776,-7.55715980363992,064,"","","","",""
"MK451AA",10,52.0157031381439,-0.504237775499737,064,"Y51","Q35","00","KC","MF"
"MK451AB",10,52.0122836082429,-0.511826869359284,064,"Y51","Q35","00","KC","MG"
"MK451AD",10,52.0157212013435,-0.51704630589522,064,"Y51","Q35","00","KC","MG"
"MK451AE",10,51.99694862825,-0.502240948976777,064,"Y51","Q35","00","KC","MG"
"MK451AF",10,52.0073024213535,-0.504022496571864,064,"Y51","Q35","00","KC","MG"
"MK451AG",10,52.0103423982065,-0.500555300561157,064,"Y51","Q35","00","KC","MF"
"MK451AH",10,52.0100067598164,-0.510955316235546,064,"Y51","Q35","00","KC","MG"
"MK451AJ",10,52.0043884795601,-0.49760743066668,064,"Y51","Q35","00","KC","MG"
"MK451AL",10,52.0067875619743,-0.499595965329423,064,"Y51","Q35","00","KC","MG"
"MK451AN",10,52.0058460957951,-0.501215491867736,064,"Y51","Q35","00","KC","MG"
"MK451AP",10,52.0069419919235,-0.503961666869799,064,"Y51","Q35","00","KC","MG"
"MK451AQ",10,52.0055433775438,-0.499331620857684,064,"Y51","Q35","00","KC","MG"
"MK451AR",10,52.0077189487754,-0.505669565004872,064,"Y51","Q35","00","KC","MG"
"MK451AS",10,52.0074376328898,-0.502633865416358,064,"Y51","Q35","00","KC","MG"
"MK451AT",10,52.0092127411089,-0.500811612542064,064,"Y51","Q35","00","KC","MG"
"MK451AU",10,52.0085945252456,-0.503105205729285,064,"Y51","Q35","00","KC","MG"
"MK451AW",10,52.0070090040377,-0.502866714404905,064,"Y51","Q35","00","KC","MG"
"MK451AX",10,52.0077423326349,-0.504678039193754,064,"Y51","Q35","00","KC","MG"
"MK451AY",10,52.012031881012,-0.500484255537909,064,"Y51","Q35","00","KC","MF"
"MK451AZ",10,52.0119257920379,-0.501332930046443,064,"Y51","Q35","00","KC","MF"
"MK451BA",10,52.0145539686177,-0.500837100182369,064,"Y51","Q35","00","KC","MF"
"MK451BB",10,52.0085231461908,-0.504564593748067,064,"Y51","Q35","00","KC","MG"
"MK451BD",10,52.0139041752266,-0.501354260131864,064,"Y51","Q35","00","KC","MF"
"MK451BE",10,52.0156986353039,-0.501760618149648,064,"Y51","Q35","00","KC","MF"
"MK451BF",10,52.004377010134,-0.493892788591335,064,"Y51","Q35","00","KC","MF"
"MK451BG",10,52.0091827978934,-0.499166171047609,064,"Y51","Q35","00","KC","MF"
"MK451BJ",10,52.0108952363456,-0.498074349339657,064,"Y51","Q35","00","KC","MF"
"MK451BL",10,52.0092136389248,-0.503711070397973,064,"Y51","Q35","00","KC","MG"
"MK451BN",10,52.0049784301139,-0.498039313239005,064,"Y51","Q35","00","KC","MG"
"MK451BP",10,52.0044164073306,-0.492755103934732,064,"Y51","Q35","00","KC","MF"
"MK451BQ",10,52.0093920576656,-0.505016450597298,064,"Y51","Q35","00","KC","MG"
"MK451BS",10,52.0058601859228,-0.48964706670484,064,"Y51","Q35","00","KC","MF"
"MK451BT",10,52.006750114053,-0.490331014352255,064,"Y51","Q35","00","KC","MF"
"MK451BU",10,52.0058309965756,-0.492984398243455,064,"Y51","Q35","00","KC","MF"
"MK451BW",10,52.0045865781112,-0.497629935166186,064,"Y51","Q35","00","KC","MG"
"MK451BX",10,52.0065073438268,-0.492437180976645,064,"Y51","Q35","00","KC","MF"
"MK451BY",10,52.0073561270116,-0.494827230295384,064,"Y51","Q35","00","KC","MF"
"MK451BZ",10,52.0100807040694,-0.504017273301169,064,"Y51","Q35","00","KC","MG"
"MK451DA",10,52.0062437943321,-0.49081427014809,064,"Y51","Q35","00","KC","MF"
"MK451DB",10,52.0069001874608,-0.492220006931073,064,"Y51","Q35","00","KC","MF"
"MK451DD",10,52.0080246120226,-0.49436770522328,064,"Y51","Q35","00","KC","MF"
"MK451DE",10,52.0003609720868,-0.505433865916312,064,"Y51","Q35","00","KC","MG"
"MK451DF",10,52.0000220283324,-0.505649096256081,064,"Y51","Q35","00","KC","MG"
"MK451DG",10,52.000744918017,-0.505930942450393,064,"Y51","Q35","00","KC","MG"
"MK451DH",10,52.0084092278727,-0.496321752743589,064,"Y51","Q35","00","KC","MF"
"MK451DJ",10,52.0092394238113,-0.494443496884039,064,"Y51","Q35","00","KC","MF"
"MK451DL",10,52.0060436219791,-0.494142798426795,064,"Y51","Q35","00","KC","MF"
"MK451DN",10,52.0053650332556,-0.494515230632488,064,"Y51","Q35","00","KC","MF"
"MK451DP",10,52.0037145355922,-0.494118984306391,064,"Y51","Q35","00","KC","MF"
"MK451DQ",10,52.0002442503086,-0.504738519349461,064,"Y51","Q35","00","KC","MG"
"MK451DS",10,52.0046615270688,-0.495048744244032,064,"Y51","Q35","00","KC","MF"
"MK451DU",10,52.0074324870181,-0.497286951491764,064,"Y51","Q35","00","KC","MF"
"MK451DW",10,52.0052168604601,-0.492771921633324,064,"Y51","Q35","00","KC","MF"
"MK451DX",10,52.0092184561188,-0.498436463220017,064,"Y51","Q35","00","KC","MF"
"MK451DY",10,52.0083127720929,-0.500040336826398,064,"Y51","Q35","00","KC","MG"
"MK451DZ",10,52.0051486385461,-0.493764904316484,064,"Y51","Q35","00","KC","MF"
"MK451EA",10,52.0083425176196,-0.501671183426569,064,"Y51","Q35","00","KC","MG"
"MK451EB",10,52.0070740623054,-0.5009122175544,064,"Y51","Q35","00","KC","MG"
"MK451ED",10,52.0032089449505,-0.49184872025388,064,"Y51","Q35","00","KC","MF"
"MK451EE",10,52.0031583668233,-0.487203118461319,064,"Y51","Q35","00","KC","MF"
"MK451EF",10,52.0124021793634,-0.497790751748055,064,"Y51","Q35","00","KC","MF"
"MK451EG",10,52.0000479451351,-0.50627462746865,064,"Y51","Q35","00","KC","MG"
"MK451EJ",10,52.002824675905,-0.488525509900346,064,"Y51","Q35","00","KC","MF"
"MK451EL",10,52.0024204225297,-0.4885536948102,064,"Y51","Q35","00","KC","MF"
"MK451EN",10,52.0105204645925,-0.503244931111131,064,"Y51","Q35","00","KC","MG"
"MK451EP",10,52.0039417893424,-0.486593961338252,064,"Y51","Q35","00","KC","MF"
"MK451EQ",10,51.9993629079031,-0.50472418329428,064,"Y51","Q35","00","KC","MG"
"MK451ER",10,52.0048849253118,-0.485819135318951,064,"Y51","Q35","00","KC","MF"
"MK451ES",10,52.0074789030478,-0.488966074235699,064,"Y51","Q35","00","KC","MF"
"MK451ET",10,52.0050071841177,-0.486936818553213,064,"Y51","Q35","00","KC","MF"
"MK451EU",10,52.0042527634586,-0.488404560355083,064,"Y51","Q35","00","KC","MF"
"MK451EW",10,52.00243993279,-0.486571774157718,064,"Y51","Q35","00","KC","MF"
"MK451EX",10,52.0048021052987,-0.489172772941529,064,"Y51","Q35","00","KC","MF"
"MK451EY",10,52.0040407772528,-0.489402368797764,064,"Y51","Q35","00","KC","MF"
"MK451EZ",10,52.0092210302902,-0.492302278973725,064,"Y51","Q35","00","KC","MF"
"MK451FA",10,52.0120075106216,-0.50210247342923,064,"Y51","Q35","00","KC","MF"
"MK451FB",10,52.0132717805781,-0.499000216105935,064,"Y51","Q35","00","KC","MF"
"MK451FD",10,52.0125137445748,-0.498078442909553,064,"Y51","Q35","00","KC","MF"
"MK451FE",10,52.0116688348512,-0.498806144794221,064,"Y51","Q35","00","KC","MF"
"MK451FF",10,52.0122487827013,-0.499865010981249,064,"Y51","Q35","00","KC","MF"
"MK451FG",10,52.0130958419132,-0.500011540975329,064,"Y51","Q35","00","KC","MF"
"MK451FH",10,52.003506503795,-0.491212275520692,064,"Y51","Q35","00","KC","MF"
"MK451FJ",10,52.0117896735812,-0.499822080114097,064,"Y51","Q35","00","KC","MF"
"MK451FL",10,52.0065890229891,-0.496717854834176,064,"Y51","Q35","00","KC","MF"
"MK451FN",10,52.0064413815817,-0.495717513118296,064,"Y51","Q35","00","KC","MF"
"MK451FP",10,52.0063335142834,-0.497833687456393,064,"Y51","Q35","00","KC","MG"
"MK451FQ",10,51.9989157182499,-0.491512290293318,064,"Y51","Q35","00","KC","MF"
"MK451GB",10,52.0016862776887,-0.487398425223988,064,"Y51","Q35","00","KC","MF"
"MK451GZ",50,52.0016862776887,-0.487398425223988,064,"Y51","Q35","00","KC","MF"
"MK451HA",10,52.004671374046,-0.490196993402485,064,"Y51","Q35","00","KC","MF"
"MK451HB",10,52.0039618852776,-0.490963865407998,064,"Y51","Q35","00","KC","MF"
"MK451HD",10,52.0051925321566,-0.488066950786853,064,"Y51","Q35","00","KC","MF"
"MK451HE",10,52.0052470001012,-0.488808135597815,064,"Y51","Q35","00","KC","MF"
"MK451HF",10,52.007131397304,-0.488511549781302,064,"Y51","Q35","00","KC","MF"
"MK451HG",10,52.0092467864147,-0.493612741852608,064,"Y51","Q35","00","KC","MF"
"MK451HH",10,52.0077641124475,-0.492278391469838,064,"Y51","Q35","00","KC","MF"
"MK451HJ",10,52.007089240671,-0.489430856208627,064,"Y51","Q35","00","KC","MF"
"MK451HL",10,52.0082810132676,-0.489813258987886,064,"Y51","Q35","00","KC","MF"
"MK451HN",10,51.9981057754382,-0.497788626235209,064,"Y51","Q35","00","KC","MG"
"MK451HP",10,52.0016609752319,-0.495251351842366,064,"Y51","Q35","00","KC","MG"
"MK451HR",10,51.998109039596,-0.498749918521549,064,"Y51","Q35","00","KC","MG"
"MK451HS",10,51.9996359769443,-0.495100743905903,064,"Y51","Q35","00","KC","MG"
"MK451HU",10,51.9985986795572,-0.49695638389939,064,"Y51","Q35","00","KC","MG"
"MK451HW",10,52.0107102331713,-0.502612056030379,064,"Y51","Q35","00","KC","MG"
"MK451HX",10,51.9992261798866,-0.498217268575487,064,"Y51","Q35","00","KC","MG"
"MK451HY",10,52.0065124152479,-0.486521820486911,064,"Y51","Q35","00","KC","MF"
"MK451HZ",10,51.9981230253085,-0.495617610976606,064,"Y51","Q35","00","KC","MG"
"MK451JA",10,51.9983933260981,-0.494253839056415,064,"Y51","Q35","00","KC","MG"
"MK451JB",10,51.9999352821213,-0.493896189280315,064,"Y51","Q35","00","KC","MG"
"MK451JD",10,51.9999283923061,-0.49335743083996,064,"Y51","Q35","00","KC","MG"
"MK451JE",10,51.9972451477131,-0.494467157431101,064,"Y51","Q35","00","KC","MG"
"MK451JF",10,51.9965039352755,-0.493457822368104,064,"Y51","Q35","00","KC","MG"
"MK451JG",10,51.9974654675039,-0.492711788126544,064,"Y51","Q35","00","KC","MG"
"MK451JH",10,51.9970505257138,-0.49542049884472,064,"Y51","Q35","00","KC","MG"
"MK451JJ",10,51.9961164871253,-0.494097167694179,064,"Y51","Q35","00","KC","MG"
"MK451JL",10,51.9932206751637,-0.489839350580879,064,"Y51","Q35","00","KC","MF"
"MK451JN",10,52.0018464212226,-0.494283651254132,064,"Y51","Q35","00","KC","MG"
"MK451JP",10,51.9974690282857,-0.497212713195704,064,"Y51","Q35","00","KC","MG"
"MK451JQ",10,51.9984731483355,-0.493464552892813,064,"Y51","Q35","00","KC","MG"
"MK451JR",10,52.0020573318386,-0.493198543688874,064,"Y51","Q35","00","KC","MF"
"MK451JS",10,52.0030951873921,-0.493498763683144,064,"Y51","Q35","00","KC","MF"
"MK451JT",10,52.0019473637592,-0.490929636636643,064,"Y51","Q35","00","KC","MF"
"MK451JU",10,52.0015102497534,-0.488394969912227,064,"Y51","Q35","00","KC","MF"
"MK451JX",10,52.0005047638583,-0.488516244161854,064,"Y51","Q35","00","KC","MF"
"MK451JY",10,52.0005380782239,-0.489010416882396,064,"Y51","Q35","00","KC","MF"
"MK451JZ",10,52.0040739842821,-0.49691866681228,064,"Y51","Q35","00","KC","MG"
"MK451LA",10,52.0016647580666,-0.486423103775992,064,"Y51","Q35","00","KC","MF"
"MK451LB",10,52.0012938384895,-0.484847730472591,064,"Y51","Q35","00","KC","MF"
"MK451LD",10,52.0003029593773,-0.486104849469713,064,"Y51","Q35","00","KC","MF"
"MK451LE",10,52.0008680543039,-0.485299134853957,064,"Y51","Q35","00","KC","MF"
"MK451LF",10,52.0001027845407,-0.487320692918224,064,"Y51","Q35","00","KC","MF"
"MK451LG",10,51.9988915318519,-0.486822542522416,064,"Y51","Q35","00","KC","MF"
"MK451LH",10,51.9999021475288,-0.490605095564385,064,"Y51","Q35","00","KC","MF"
"MK451LJ",10,51.9991322819603,-0.48876640825121,064,"Y51","Q35","00","KC","MF"
"MK451LL",10,51.9981189041987,-0.489674534571183,064,"Y51","Q35","00","KC","MF"
"MK451LN",10,51.9986060709788,-0.490503017916633,064,"Y51","Q35","00","KC","MF"
"MK451LP",10,52.0005831787231,-0.489722706204306,064,"Y51","Q35","00","KC","MF"
"MK451LQ",10,52.0011214716322,-0.490331000084288,064,"Y51","Q35","00","KC","MF"
"MK451LR",10,52.0012164154394,-0.490021884028062,064,"Y51","Q35","00","KC","MF"
"MK451LS",10,52.0009098751509,-0.490658606015958,064,"Y51","Q35","00","KC","MF"
"MK451LT",10,51.9995148405291,-0.487748391458867,064,"Y51","Q35","00","KC","MF"
"MK451LU",10,52.0005131532043,-0.497606068604948,064,"Y51","Q35","00","KC","MG"
"MK451LW",10,51.9996920062062,-0.491748406291154,064,"Y51","Q35","00","KC","MF"
"MK451LX",10,52.0028575426782,-0.498124873099351,064,"Y51","Q35","00","KC","MG"
"MK451LY",10,51.9982442412547,-0.501600475193917,064,"Y51","Q35","00","KC","MG"
"MK451LZ",10,51.9991640320485,-0.499690618458987,064,"Y51","Q35","00","KC","MG"
"MK451NA",10,51.9977973526396,-0.502518523464332,064,"Y51","Q35","00","KC","MG"
"MK451NB",10,51.9981292564081,-0.500337011967307,064,"Y51","Q35","00","KC","MG"
"MK451ND",10,51.998321050922,-0.499864466893137,064,"Y51","Q35","00","KC","MG"
"MK451NE",10,52.0041648288089,-0.498401626743146,064,"Y51","Q35","00","KC","MG"
"MK451NF",10,52.0042942864327,-0.499387965806574,064,"Y51","Q35","00","KC","MG"
"MK451NG",10,52.0035422711437,-0.49823307073051,064,"Y51","Q35","00","KC","MG"
"MK451NH",10,51.9992841084695,-0.499235025028102,064,"Y51","Q35","00","KC","MG"
"MK451NJ",10,52.0003279697204,-0.499302087919301,064,"Y51","Q35","00","KC","MG"
"MK451NL",10,52.0002530166476,-0.499770750708877,064,"Y51","Q35","00","KC","MG"
"MK451NN",10,52.0025415181205,-0.499432013868619,064,"Y51","Q35","00","KC","MG"
"MK451NP",10,52.0040693280898,-0.501493370832514,064,"Y51","Q35","00","KC","MG"
"MK451NQ",10,52.0030287859742,-0.498862124184411,064,"Y51","Q35","00","KC","MG"
"MK451NR",10,52.0057044745191,-0.504221467567093,064,"Y51","Q35","00","KC","MG"
"MK451NS",10,52.0052328909596,-0.502488909374572,064,"Y51","Q35","00","KC","MG"
"MK451NT",10,51.9996777213992,-0.500489208145059,064,"Y51","Q35","00","KC","MG"
"MK451NU",10,51.9990370055548,-0.500306678567158,064,"Y51","Q35","00","KC","MG"
"MK451NW",10,52.0032692432625,-0.500092390818114,064,"Y51","Q35","00","KC","MG"
"MK451NX",10,51.999125678619,-0.500915530067046,064,"Y51","Q35","00","KC","MG"
"MK451NY",10,51.9963423651509,-0.495589899574421,064,"Y51","Q35","00","KC","MG"
"MK451NZ",10,51.9960178184707,-0.496227116541546,064,"Y51","Q35","00","KC","MG"
"MK451PA",10,52.004264559863,-0.505536944004298,064,"Y51","Q35","00","KC","MG"
"MK451PB",10,52.0038421413311,-0.505551013160953,064,"Y51","Q35","00","KC","MG"
"MK451PD",10,52.0036737119922,-0.505032157307167,064,"Y51","Q35","00","KC","MG"
"MK451PE",10,52.0041294933718,-0.504813010878332,064,"Y51","Q35","00","KC","MG"
"MK451PF",10,52.009031583888,-0.49155099290102,064,"Y51","Q35","00","KC","MF"
"MK451PG",10,52.0041427732242,-0.503734488993838,064,"Y51","Q35","00","KC","MG"
"MK451PH",10,52.0047355076518,-0.502971712397925,064,"Y51","Q35","00","KC","MG"
"MK451PJ",10,52.0031825339609,-0.505296183283113,064,"Y51","Q35","00","KC","MG"
"MK451PL",10,52.0031204038138,-0.503943400286751,064,"Y51","Q35","00","KC","MG"
"MK451PN",10,52.0038868650355,-0.503407945778461,064,"Y51","Q35","00","KC","MG"
"MK451PP",10,52.0045806047907,-0.50564296776293,064,"Y51","Q35","00","KC","MG"
"MK451PQ",10,52.0035947868882,-0.504481185332278,064,"Y51","Q35","00","KC","MG"
"MK451PR",10,52.0051758202481,-0.505783402696284,064,"Y51","Q35","00","KC","MG"
"MK451PS",10,52.0047558542518,-0.504573605948851,064,"Y51","Q35","00","KC","MG"
"MK451PT",10,51.9968418648037,-0.507998187508125,064,"Y51","Q35","00","KC","MG"
"MK451PU",10,52.0040025181355,-0.499776507209573,064,"Y51","Q35","00","KC","MG"
"MK451PW",10,52.0241413478379,-0.507410605002731,064,"Y51","Q35","00","KC","MA"
"MK451PX",10,51.9996473785909,-0.506593870915276,064,"Y51","Q35","00","KC","MG"
"MK451PY",10,52.0054746891083,-0.506662162862942,064,"Y51","Q35","00","KC","MG"
"MK451PZ",10,52.0048428429709,-0.507178533542424,064,"Y51","Q35","00","KC","MG"
"MK451QA",10,52.005018087686,-0.508236234079883,064,"Y51","Q35","00","KC","MG"
"MK451QB",10,52.005286979122,-0.50816901806811,064,"Y51","Q35","00","KC","MG"
"MK451QD",10,52.0064245461411,-0.505698107709676,064,"Y51","Q35","00","KC","MG"
"MK451QE",10,52.0061054847107,-0.50677229118751,064,"Y51","Q35","00","KC","MG"
"MK451QF",10,52.0044374766832,-0.507119176546123,064,"Y51","Q35","00","KC","MG"
"MK451QG",10,52.0065490124734,-0.504878074739142,064,"Y51","Q35","00","KC","MG"
"MK451QH",10,52.0016314389932,-0.498573808922511,064,"Y51","Q35","00","KC","MG"
"MK451QJ",10,52.0013799716924,-0.498596790385507,064,"Y51","Q35","00","KC","MG"
"MK451QN",10,52.0037912326565,-0.506499662711752,064,"Y51","Q35","00","KC","MG"
"MK451QP",10,52.0019234963186,-0.498913667250355,064,"Y51","Q35","00","KC","MG"
"MK451QQ",10,52.0021977343357,-0.497855596229178,064,"Y51","Q35","00","KC","MG"
"MK451QR",10,52.00180806453,-0.501146415546807,064,"Y51","Q35","00","KC","MG"
"MK451QS",10,52.002170800177,-0.499269594704487,064,"Y51","Q35","00","KC","MG"
"MK451QT",10,52.0020671277925,-0.501720481180458,064,"Y51","Q35","00","KC","MG"
"MK451QU",10,52.0024102346174,-0.501126301771176,064,"Y51","Q35","00","KC","MG"
"MK451QW",10,52.0043158940645,-0.50745830167607,064,"Y51","Q35","00","KC","MG"
"MK451QX",10,52.0014999821738,-0.500253503068849,064,"Y51","Q35","00","KC","MG"
"MK451QY",10,52.0026860575291,-0.495959954117649,064,"Y51","Q35","00","KC","MG"
"MK451QZ",10,52.0046763793642,-0.498326231841814,064,"Y51","Q35","00","KC","MG"
"MK451RA",10,51.9979517028654,-0.50334367136576,064,"Y51","Q35","00","KC","MG"
"MK451RB",10,51.9985250247782,-0.504591864943432,064,"Y51","Q35","00","KC","MG"
"MK451RD",10,51.9990031751879,-0.502594824197139,064,"Y51","Q35","00","KC","MG"
"MK451RE",10,51.999728847679,-0.503095030492951,064,"Y51","Q35","00","KC","MG"
"MK451RF",10,51.9997661976243,-0.50249652860274,064,"Y51","Q35","00","KC","MG"
"MK451RG",10,51.9997057035766,-0.501274902193484,064,"Y51","Q35","00","KC","MG"
"MK451RH",10,52.0003866285961,-0.501791156163744,064,"Y51","Q35","00","KC","MG"
"MK451RJ",10,51.9992397086175,-0.503519223166406,064,"Y51","Q35","00","KC","MG"
"MK451RL",10,51.9992440897092,-0.501741896774627,064,"Y51","Q35","00","KC","MG"
"MK451RN",10,51.9961583274342,-0.506564305542551,064,"Y51","Q35","00","KC","MG"
"MK451RP",10,52.0098979329842,-0.491798701858919,064,"Y51","Q35","00","KC","MF"
"MK451RQ",10,51.999995617659,-0.502153825222042,064,"Y51","Q35","00","KC","MG"
"MK451RR",10,51.9971738027129,-0.507229701536064,064,"Y51","Q35","00","KC","MG"
"MK451RS",10,51.9975829315344,-0.506167305193467,064,"Y51","Q35","00","KC","MG"
"MK451RT",10,51.9966969069578,-0.505075196421018,064,"Y51","Q35","00","KC","MG"
"MK451RU",10,52.0007632777503,-0.501006501423771,064,"Y51","Q35","00","KC","MG"
"MK451RW",10,51.9963716878354,-0.507081586192269,064,"Y51","Q35","00","KC","MG"
"MK451RX",10,52.0021902395174,-0.503624779682102,064,"Y51","Q35","00","KC","MG"
"MK451RY",10,52.001591100797,-0.50459166641427,064,"Y51","Q35","00","KC","MG"
"MK451RZ",10,52.0020374092532,-0.505042967795958,064,"Y51","Q35","00","KC","MG"
"MK451SA",10,52.0023090017855,-0.50448033397386,064,"Y51","Q35","00","KC","MG"
"MK451SB",10,52.0014370512934,-0.503081752771059,064,"Y51","Q35","00","KC","MG"
"MK451SD",10,51.999304159393,-0.508600979935467,064,"Y51","Q35","00","KC","MG"
"MK451SE",10,52.0009825298504,-0.504815892942864,064,"Y51","Q35","00","KC","MG"
"MK451SF",10,52.0004824796566,-0.504380962773957,064,"Y51","Q35","00","KC","MG"
"MK451SG",10,52.0009710668845,-0.503913083071051,064,"Y51","Q35","00","KC","MG"
"MK451SH",10,52.0012619523431,-0.505578671112734,064,"Y51","Q35","00","KC","MG"
"MK451SJ",10,52.0020541571212,-0.505654264158374,064,"Y51","Q35","00","KC","MG"
"MK451SL",10,52.0010289070449,-0.502804014852834,064,"Y51","Q35","00","KC","MG"
"MK451SN",10,52.0014356490526,-0.503679077796955,064,"Y51","Q35","00","KC","MG"
"MK451SP",10,52.0029055803675,-0.505436522849093,064,"Y51","Q35","00","KC","MG"
"MK451SQ",10,52.0004947226647,-0.503928963624507,064,"Y51","Q35","00","KC","MG"
"MK451SR",10,51.9989224591757,-0.506151851789227,064,"Y51","Q35","00","KC","MG"
"MK451SS",10,51.9980699836381,-0.506995960180325,064,"Y51","Q35","00","KC","MG"
"MK451ST",10,51.9975839661877,-0.507667620843167,064,"Y51","Q35","00","KC","MG"
"MK451SU",10,51.9979198293198,-0.507918651963189,064,"Y51","Q35","00","KC","MG"
"MK451SW",10,52.0020045316791,-0.504577888880132,064,"Y51","Q35","00","KC","MG"
"MK451SX",10,51.9984654934064,-0.507696575521459,064,"Y51","Q35","00","KC","MG"
"MK451SY",10,51.9991640765813,-0.506770190979875,064,"Y51","Q35","00","KC","MG"
"MK451SZ",10,51.9986791131118,-0.506815460656227,064,"Y51","Q35","00","KC","MG"
"MK451TA",10,51.998472338577,-0.506108567341251,064,"Y51","Q35","00","KC","MG"
"MK451TB",10,51.9978302136905,-0.506523239129121,064,"Y51","Q35","00","KC","MG"
"MK451TD",10,51.9989603789597,-0.505597045307154,064,"Y51","Q35","00","KC","MG"
"MK451TE",10,51.997294059445,-0.508915405269618,064,"Y51","Q35","00","KC","MG"
"MK451TF",10,51.9983227063739,-0.509201697926607,064,"Y51","Q35","00","KC","MG"
"MK451TG",10,52.0027612173524,-0.507524582010513,064,"Y51","Q35","00","KC","MG"
"MK451TH",10,52.0085801613793,-0.506223682341375,064,"Y51","Q35","00","KC","MG"
"MK451TJ",10,52.0046450961549,-0.494466542611259,064,"Y51","Q35","00","KC","MF"
"MK451TP",10,52.0007472480043,-0.507533293534559,064,"Y51","Q35","00","KC","MG"
"MK451TQ",10,52.0026074495437,-0.506743016992724,064,"Y51","Q35","00","KC","MG"
"MK451TR",10,52.0003554283866,-0.507123869725175,064,"Y51","Q35","00","KC","MG"
"MK451TS",10,52.0016654633101,-0.507619297472074,064,"Y51","Q35","00","KC","MG"
"MK451TT",10,52.0016434808478,-0.508013359753708,064,"Y51","Q35","00","KC","MG"
"MK451TU",10,52.0009008259868,-0.50830026764095,064,"Y51","Q35","00","KC","MG"
"MK451TW",10,52.0241413478379,-0.507410605002731,064,"Y51","Q35","00","KC","MA"
"MK451TX",10,52.0003364482272,-0.508464701757754,064,"Y51","Q35","00","KC","MG"
"MK451TY",10,52.0112431045801,-0.496445325859197,064,"Y51","Q35","00","KC","MF"
"MK451TZ",10,52.0115341171058,-0.495998440039485,064,"Y51","Q35","00","KC","MF"
"MK451UA",10,52.0094487479821,-0.496753161997069,064,"Y51","Q35","00","KC","MF"
"MK451UD",10,52.0104789644002,-0.494343613499085,064,"Y51","Q35","00","KC","MF"
"MK451UF",10,52.0102171582521,-0.485843148943465,064,"Y51","Q35","00","KC","MF"
"MK451UH",10,52.0103892172644,-0.497173338285416,064,"Y51","Q35","00","KC","MF"
"MK451UJ",10,52.0113580181287,-0.496995172063165,064,"Y51","Q35","00","KC","MF"
"MK451UL",10,52.0075005523474,-0.496279359414891,064,"Y51","Q35","00","KC","MF"
"MK451UN",10,52.0111919051546,-0.495252224548213,064,"Y51","Q35","00","KC","MF"
"MK451UP",10,52.0024444296724,-0.486221987676685,064,"Y51","Q35","00","KC","MF"
"MK451UQ",10,52.0096919495348,-0.485554896138849,064,"Y51","Q35","00","KC","MF"
"MK451UR",10,52.0094634407946,-0.49579102447622,064,"Y51","Q35","00","KC","MF"
"MK451US",10,52.0241413478379,-0.507410605002731,064,"Y51","Q35","00","KC","MA"
"MK451UT",10,52.0092228127963,-0.490335227033659,064,"Y51","Q35","00","KC","MF"
"MK451UU",10,52.0241413478379,-0.507410605002731,064,"Y51","Q35","00","KC","MA"
"MK451UX",10,52.0101634202239,-0.485160143320701,064,"Y51","Q35","00","KC","MF"
"MK451WA",10,52.0019620569062,-0.488569133784403,064,"Y51","Q35","00","KC","MF"
"MK451WB",10,52.0068666764597,-0.498748286641955,064,"Y51","Q35","00","KC","MG"
"MK451WD",10,52.0061029163247,-0.498788411648048,064,"Y51","Q35","00","KC","MG"
"MK451WH",10,52.0241413478379,-0.507410605002731,064,"Y51","Q35","00","KC","MA"
"MK451WP",10,52.0241413478379,-0.507410605002731,064,"Y51","Q35","00","KC","MA"
"MK451WS",10,52.0241413478379,-0.507410605002731,064,"Y51","Q35","00","KC","MA"
"MK451WU",10,52.0241413478379,-0.507410605002731,064,"Y51","Q35","00","KC","MA"
"MK451XA",10,52.0143018481654,-0.5001023576451,064,"Y51","Q35","00","KC","MF"
"MK451XB",10,52.0138452349604,-0.499549326357845,064,"Y51","Q35","00","KC","MF"
"MK451XD",10,52.0127000110971,-0.502822491208957,064,"Y51","Q35","00","KC","MF"
"MK451XE",10,52.013482958719,-0.502169775782087,064,"Y51","Q35","00","KC","MF"
"MK451XF",10,52.0136855825228,-0.503255890311428,064,"Y51","Q35","00","KC","MF"
"MK451XG",10,52.0139643833009,-0.503261158813977,064,"Y51","Q35","00","KC","MF"
"MK451XH",10,51.99899729978,-0.495078459793502,064,"Y51","Q35","00","KC","MG"
"MK451XJ",10,51.9984793675316,-0.495358030270132,064,"Y51","Q35","00","KC","MG"
"MK451XL",10,51.9984053596869,-0.495899482746523,064,"Y51","Q35","00","KC","MG"
"MK451XN",10,51.9989577559029,-0.495502227978704,064,"Y51","Q35","00","KC","MG"
"MK451XP",10,51.99926066877,-0.495987353361632,064,"Y51","Q35","00","KC","MG"
"MK451XQ",10,52.0142639349024,-0.5034843138594,064,"Y51","Q35","00","KC","MF"
"MK451XS",10,52.0142245687464,-0.499682356089439,064,"Y51","Q35","00","KC","MF"
"MK451XW",10,51.9987586647031,-0.496106145371963,064,"Y51","Q35","00","KC","MG"
"MK451XX",10,52.0241413478379,-0.507410605002731,064,"Y51","Q35","00","KC","MA"
"MK451YD",10,52.0241413478379,-0.507410605002731,064,"Y51","Q35","00","KC","MA"
"MK451YJ",10,52.0241413478379,-0.507410605002731,064,"Y51","Q35","00","KC","MA"
"MK451ZH",10,52.0241413478379,-0.507410605002731,064,"Y51","Q35","00","KC","MA"
"MK451ZP",10,52.0241413478379,-0.507410605002731,064,"Y51","Q35","00","KC","MA"
"MK451ZQ",10,52.0241413478379,-0.507410605002731,064,"Y51","Q35","00","KC","MA"
"MK451ZR",10,52.0241413478379,-0.507410605002731,064,"Y51","Q35","00","KC","MA"
"MK451ZU",10,52.0241413478379,-0.507410605002731,064,"Y51","Q35","00","KC","MA"
"MK452AA",10,52.0269307235655,-0.451826577396775,064,"Y51","Q35","00","KC","MP"
"MK452AB",10,52.0294152942859,-0.444539760210559,064,"Y51","Q35","00","KC","MP"
"MK452AD",10,52.0273317169693,-0.444043577884189,064,"Y51","Q35","00","KC","MP"
"MK452AE",10,52.0266419711207,-0.433383263494908,064,"Y51","Q35","00","KC","MP"
"MK452AF",10,52.0268880720984,-0.427558777796837,064,"Y51","Q35","00","KC","MP"
"MK452AG",10,52.0277776502503,-0.454698034895704,064,"Y51","Q35","00","KC","MP"
"MK452AH",10,52.0264460964175,-0.428128168174009,064,"Y51","Q35","00","KC","MP"
"MK452AJ",10,52.0276297753475,-0.426541567178222,064,"Y51","Q35","00","KC","MP"
"MK452AL",10,52.0282221561395,-0.426462469099758,064,"Y51","Q35","00","KC","MP"
"MK452AN",10,52.0268342150022,-0.459555240633555,064,"Y51","Q35","00","KC","MP"
"MK452AP",10,52.0366518372751,-0.438981740479195,064,"Y51","Q35","00","KC","MP"
"MK452AQ",10,52.028166209543,-0.454844983081451,064,"Y51","Q35","00","KC","MP"
"MK452AS",10,52.0276399729372,-0.454484135172934,064,"Y51","Q35","00","KC","MP"
"MK452AU",10,52.0296943885981,-0.457561943990275,064,"Y51","Q35","00","KC","MP"
"MK452AX",10,52.0261241050797,-0.457509867462437,064,"Y51","Q35","00","KC","MP"
"MK452AY",10,52.0267147932254,-0.457300055898755,064,"Y51","Q35","00","KC","MP"
"MK452AZ",10,52.0212107369015,-0.455142964558857,064,"Y51","Q35","00","KC","MP"
"MK452BA",10,52.0211843542429,-0.452447635190183,064,"Y51","Q35","00","KC","MP"
"MK452BB",10,52.0225990439203,-0.444484731525152,064,"Y51","Q35","00","KC","MP"
"MK452BD",10,52.0247416366358,-0.438565647140642,064,"Y51","Q35","00","KC","MP"
"MK452BE",10,52.0167562053066,-0.450064766509038,064,"Y51","Q35","00","KC","MF"
"MK452BG",10,52.0189177244569,-0.464068080259224,064,"Y51","Q35","00","KC","MP"
"MK452BH",10,52.0224294753071,-0.478318384491472,064,"Y51","Q35","00","KC","MP"
"MK452BJ",10,52.0276974317836,-0.475457537549156,064,"Y51","Q35","00","KC","MP"
"MK452BL",10,52.0306464515839,-0.475444707868661,064,"Y51","Q35","00","KC","MP"
"MK452BN",10,52.0313431133239,-0.473001143617511,064,"Y51","Q35","00","KC","MP"
"MK452BP",10,52.0309834497134,-0.475083388515011,064,"Y51","Q35","00","KC","MP"
"MK452BQ",10,52.0167488455024,-0.468062441445992,064,"Y51","Q35","00","KC","MP"
"MK452BS",10,52.031999307001,-0.472293635494942,064,"Y51","Q35","00","KC","MP"
"MK452BT",10,52.0309788874926,-0.467109695930305,064,"Y51","Q35","00","KC","MP"
"MK452BU",10,52.0264860184825,-0.495934189353899,064,"Y51","Q35","00","KC","MA"
"MK452BW",10,52.0322113844039,-0.47339432145768,064,"Y51","Q35","00","KC","MP"
"MK452BX",10,52.0256801735699,-0.495494801987955,064,"Y51","Q35","00","KC","MA"
"MK452BY",10,52.0250409554912,-0.43064070079122,064,"Y51","Q35","00","KC","MP"
"MK452BZ",10,52.0252929250878,-0.431331511494457,064,"Y51","Q35","00","KC","MP"
"MK452DA",10,52.0292516596865,-0.462212623435293,064,"Y51","Q35","00","KC","MP"
"MK452DB",10,52.0296985075553,-0.462692913232145,064,"Y51","Q35","00","KC","MP"
"MK452DD",10,52.0312024593899,-0.464944580590123,064,"Y51","Q35","00","KC","MP"
"MK452DE",10,52.0320665131812,-0.463632145251985,064,"Y51","Q35","00","KC","MP"
"MK452DF",10,52.0308992078933,-0.462374764781081,064,"Y51","Q35","00","KC","MP"
"MK452DG",10,52.0303950444166,-0.463704010155906,064,"Y51","Q35","00","KC","MP"
"MK452DH",10,52.0300842028676,-0.466761284769175,064,"Y51","Q35","00","KC","MP"
"MK452DJ",10,52.0293400830078,-0.469002422842862,064,"Y51","Q35","00","KC","MP"
"MK452DL",10,52.029234680662,-0.471965123476409,064,"Y51","Q35","00","KC","MP"
"MK452DN",10,52.0303351541181,-0.47431827322038,064,"Y51","Q35","00","KC","MP"
"MK452DP",10,52.0312682162556,-0.47138559134182,064,"Y51","Q35","00","KC","MP"
"MK452DQ",10,52.0326184840957,-0.464589949395582,064,"Y51","Q35","00","KC","MP"
"MK452DR",10,52.0320189932365,-0.468269503336582,064,"Y51","Q35","00","KC","MP"
"MK452DS",10,52.0329900967511,-0.467580304401683,064,"Y51","Q35","00","KC","MP"
"MK452DT",10,52.0328233332255,-0.470661968336553,064,"Y51","Q35","00","KC","MP"
"MK452DU",10,52.0334917161998,-0.470201815876353,064,"Y51","Q35","00","KC","MP"
"MK452DW",10,52.029806936045,-0.472412082373482,064,"Y51","Q35","00","KC","MP"
"MK452DX",10,52.0359578044854,-0.466239615208093,064,"Y51","Q35","00","KC","MP"
"MK452DY",10,52.0295077923421,-0.467378654328104,064,"Y51","Q35","00","KC","MP"
"MK452DZ",10,52.0322836063388,-0.468566595715282,064,"Y51","Q35","00","KC","MP"
"MK452EA",10,52.0431004616511,-0.458237834072525,064,"Y51","Q35","00","KC","MP"
"MK452EB",10,52.0450659128831,-0.46553411915592,064,"Y51","Q35","00","KC","MA"
"MK452ED",10,52.0314196083602,-0.465738910655699,064,"Y51","Q35","00","KC","MP"
"MK452EE",10,52.0316153110806,-0.464886709343856,064,"Y51","Q35","00","KC","MP"
"MK452EF",10,52.0306124231001,-0.469352555082426,064,"Y51","Q35","00","KC","MP"
"MK452EG",10,52.0313462617983,-0.468394534217262,064,"Y51","Q35","00","KC","MP"
"MK452EH",10,52.0323268586214,-0.492137487973274,064,"Y51","Q35","00","KC","MA"
"MK452EL",10,52.0343425818136,-0.49015989519548,064,"Y51","Q35","00","KC","MA"
"MK452EN",10,52.0317128716425,-0.492639203346716,064,"Y51","Q35","00","KC","MA"
"MK452EP",10,52.0333371426264,-0.488881729527401,064,"Y51","Q35","00","KC","MA"
"MK452ER",10,52.0338350478228,-0.485643134232183,064,"Y51","Q35","00","KC","MA"
"MK452ES",10,52.0329140089518,-0.484639212132917,064,"Y51","Q35","00","KC","MA"
"MK452ET",10,52.0321596382619,-0.492420090742027,064,"Y51","Q35","00","KC","MA"
"MK452EU",10,52.0335386036139,-0.493379607033888,064,"Y51","Q35","00","KC","MA"
"MK452EW",10,52.0326673766787,-0.4892396017528,064,"Y51","Q35","00","KC","MA"
"MK452EX",10,52.0350738870878,-0.494610925656013,064,"Y51","Q35","00","KC","MA"
"MK452EY",10,52.0413602013468,-0.486992716108295,064,"Y51","Q35","00","KC","MA"
"MK452EZ",10,52.0434126955647,-0.483686328680566,064,"Y51","Q35","00","KC","MP"
"MK452FB",10,52.1344263755372,-0.475586431539319,064,"Y51","Q35","00","KB","MD"
"MK452FE",10,52.0284143410126,-0.457999554687914,064,"Y51","Q35","00","KC","MP"
"MK452FF",30,52.0271014978208,-0.453875922449897,064,"Y51","Q35","00","KC","MP"
"MK452FG",10,52.0233973629818,-0.49909852806037,064,"Y51","Q35","00","KC","MA"
"MK452FH",10,52.0244885714603,-0.428998442830666,064,"Y51","Q35","00","KC","MP"
"MK452FJ",10,52.0252793988495,-0.429641211459136,064,"Y51","Q35","00","KC","MP"
"MK452FL",10,52.0245058178285,-0.428269069365651,064,"Y51","Q35","00","KC","MP"
"MK452FN",10,52.0207747365825,-0.508528272822104,064,"Y51","Q35","00","KC","MA"
"MK452FP",10,52.0258849013576,-0.429197303809322,064,"Y51","Q35","00","KC","MP"
"MK452FQ",10,52.0227788807374,-0.509875356504159,064,"Y51","Q35","00","KC","MA"
"MK452FR",10,52.0248943586614,-0.429086252803432,064,"Y51","Q35","00","KC","MP"
"MK452FW",10,52.0344452346273,-0.469542393226884,064,"Y51","Q35","00","KC","MP"
"MK452FX",50,52.0248943586614,-0.429086252803432,064,"Y51","Q35","00","KC","MP"
"MK452GA",10,52.0265258343376,-0.449071118419197,064,"Y51","Q35","00","KC","MP"
"MK452GQ",10,52.0316070254923,-0.501258112731558,064,"Y51","Q35","00","KC","MA"
"MK452GR",10,52.0310638787508,-0.500970147226999,064,"Y51","Q35","00","KC","MA"
"MK452GS",10,52.0310795388763,-0.50149441000888,064,"Y51","Q35","00","KC","MA"
"MK452GT",10,52.0312384420614,-0.501970153935792,064,"Y51","Q35","00","KC","MA"
"MK452GU",10,52.0314717484041,-0.501933202036471,064,"Y51","Q35","00","KC","MA"
"MK452GY",10,52.0324765840017,-0.493298680884854,064,"Y51","Q35","00","KC","MA"
"MK452GZ",50,52.0324765840017,-0.493298680884854,064,"Y51","Q35","00","KC","MA"
"MK452HA",10,52.0429794581556,-0.49548267535667,064,"Y51","Q35","00","KC","MA"
"MK452HD",10,52.0452585122859,-0.495814441536429,064,"Y51","Q35","00","KC","MP"
"MK452HE",10,52.0427949402782,-0.496524137866575,064,"Y51","Q35","00","KC","MA"
"MK452HF",10,52.0402494972541,-0.504934942852038,064,"Y51","Q35","00","KC","MA"
"MK452HJ",10,52.0337154128735,-0.495254260799205,064,"Y51","Q35","00","KC","MA"
"MK452HL",10,52.0301144202927,-0.471162547670339,064,"Y51","Q35","00","KC","MP"
"MK452HP",10,52.0318217517877,-0.494122462885224,064,"Y51","Q35","00","KC","MA"
"MK452HS",10,52.0318740465054,-0.493289778726811,064,"Y51","Q35","00","KC","MA"
"MK452HT",10,52.0315903579257,-0.493605443528366,064,"Y51","Q35","00","KC","MA"
"MK452HU",10,52.0311798093556,-0.495251914085968,064,"Y51","Q35","00","KC","MA"
"MK452HX",10,52.032068765647,-0.497977263521983,064,"Y51","Q35","00","KC","MA"
"MK452HY",10,52.0330073727029,-0.517422044176913,064,"Y51","Q35","00","KC","MA"
"MK452HZ",10,52.0247865238551,-0.52149805053661,064,"Y51","Q35","00","KC","MA"
"MK452JA",10,52.0343744261845,-0.523179046399093,064,"Y51","Q35","00","KC","MA"
"MK452JB",10,52.0361796654795,-0.52588957707988,064,"Y51","Q35","00","KC","MA"
"MK452JD",10,52.03881099954,-0.523484823265051,064,"Y51","Q35","00","KC","MA"
"MK452JE",10,52.0387459902624,-0.52116876694246,064,"Y51","Q35","00","KC","MA"
"MK452JF",10,52.0376014505506,-0.520958683045807,064,"Y51","Q35","00","KC","MA"
"MK452JG",10,52.0409302099037,-0.519682369173166,064,"Y51","Q35","00","KC","MA"
"MK452JH",10,52.0538424111979,-0.532673646692494,064,"Y51","Q35","00","KC","MN"
"MK452JJ",10,52.053589299583,-0.531121377692724,064,"Y51","Q35","00","KC","MN"
"MK452JL",10,52.0320864517795,-0.471386843213764,064,"Y51","Q35","00","KC","MP"
"MK452JN",10,52.0290855250306,-0.495307635163483,064,"Y51","Q35","00","KC","MA"
"MK452JP",10,52.030898690109,-0.493657841838382,064,"Y51","Q35","00","KC","MA"
"MK452JQ",10,52.0400880677182,-0.52926028264856,064,"Y51","Q35","00","KC","MA"
"MK452JR",10,52.0307908396491,-0.493661466014209,064,"Y51","Q35","00","KC","MA"
"MK452JS",10,52.0292314272418,-0.49476339596976,064,"Y51","Q35","00","KC","MA"
"MK452JT",10,52.0279064814455,-0.495216020741744,064,"Y51","Q35","00","KC","MA"
"MK452JW",10,52.026162255369,-0.493816982111181,064,"Y51","Q35","00","KC","MA"
"MK452JX",10,52.0289411082866,-0.495968434647708,064,"Y51","Q35","00","KC","MA"
"MK452JY",10,52.0258715731417,-0.494992804861193,064,"Y51","Q35","00","KC","MA"
"MK452JZ",10,52.026116523485,-0.494459853601169,064,"Y51","Q35","00","KC","MA"
"MK452LA",10,52.0289784170756,-0.497483162407661,064,"Y51","Q35","00","KC","MA"
"MK452LB",10,52.0292294406795,-0.498130705262765,064,"Y51","Q35","00","KC","MA"
"MK452LD",10,52.0298800274349,-0.496971901545692,064,"Y51","Q35","00","KC","MA"
"MK452LE",10,52.0295777363069,-0.49583046008812,064,"Y51","Q35","00","KC","MA"
"MK452LF",10,52.0298841141111,-0.495178790901619,064,"Y51","Q35","00","KC","MA"
"MK452LG",10,52.0310152940066,-0.494339060946299,064,"Y51","Q35","00","KC","MA"
"MK452LH",10,52.0298984199998,-0.498414410181719,064,"Y51","Q35","00","KC","MA"
"MK452LJ",10,52.0307414644437,-0.497540687268846,064,"Y51","Q35","00","KC","MA"
"MK452LL",10,52.0315665885099,-0.495967808787902,064,"Y51","Q35","00","KC","MA"
"MK452LN",10,52.0321622428279,-0.495437600703423,064,"Y51","Q35","00","KC","MA"
"MK452LP",10,52.032808667777,-0.496771654111251,064,"Y51","Q35","00","KC","MA"
"MK452LQ",10,52.0287452267733,-0.498234387029863,064,"Y51","Q35","00","KC","MA"
"MK452LR",10,52.0322763425198,-0.494515369373949,064,"Y51","Q35","00","KC","MA"
"MK452LS",10,52.0343773797537,-0.498512195538651,064,"Y51","Q35","00","KC","MA"
"MK452LT",10,52.0308837209098,-0.496005297977203,064,"Y51","Q35","00","KC","MA"
"MK452LU",10,52.0325499748891,-0.493412837081266,064,"Y51","Q35","00","KC","MA"
"MK452LW",10,52.0328076712065,-0.495284734327506,064,"Y51","Q35","00","KC","MA"
"MK452LX",10,52.0254610861735,-0.429780604610537,064,"Y51","Q35","00","KC","MP"
"MK452LY",10,52.0304860935647,-0.495144005697644,064,"Y51","Q35","00","KC","MA"
"MK452LZ",10,52.0304265302536,-0.495408394826612,064,"Y51","Q35","00","KC","MA"
"MK452NA",10,52.0322021127348,-0.492928884532227,064,"Y51","Q35","00","KC","MA"
"MK452NB",10,52.0331675983216,-0.494602059305412,064,"Y51","Q35","00","KC","MA"
"MK452ND",10,52.0169750134316,-0.504559677955589,064,"Y51","Q35","00","KC","MA"
"MK452NE",10,52.0326908864069,-0.494588913812752,064,"Y51","Q35","00","KC","MA"
"MK452NG",10,52.0309028336264,-0.493278691318917,064,"Y51","Q35","00","KC","MA"
"MK452NH",10,52.0313859244329,-0.493087523127497,064,"Y51","Q35","00","KC","MA"
"MK452NJ",10,52.0276597233431,-0.494903624633066,064,"Y51","Q35","00","KC","MA"
"MK452NL",10,52.0259758325817,-0.495412001868405,064,"Y51","Q35","00","KC","MA"
"MK452NN",10,52.0327875631299,-0.493710988749619,064,"Y51","Q35","00","KC","MA"
"MK452NP",10,52.0253062307741,-0.495784285184014,064,"Y51","Q35","00","KC","MA"
"MK452NQ",10,52.0290097686605,-0.494304382917989,064,"Y51","Q35","00","KC","MA"
"MK452NR",10,52.0245087328613,-0.493887104001434,064,"Y51","Q35","00","KC","MA"
"MK452NS",10,52.0235464667852,-0.496688669142704,064,"Y51","Q35","00","KC","MA"
"MK452NT",10,52.0185553655976,-0.498735942826715,064,"Y51","Q35","00","KC","MA"
"MK452NU",10,52.0191842707458,-0.497286682740203,064,"Y51","Q35","00","KC","MA"
"MK452NW",10,52.0161884961418,-0.502808051006458,064,"Y51","Q35","00","KC","MA"
"MK452NX",10,52.0176937227744,-0.505220646030647,064,"Y51","Q35","00","KC","MA"
"MK452NY",10,52.0204209911202,-0.499081556889049,064,"Y51","Q35","00","KC","MA"
"MK452NZ",10,52.0276711830326,-0.494393069275825,064,"Y51","Q35","00","KC","MA"
"MK452PA",10,52.0229567051187,-0.499798291989307,064,"Y51","Q35","00","KC","MA"
"MK452PB",10,52.017984719593,-0.502646074644633,064,"Y51","Q35","00","KC","MA"
"MK452PD",10,52.0225116442676,-0.498035078774898,064,"Y51","Q35","00","KC","MA"
"MK452PH",10,52.0322619144632,-0.496906612427563,064,"Y51","Q35","00","KC","MA"
"MK452PJ",10,52.0315303246039,-0.492426678483054,064,"Y51","Q35","00","KC","MA"
"MK452PL",10,52.0319904036505,-0.491842674058315,064,"Y51","Q35","00","KC","MA"
"MK452PN",10,52.0317326530256,-0.489970831770062,064,"Y51","Q35","00","KC","MA"
"MK452PP",10,52.0307854148392,-0.489725771460508,064,"Y51","Q35","00","KC","MA"
"MK452PR",10,52.0302358685444,-0.489642246154223,064,"Y51","Q35","00","KC","MA"
"MK452PS",10,52.0307283481569,-0.488080458355904,064,"Y51","Q35","00","KC","MA"
"MK452PT",10,52.0291157897068,-0.489942365411351,064,"Y51","Q35","00","KC","MA"
"MK452PU",10,52.0283902848816,-0.488057275592223,064,"Y51","Q35","00","KC","MA"
"MK452PX",10,52.0280618214259,-0.489788373105234,064,"Y51","Q35","00","KC","MA"
"MK452PY",10,52.0273675610094,-0.488937187191436,064,"Y51","Q35","00","KC","MA"
"MK452PZ",10,52.0325331648136,-0.487188641961753,064,"Y51","Q35","00","KC","MA"
"MK452QA",10,52.028500849595,-0.491070899149747,064,"Y51","Q35","00","KC","MA"
"MK452QB",10,52.0284850416203,-0.492645701110715,064,"Y51","Q35","00","KC","MA"
"MK452QD",10,52.0292182911252,-0.492329509970252,064,"Y51","Q35","00","KC","MA"
"MK452QE",10,52.0288927921902,-0.493594053393118,064,"Y51","Q35","00","KC","MA"
"MK452QF",10,52.0291612534494,-0.494197257437557,064,"Y51","Q35","00","KC","MA"
"MK452QG",10,52.0282168164927,-0.494170673960398,064,"Y51","Q35","00","KC","MA"
"MK452QH",10,52.029432088098,-0.492876241063845,064,"Y51","Q35","00","KC","MA"
"MK452QJ",10,52.0317155200892,-0.492143475099289,064,"Y51","Q35","00","KC","MA"
"MK452QL",10,52.0242268296797,-0.487323162624433,064,"Y51","Q35","00","KC","MA"
"MK452QP",10,52.0268440223549,-0.497919095286367,064,"Y51","Q35","00","KC","MA"
"MK452QQ",10,52.0275183014077,-0.492984306761054,064,"Y51","Q35","00","KC","MA"
"MK452QR",10,52.0277741232246,-0.498937428376669,064,"Y51","Q35","00","KC","MA"
"MK452QS",10,52.0250801841792,-0.499916722899264,064,"Y51","Q35","00","KC","MA"
"MK452QT",10,52.0254213409395,-0.499876157550678,064,"Y51","Q35","00","KC","MA"
"MK452QU",10,52.0257404554108,-0.500929504045553,064,"Y51","Q35","00","KC","MA"
"MK452QW",10,52.0237127636177,-0.508357671514381,064,"Y51","Q35","00","KC","MA"
"MK452QX",10,52.0247433868299,-0.502420374342278,064,"Y51","Q35","00","KC","MA"
"MK452QY",10,52.0226688580483,-0.510418274892481,064,"Y51","Q35","00","KC","MA"
"MK452RB",10,52.0236347311194,-0.51000723874842,064,"Y51","Q35","00","KC","MA"
"MK452RE",10,52.0255334254445,-0.504449144606536,064,"Y51","Q35","00","KC","MA"
"MK452RG",10,52.0236490213988,-0.503331424784552,064,"Y51","Q35","00","KC","MA"
"MK452RH",10,52.0252191306624,-0.498119287743285,064,"Y51","Q35","00","KC","MA"
"MK452RJ",10,52.0255025295739,-0.497074927403391,064,"Y51","Q35","00","KC","MA"
"MK452RL",10,52.0258074274963,-0.496306770725607,064,"Y51","Q35","00","KC","MA"
"MK452RN",10,52.0208598169832,-0.499649832399517,064,"Y51","Q35","00","KC","MA"
"MK452RP",10,52.0244665439045,-0.496920175289636,064,"Y51","Q35","00","KC","MA"
"MK452RQ",10,52.0233160273391,-0.50259922116734,064,"Y51","Q35","00","KC","MA"
"MK452RR",10,52.023961188661,-0.500303962111852,064,"Y51","Q35","00","KC","MA"
"MK452RS",10,52.0243839756226,-0.500318971397426,064,"Y51","Q35","00","KC","MA"
"MK452RT",10,52.0227391709096,-0.489107740229257,064,"Y51","Q35","00","KC","MA"
"MK452RU",10,52.0230899535266,-0.50179058198367,064,"Y51","Q35","00","KC","MA"
"MK452RW",10,52.0219642822865,-0.501653299403048,064,"Y51","Q35","00","KC","MA"
"MK452RX",10,52.0215221146857,-0.499409058416557,064,"Y51","Q35","00","KC","MA"
"MK452RY",10,52.0220333092902,-0.500718227477724,064,"Y51","Q35","00","KC","MA"
"MK452RZ",10,52.0220227391457,-0.499887836814317,064,"Y51","Q35","00","KC","MA"
"MK452SA",10,52.0265532367206,-0.493454024527572,064,"Y51","Q35","00","KC","MA"
"MK452SB",10,52.0261564806461,-0.493365325914121,064,"Y51","Q35","00","KC","MA"
"MK452SD",10,52.0257115701981,-0.490217356153946,064,"Y51","Q35","00","KC","MA"
"MK452SF",10,52.0245709618674,-0.488215221492764,064,"Y51","Q35","00","KC","MA"
"MK452SG",10,52.0230606668185,-0.48893658422785,064,"Y51","Q35","00","KC","MA"
"MK452SH",10,52.0237347315824,-0.488913868019369,064,"Y51","Q35","00","KC","MA"
"MK452SJ",10,52.0252113324205,-0.4876689108018,064,"Y51","Q35","00","KC","MA"
"MK452SL",10,52.0250521930158,-0.485779468223875,064,"Y51","Q35","00","KC","MA"
"MK452SN",10,52.0266111487335,-0.486747133991332,064,"Y51","Q35","00","KC","MA"
"MK452SP",10,52.026350503261,-0.487455574001601,064,"Y51","Q35","00","KC","MA"
"MK452SQ",10,52.024053634946,-0.48713952887335,064,"Y51","Q35","00","KC","MA"
"MK452SR",10,52.0258123864716,-0.486161913949771,064,"Y51","Q35","00","KC","MA"
"MK452SS",10,52.0259089996452,-0.486683378583124,064,"Y51","Q35","00","KC","MA"
"MK452ST",10,52.0257236211612,-0.487651630746852,064,"Y51","Q35","00","KC","MA"
"MK452SU",10,52.0259145712735,-0.489219369846067,064,"Y51","Q35","00","KC","MA"
"MK452SW",10,52.0263381564482,-0.485794339860524,064,"Y51","Q35","00","KC","MA"
"MK452SX",10,52.0263353206709,-0.488374366662068,064,"Y51","Q35","00","KC","MA"
"MK452SY",10,52.0232389607419,-0.485316006897888,064,"Y51","Q35","00","KC","MP"
"MK452SZ",10,52.0230784965082,-0.486123042811896,064,"Y51","Q35","00","KC","MA"
"MK452TA",10,52.0273971568201,-0.488440598041101,064,"Y51","Q35","00","KC","MA"
"MK452TB",10,52.0265852522334,-0.489634048349788,064,"Y51","Q35","00","KC","MA"
"MK452TD",10,52.0271756041524,-0.49009517296006,064,"Y51","Q35","00","KC","MA"
"MK452TE",10,52.0271361579611,-0.487720590797833,064,"Y51","Q35","00","KC","MA"
"MK452TG",10,52.0255911494397,-0.494156831642684,064,"Y51","Q35","00","KC","MA"
"MK452TH",10,52.0235829648624,-0.494617799372976,064,"Y51","Q35","00","KC","MA"
"MK452TJ",10,52.0232254656734,-0.492676770591822,064,"Y51","Q35","00","KC","MA"
"MK452TL",10,52.0224868093409,-0.492570429438756,064,"Y51","Q35","00","KC","MA"
"MK452TN",10,52.0232129228967,-0.487488541672425,064,"Y51","Q35","00","KC","MA"
"MK452TP",10,52.0226171480749,-0.495029165480844,064,"Y51","Q35","00","KC","MA"
"MK452TR",10,52.0212657640433,-0.493413059207026,064,"Y51","Q35","00","KC","MA"
"MK452TS",10,52.0219505785044,-0.492122073799065,064,"Y51","Q35","00","KC","MA"
"MK452TT",10,52.0229576507654,-0.4900185894775,064,"Y51","Q35","00","KC","MA"
"MK452TU",10,52.0227967489729,-0.491496055078123,064,"Y51","Q35","00","KC","MA"
"MK452TW",10,52.0228972449963,-0.486712152857005,064,"Y51","Q35","00","KC","MA"
"MK452TX",10,52.0236352016398,-0.491671896911573,064,"Y51","Q35","00","KC","MA"
"MK452TY",10,52.023444630136,-0.490832961367533,064,"Y51","Q35","00","KC","MA"
"MK452TZ",10,52.1344263755372,-0.475586431539319,064,"Y51","Q35","00","KB","MD"
"MK452UA",10,52.0245328965082,-0.490155018781697,064,"Y51","Q35","00","KC","MA"
"MK452UB",10,52.0243143949854,-0.489943748323256,064,"Y51","Q35","00","KC","MA"
"MK452UD",10,52.0249290343688,-0.491599220770251,064,"Y51","Q35","00","KC","MA"
"MK452UE",10,52.0235725742614,-0.503683775472572,064,"Y51","Q35","00","KC","MA"
"MK452UF",10,52.0232514261555,-0.503883965535815,064,"Y51","Q35","00","KC","MA"
"MK452UH",10,52.0237531219919,-0.486143990462614,064,"Y51","Q35","00","KC","MA"
"MK452UJ",10,52.0319248094371,-0.488127568754798,064,"Y51","Q35","00","KC","MA"
"MK452UL",10,52.0217884017377,-0.499137808393945,064,"Y51","Q35","00","KC","MA"
"MK452UN",10,52.0243072522165,-0.506311942988057,064,"Y51","Q35","00","KC","MA"
"MK452UP",10,52.0223435770876,-0.484909015187589,064,"Y51","Q35","00","KC","MP"
"MK452UQ",10,52.022759805183,-0.503404829366771,064,"Y51","Q35","00","KC","MA"
"MK452UR",10,52.0271919920533,-0.428772523590722,064,"Y51","Q35","00","KC","MP"
"MK452US",10,52.0275093152131,-0.428294958546168,064,"Y51","Q35","00","KC","MP"
"MK452UT",10,52.0271185864152,-0.427987979658833,064,"Y51","Q35","00","KC","MP"
"MK452UX",50,52.0270773432686,-0.428266374039726,064,"Y51","Q35","00","KC","MP"
"MK452UY",50,52.0271185864152,-0.427987979658833,064,"Y51","Q35","00","KC","MP"
"MK452WF",50,52.022759805183,-0.503404829366771,064,"Y51","Q35","00","KC","MA"
"MK452WH",50,52.022759805183,-0.503404829366771,064,"Y51","Q35","00","KC","MA"
"MK452WR",50,52.0270773432686,-0.428266374039726,064,"Y51","Q35","00","KC","MP"
"MK452WZ",50,52.022759805183,-0.503404829366771,064,"Y51","Q35","00","KC","MA"
"MK452XA",10,52.0297259593129,-0.475184472963584,064,"Y51","Q35","00","KC","MP"
"MK452XB",10,52.0297157706779,-0.486948451238548,064,"Y51","Q35","00","KC","MA"
"MK452XD",10,52.0290716534208,-0.487903104516068,064,"Y51","Q35","00","KC","MA"
"MK452XE",10,52.0314617848643,-0.486379302256898,064,"Y51","Q35","00","KC","MA"
"MK452XF",10,52.0289061500577,-0.486217787661715,064,"Y51","Q35","00","KC","MA"
"MK452XG",10,52.0283777563654,-0.484982046752704,064,"Y51","Q35","00","KC","MA"
"MK452XH",60,52.02793287166,-0.484647247456611,064,"","","","",""
"MK452XL",50,52.0304300931367,-0.486559910466101,064,"Y51","Q35","00","KC","MA"
"MK452XQ",10,52.0304566813383,-0.486529858356619,064,"Y51","Q35","00","KC","MA"
"MK452XS",10,52.1344263755372,-0.475586431539319,064,"Y51","Q35","00","KB","MD"
"MK452YE",10,52.1344263755372,-0.475586431539319,064,"Y51","Q35","00","KB","MD"
"MK452YQ",10,52.1344263755372,-0.475586431539319,064,"Y51","Q35","00","KB","MD"
"MK452YT",10,52.0404550630836,-0.527688133921573,064,"Y51","Q35","00","KC","MA"
"MK452YU",10,52.0391512732013,-0.529845066755529,064,"Y51","Q35","00","KC","MA"
"MK452ZF",10,52.1344263755372,-0.475586431539319,064,"Y51","Q35","00","KB","MD"
"MK452ZH",10,52.0318800925684,-0.49235660423624,064,"Y51","Q35","00","KC","MA"
"MK452ZN",50,52.0318533164216,-0.492372082493988,064,"Y51","Q35","00","KC","MA"
"MK452ZY",50,52.0318533164216,-0.492372082493988,064,"Y51","Q35","00","KC","MA"
"MK453AA",10,52.0979793999665,-0.417862636774163,064,"Y51","Q35","00","KB","MH"
"MK453AB",10,52.100394057777,-0.420244619848199,064,"Y51","Q35","00","KB","MH"
"MK453AD",10,52.0961164699961,-0.416395678298673,064,"Y51","Q35","00","KB","MH"
"MK453AE",10,52.0958422068605,-0.41739809883425,064,"Y51","Q35","00","KB","MH"
"MK453AF",10,52.0946221135211,-0.417601856069941,064,"Y51","Q35","00","KB","MH"
"MK453AG",10,52.0976859902701,-0.419449737238285,064,"Y51","Q35","00","KB","MH"
"MK453AH",10,52.095283578699,-0.415972619168748,064,"Y51","Q35","00","KB","MH"
"MK453AJ",10,52.0943761059267,-0.416690875500035,064,"Y51","Q35","00","KB","MH"
"MK453AL",10,52.0943658793362,-0.415260616594104,064,"Y51","Q35","00","KB","MH"
"MK453AN",10,52.0934132791412,-0.415965872738307,064,"Y51","Q35","00","KB","MH"
"MK453AP",10,52.0940395161676,-0.413724785854723,064,"Y51","Q35","00","KB","MH"
"MK453AQ",10,52.0620769579047,-0.477963305880321,064,"Y51","Q35","00","KC","MP"
"MK453AS",10,52.0890625434433,-0.405376960107825,064,"Y51","Q35","00","KB","MH"
"MK453AT",10,52.0932754160633,-0.413737289269758,064,"Y51","Q35","00","KB","MH"
"MK453AU",10,52.0931126455001,-0.417012961658326,064,"Y51","Q35","00","KB","MH"
"MK453AW",10,52.0938677003347,-0.415657817611874,064,"Y51","Q35","00","KB","MH"
"MK453AX",10,52.0939981390422,-0.41934650347071,064,"Y51","Q35","00","KB","MH"
"MK453AY",10,52.0969612267879,-0.41569420820091,064,"Y51","Q35","00","KB","MH"
"MK453AZ",10,52.0941814447632,-0.412245341858218,064,"Y51","Q35","00","KB","MH"
"MK453BA",10,52.0923192769079,-0.418194244309247,064,"Y51","Q35","00","KB","MH"
"MK453BE",10,52.0601417244852,-0.476409938997094,064,"Y51","Q35","00","KC","MP"
"MK453BF",10,52.0937560418887,-0.418055840622884,064,"Y51","Q35","00","KB","MH"
"MK453BH",10,52.0732472614939,-0.404758608641077,064,"Y51","Q35","00","KB","NB"
"MK453BJ",10,52.0645401714201,-0.423887967189475,064,"Y51","Q35","00","KC","MP"
"MK453BL",10,52.0633029845965,-0.42617807502017,064,"Y51","Q35","00","KC","MP"
"MK453BQ",10,52.0941697062201,-0.412041384984617,064,"Y51","Q35","00","KB","MH"
"MK453BS",10,52.0938792240253,-0.412504237625437,064,"Y51","Q35","00","KB","MH"
"MK453BT",10,52.0810119573263,-0.448248584258103,064,"Y51","Q35","00","KB","NB"
"MK453BU",10,52.0816333834605,-0.447643274210658,064,"Y51","Q35","00","KB","NB"
"MK453BW",10,52.0680433907421,-0.471414031261521,064,"Y51","Q35","00","KC","MP"
"MK453BX",10,52.0803379725712,-0.44622886204034,064,"Y51","Q35","00","KB","NB"
"MK453BY",10,52.0810374407561,-0.446087822690219,064,"Y51","Q35","00","KB","NB"
"MK453DA",10,52.0797914451291,-0.443650220473522,064,"Y51","Q35","00","KB","NB"
"MK453DB",10,52.0806001052632,-0.443607499773328,064,"Y51","Q35","00","KB","NB"
"MK453DD",10,52.0815412760299,-0.437270177586863,064,"Y51","Q35","00","KB","NB"
"MK453DG",10,52.0686881778353,-0.397436508358455,064,"Y51","Q35","00","KC","MP"
"MK453DH",10,52.0818941683845,-0.44083339744599,064,"Y51","Q35","00","KB","NB"
"MK453DJ",10,52.0820766411793,-0.436959596431094,064,"Y51","Q35","00","KB","NB"
"MK453DL",10,52.0825830813029,-0.435146806265165,064,"Y51","Q35","00","KB","NB"
"MK453DN",10,52.0801619900224,-0.433611599334242,064,"Y51","Q35","00","KB","NB"
"MK453DP",10,52.0827261171573,-0.431026198587309,064,"Y51","Q35","00","KB","NB"
"MK453DR",10,52.0859631842747,-0.425643729462961,064,"Y51","Q35","00","KB","NB"
"MK453DS",10,52.0836336265472,-0.422894342647435,064,"Y51","Q35","00","KB","NB"
"MK453DT",10,52.0864749433918,-0.420882154512268,064,"Y51","Q35","00","KB","NB"
"MK453DU",10,52.0868699004091,-0.416810602356855,064,"Y51","Q35","00","KB","MH"
"MK453DX",10,52.0797220347302,-0.441799279574946,064,"Y51","Q35","00","KB","NB"
"MK453DY",10,52.0795967330663,-0.445247662877837,064,"Y51","Q35","00","KB","NB"
"MK453EA",10,52.0795984506104,-0.441292817294424,064,"Y51","Q35","00","KB","NB"
"MK453EB",10,52.0787432689768,-0.442577606420736,064,"Y51","Q35","00","KB","NB"
"MK453ED",10,52.080092556091,-0.441261011922709,064,"Y51","Q35","00","KB","NB"
"MK453EE",10,52.0782485118879,-0.441879775281538,064,"Y51","Q35","00","KB","NB"
"MK453EF",10,52.0791306249054,-0.443994253691573,064,"Y51","Q35","00","KB","NB"
"MK453EH",10,52.0789901642902,-0.442890061759402,064,"Y51","Q35","00","KB","NB"
"MK453EJ",10,52.078853972837,-0.440749620236849,064,"Y51","Q35","00","KB","NB"
"MK453EL",10,52.0644254526767,-0.475315928291533,064,"Y51","Q35","00","KC","MP"
"MK453EP",10,52.0795569400807,-0.447686124431701,064,"Y51","Q35","00","KB","NB"
"MK453ER",10,52.0768311821203,-0.448948067560728,064,"Y51","Q35","00","KB","NB"
"MK453ES",10,52.0757060445577,-0.448855734527926,064,"Y51","Q35","00","KB","NB"
"MK453ET",10,52.0746903213845,-0.449562156365108,064,"Y51","Q35","00","KB","NB"
"MK453EU",10,52.0784942724468,-0.450291344960095,064,"Y51","Q35","00","KB","NB"
"MK453EW",10,52.0653030116305,-0.475038036696308,064,"Y51","Q35","00","KC","MP"
"MK453EX",10,52.0771648941979,-0.449709903811046,064,"Y51","Q35","00","KB","NB"
"MK453EY",10,52.0778720403093,-0.450152373267532,064,"Y51","Q35","00","KB","NB"
"MK453EZ",10,52.1344263755372,-0.475586431539319,064,"Y51","Q35","00","KB","MD"
"MK453FA",10,52.0759084267856,-0.450570586687767,064,"Y51","Q35","00","KB","NB"
"MK453FB",10,52.075894306708,-0.451548745201168,064,"Y51","Q35","00","KB","NB"
"MK453FD",10,52.0769077412903,-0.450667319278051,064,"Y51","Q35","00","KB","NB"
"MK453FF",50,52.0769077412903,-0.450667319278051,064,"Y51","Q35","00","KB","NB"
"MK453HA",10,52.079193717436,-0.449464497787951,064,"Y51","Q35","00","KB","NB"
"MK453HB",10,52.0792940802785,-0.448891885463471,064,"Y51","Q35","00","KB","NB"
"MK453HD",10,52.079430005374,-0.448288850863077,064,"Y51","Q35","00","KB","NB"
"MK453HE",10,52.0817039068925,-0.450953661525445,064,"Y51","Q35","00","KB","NB"
"MK453HG",10,52.0815171647196,-0.448377002549105,064,"Y51","Q35","00","KB","NB"
"MK453HH",10,52.0801482876419,-0.449577355071744,064,"Y51","Q35","00","KB","NB"
"MK453HJ",10,52.0807391454222,-0.449381757845882,064,"Y51","Q35","00","KB","NB"
"MK453HL",10,52.0820410550847,-0.45197816948529,064,"Y51","Q35","00","KB","NB"
"MK453HN",10,52.0818853539754,-0.450392806185056,064,"Y51","Q35","00","KB","NB"
"MK453HP",10,52.0854336667437,-0.452196469545446,064,"Y51","Q35","00","KB","NB"
"MK453HQ",10,52.0646917945984,-0.39448679738398,064,"Y51","Q35","00","KC","MP"
"MK453HR",10,52.0845011186646,-0.45581907480546,064,"Y51","Q35","00","KB","NB"
"MK453HS",10,52.0872461142002,-0.460832844855075,064,"Y51","Q35","00","KB","NB"
"MK453HT",10,52.0864809603084,-0.466974692324738,064,"Y51","Q35","00","KB","NB"
"MK453HU",10,52.0902557474032,-0.463400490553522,064,"Y51","Q35","00","KB","NB"
"MK453HW",10,52.0817394193531,-0.449551408756205,064,"Y51","Q35","00","KB","NB"
"MK453HX",10,52.1344263755372,-0.475586431539319,064,"Y51","Q35","00","KB","MD"
"MK453HZ",10,52.1344263755372,-0.475586431539319,064,"Y51","Q35","00","KB","MD"
"MK453JA",10,52.1132813733645,-0.479958823748879,064,"Y51","Q35","00","KB","NB"
"MK453JE",10,52.0955912053484,-0.484516349588029,064,"Y51","Q35","00","KB","NB"
"MK453JF",10,52.085923360191,-0.489952224565216,064,"Y51","Q35","00","KB","NC"
"MK453JG",10,52.0826433462667,-0.488691069071407,064,"Y51","Q35","00","KB","NC"
"MK453JH",10,52.0579845110266,-0.494657723032976,064,"Y51","Q35","00","KC","MP"
"MK453JJ",10,52.0821084111768,-0.488344286447516,064,"Y51","Q35","00","KC","MP"
"MK453JL",10,52.0539530182307,-0.499329113166314,064,"Y51","Q35","00","KC","MP"
"MK453JN",10,52.0799274717433,-0.444418940082506,064,"Y51","Q35","00","KB","NB"
"MK453JP",10,52.0729198640519,-0.489092368247745,064,"Y51","Q35","00","KC","MP"
"MK453JR",10,52.0533751569505,-0.501259064862192,064,"Y51","Q35","00","KC","MP"
"MK453JS",10,52.0571278675503,-0.497282806550586,064,"Y51","Q35","00","KC","MP"
"MK453JT",10,52.0553882876866,-0.49413240303475,064,"Y51","Q35","00","KC","MP"
"MK453JU",10,52.0607205901174,-0.480853892718263,064,"Y51","Q35","00","KC","MP"
"MK453JW",10,52.0763798624655,-0.4481319517049,064,"Y51","Q35","00","KB","NB"
"MK453JX",10,52.0604986068781,-0.478979698590254,064,"Y51","Q35","00","KC","MP"
"MK453JY",10,52.0614691786382,-0.481032718074331,064,"Y51","Q35","00","KC","MP"
"MK453LA",10,52.0610649560907,-0.478274862113521,064,"Y51","Q35","00","KC","MP"
"MK453LB",10,52.0611841897217,-0.477760256535641,064,"Y51","Q35","00","KC","MP"
"MK453LD",10,52.059987355348,-0.477684247684503,064,"Y51","Q35","00","KC","MP"
"MK453LE",10,52.0611046359883,-0.475779099229361,064,"Y51","Q35","00","KC","MP"
"MK453LF",10,52.0628815677933,-0.476214594474137,064,"Y51","Q35","00","KC","MP"
"MK453LG",10,52.0636125020911,-0.47572290122757,064,"Y51","Q35","00","KC","MP"
"MK453LH",10,52.0621252324918,-0.477524038404384,064,"Y51","Q35","00","KC","MP"
"MK453LJ",10,52.0632431381211,-0.476362756297324,064,"Y51","Q35","00","KC","MP"
"MK453LL",10,52.0629398887543,-0.475162286691194,064,"Y51","Q35","00","KC","MP"
"MK453LN",10,52.0631183596525,-0.47366824494978,064,"Y51","Q35","00","KC","MP"
"MK453LP",10,52.0600151766326,-0.468726963749822,064,"Y51","Q35","00","KC","MP"
"MK453LQ",10,52.0643542448521,-0.476762592903981,064,"Y51","Q35","00","KC","MP"
"MK453LR",10,52.0552526276849,-0.459978164367546,064,"Y51","Q35","00","KC","MP"
"MK453LS",10,52.064178520523,-0.475689042949517,064,"Y51","Q35","00","KC","MP"
"MK453LT",10,52.0642171997186,-0.473120196273394,064,"Y51","Q35","00","KC","MP"
"MK453LU",10,52.0639802062849,-0.473565923331022,064,"Y51","Q35","00","KC","MP"
"MK453LW",10,52.0655607525442,-0.465108953272427,064,"Y51","Q35","00","KC","MP"
"MK453LX",10,52.0649438218646,-0.474379201398768,064,"Y51","Q35","00","KC","MP"
"MK453LY",10,52.0636960902806,-0.476624515529628,064,"Y51","Q35","00","KC","MP"
"MK453LZ",10,52.0639511302338,-0.476878424550637,064,"Y51","Q35","00","KC","MP"
"MK453NA",10,52.0662532838158,-0.477602491745131,064,"Y51","Q35","00","KC","MP"
"MK453NB",10,52.0660382023114,-0.478353835765099,064,"Y51","Q35","00","KC","MP"
"MK453ND",10,52.0654872874935,-0.475381887511258,064,"Y51","Q35","00","KC","MP"
"MK453NE",10,52.067739272031,-0.478485677944128,064,"Y51","Q35","00","KC","MP"
"MK453NF",10,52.0672500708717,-0.474723695846207,064,"Y51","Q35","00","KC","MP"
"MK453NG",10,52.0787006091252,-0.482738973578533,064,"Y51","Q35","00","KC","MP"
"MK453NH",10,52.0638708643059,-0.477625149224989,064,"Y51","Q35","00","KC","MP"
"MK453NJ",10,52.0846061609296,-0.488902068240902,064,"Y51","Q35","00","KB","NC"
"MK453NP",10,52.068660833909,-0.47813338239155,064,"Y51","Q35","00","KC","MP"
"MK453NQ",10,52.0748233723004,-0.477704963396998,064,"Y51","Q35","00","KC","MP"
"MK453NR",10,52.0630022859989,-0.477902675229952,064,"Y51","Q35","00","KC","MP"
"MK453PA",10,52.0709700551559,-0.392671236043721,064,"Y51","Q35","00","KC","MP"
"MK453PB",10,52.0646510252933,-0.400746729745414,064,"Y51","Q35","00","KC","MP"
"MK453PD",10,52.0906351774531,-0.470452340305737,064,"Y51","Q35","00","KB","NB"
"MK453PH",10,52.0651855300386,-0.398393447412009,064,"Y51","Q35","00","KC","MP"
"MK453PJ",10,52.0664160984818,-0.39697804867632,064,"Y51","Q35","00","KC","MP"
"MK453PL",10,52.0635606996365,-0.399910387560751,064,"Y51","Q35","00","KC","MP"
"MK453PN",10,52.0655923752957,-0.399881540225861,064,"Y51","Q35","00","KC","MP"
"MK453PP",10,52.0666057379946,-0.399684839003802,064,"Y51","Q35","00","KC","MP"
"MK453PR",10,52.0679246524417,-0.395508838954713,064,"Y51","Q35","00","KC","MP"
"MK453PS",10,52.0687280175035,-0.39639920347148,064,"Y51","Q35","00","KC","MP"
"MK453PT",10,52.0687357241682,-0.394983712513028,064,"Y51","Q35","00","KC","MP"
"MK453PU",10,52.0703955964403,-0.394063361179386,064,"Y51","Q35","00","KC","MP"
"MK453PW",10,52.0668093360157,-0.402099369153211,064,"Y51","Q35","00","KC","MP"
"MK453PX",10,52.0712158872625,-0.392895858648825,064,"Y51","Q35","00","KC","MP"
"MK453PY",10,52.0652972198088,-0.401321783584975,064,"Y51","Q35","00","KC","MP"
"MK453QA",10,52.0712475988887,-0.389290824229518,064,"Y51","Q35","00","KC","MR"
"MK453QB",10,52.0649261008266,-0.393865673387349,064,"Y51","Q35","00","KC","MP"
"MK453QD",10,52.0625525290092,-0.389924578376232,064,"Y51","Q35","00","KC","MP"
"MK453QE",10,52.0643786849497,-0.393943665640781,064,"Y51","Q35","00","KC","MP"
"MK453QG",10,52.0599961130916,-0.379222111259547,064,"Y51","Q35","00","KC","MP"
"MK453QH",10,52.0664217832494,-0.398057437510033,064,"Y51","Q35","00","KC","MP"
"MK453QP",10,52.0578675920845,-0.42314554416489,064,"Y51","Q35","00","KC","MP"
"MK453QQ",10,52.0566073776146,-0.386506442448445,064,"Y51","Q35","00","KC","MP"
"MK453QR",10,52.0555898754799,-0.436425619995358,064,"Y51","Q35","00","KC","MP"
"MK453QS",10,52.0542251586695,-0.439288176936661,064,"Y51","Q35","00","KC","MP"
"MK453QT",10,52.0455813427612,-0.438378985953273,064,"Y51","Q35","00","KC","MP"
"MK453QU",10,52.0480643656142,-0.443921480244026,064,"Y51","Q35","00","KC","MP"
"MK453QX",10,52.0453567399792,-0.447238176854192,064,"Y51","Q35","00","KC","MP"
"MK453RA",10,52.0514223541124,-0.449696809148118,064,"Y51","Q35","00","KC","MP"
"MK453RB",10,52.0610284599427,-0.441764285584285,064,"Y51","Q35","00","KC","MP"
"MK453RD",10,52.0626224122162,-0.445355755628653,064,"Y51","Q35","00","KC","MP"
"MK453RJ",10,52.0585747037793,-0.411524381711288,064,"Y51","Q35","00","KC","MP"
"MK453WA",10,52.0744174282409,-0.445909116453982,064,"Y51","Q35","00","KB","NB"
"MK453WB",10,52.0741458870067,-0.445772630212474,064,"Y51","Q35","00","KB","NB"
"MK453WD",10,52.0727400769436,-0.446215406419179,064,"Y51","Q35","00","KB","NB"
"MK453WE",10,52.0734644416057,-0.446598815751423,064,"Y51","Q35","00","KB","NB"
"MK453WF",10,52.0732751321683,-0.446561612482069,064,"Y51","Q35","00","KB","NB"
"MK453WG",10,52.0736454843247,-0.446008877805745,064,"Y51","Q35","00","KB","NB"
"MK453WH",10,52.0732067870911,-0.44546964340051,064,"Y51","Q35","00","KB","NB"
"MK453WJ",10,52.0749625605472,-0.448385382424713,064,"Y51","Q35","00","KB","NB"
"MK453WL",10,52.0745521802028,-0.447947268763097,064,"Y51","Q35","00","KB","NB"
"MK453WN",10,52.0741647255294,-0.447201945734863,064,"Y51","Q35","00","KB","NB"
"MK453WP",10,52.0728981420129,-0.445246905465778,064,"Y51","Q35","00","KB","NB"
"MK453WQ",10,52.0738633413295,-0.446847616455419,064,"Y51","Q35","00","KB","NB"
"MK453WR",10,52.0747833909059,-0.448435369302079,064,"Y51","Q35","00","KB","NB"
"MK453WS",10,52.0739834848005,-0.447777301064146,064,"Y51","Q35","00","KB","NB"
"MK453WT",10,52.0748844762177,-0.447235340497503,064,"Y51","Q35","00","KB","NB"
"MK453WU",10,52.0756379505383,-0.448464110531683,064,"Y51","Q35","00","KB","NB"
"MK453WW",10,52.0753563397833,-0.449612042665394,064,"Y51","Q35","00","KB","NB"
"MK453WX",10,52.0754895056293,-0.447433227909053,064,"Y51","Q35","00","KB","NB"
"MK453WY",10,52.0731707826893,-0.444785107245447,064,"Y51","Q35","00","KB","NB"
"MK453XA",10,52.073850215453,-0.445170057961567,064,"Y51","Q35","00","KB","NB"
"MK453XN",10,52.1344263755372,-0.475586431539319,064,"Y51","Q35","00","KB","MD"
"MK453XQ",10,52.1344263755372,-0.475586431539319,064,"Y51","Q35","00","KB","MD"
"MK453XR",10,52.1344263755372,-0.475586431539319,064,"Y51","Q35","00","KB","MD"
"MK453XS",10,52.1344263755372,-0.475586431539319,064,"Y51","Q35","00","KB","MD"
"MK453YR",10,52.1344263755372,-0.475586431539319,064,"Y51","Q35","00","KB","MD"
"MK453YW",10,52.1344263755372,-0.475586431539319,064,"Y51","Q35","00","KB","MD"
"MK453ZQ",10,52.1344263755372,-0.475586431539319,064,"Y51","Q35","00","KB","MD"
"MK453ZS",10,52.1344263755372,-0.475586431539319,064,"Y51","Q35","00","KB","MD"
"MK453ZZ",10,52.1344263755372,-0.475586431539319,064,"Y51","Q35","00","KB","MD"
"MK454AA",10,52.0286292924234,-0.420602908217404,064,"Y51","Q35","00","KC","MP"
"MK454AB",10,52.0277092517751,-0.422399070915677,064,"Y51","Q35","00","KC","MP"
"MK454AD",10,52.0272397147063,-0.424266781686431,064,"Y51","Q35","00","KC","MP"
"MK454AE",10,52.0287227181579,-0.426240824271408,064,"Y51","Q35","00","KC","MP"
"MK454AF",10,52.0310029618359,-0.414571647470955,064,"Y51","Q35","00","KC","MP"
"MK454AG",10,52.0287880283814,-0.425072388979194,064,"Y51","Q35","00","KC","MP"
"MK454AH",10,52.0293117237379,-0.421876213856035,064,"Y51","Q35","00","KC","MP"
"MK454AJ",10,52.0298363102852,-0.421435009179023,064,"Y51","Q35","00","KC","MP"
"MK454AL",10,52.0295895551083,-0.421137580489854,064,"Y51","Q35","00","KC","MP"
"MK454AN",10,52.0291638190439,-0.42224584344123,064,"Y51","Q35","00","KC","MP"
"MK454AP",10,52.021557122618,-0.431680821983176,064,"Y51","Q35","00","KC","MX"
"MK454AQ",10,52.0295906709848,-0.423907180262007,064,"Y51","Q35","00","KC","MP"
"MK454AR",10,52.0256382697845,-0.422850915184174,064,"Y51","Q35","00","KC","MP"
"MK454AS",10,52.0224227330277,-0.411726907002988,064,"Y51","Q35","00","KC","MP"
"MK454AU",10,52.0179670454423,-0.398083803087303,064,"Y51","Q35","00","KC","MX"
"MK454AW",10,52.0290539906825,-0.42344501247502,064,"Y51","Q35","00","KC","MP"
"MK454AY",10,52.0279918911117,-0.424706792234125,064,"Y51","Q35","00","KC","MP"
"MK454AZ",10,52.0290005031958,-0.420793905693526,064,"Y51","Q35","00","KC","MP"
"MK454BA",10,52.0286728397925,-0.4178172138011,064,"Y51","Q35","00","KC","MP"
"MK454BB",10,52.0316403928796,-0.413164217194062,064,"Y51","Q35","00","KC","MP"
"MK454BD",10,52.0277837929899,-0.425282586393543,064,"Y51","Q35","00","KC","MP"
"MK454BE",10,52.0302267873022,-0.415692394732558,064,"Y51","Q35","00","KC","MP"
"MK454BG",10,52.03176118724,-0.414122073618994,064,"Y51","Q35","00","KC","MP"
"MK454BH",10,52.0314893072175,-0.405968188186483,064,"Y51","Q35","00","KC","MP"
"MK454BJ",10,52.0317069888129,-0.410100531058204,064,"Y51","Q35","00","KC","MP"
"MK454BL",10,52.0315416835322,-0.40784685005617,064,"Y51","Q35","00","KC","MP"
"MK454BN",10,52.0323701304,-0.410601815907265,064,"Y51","Q35","00","KC","MP"
"MK454BP",10,52.0324005159631,-0.409521967681232,064,"Y51","Q35","00","KC","MP"
"MK454BQ",10,52.0326835342937,-0.413841612546796,064,"Y51","Q35","00","KC","MP"
"MK454BS",10,52.0306508545273,-0.405137936723175,064,"Y51","Q35","00","KC","MP"
"MK454BT",10,52.0321023452573,-0.404094994226652,064,"Y51","Q35","00","KC","MP"
"MK454BU",10,52.0363741298333,-0.419498964480171,064,"Y51","Q35","00","KC","MP"
"MK454BX",10,52.0301600514317,-0.420767633025358,064,"Y51","Q35","00","KC","MP"
"MK454BY",10,52.0305358909406,-0.423990564976234,064,"Y51","Q35","00","KC","MP"
"MK454BZ",10,52.0316857200198,-0.421894677540682,064,"Y51","Q35","00","KC","MP"
"MK454DA",10,52.034022777285,-0.417817884116926,064,"Y51","Q35","00","KC","MP"
"MK454DB",10,52.0423843846795,-0.406440906094918,064,"Y51","Q35","00","KC","MP"
"MK454DD",10,52.0476022179129,-0.412642627447667,064,"Y51","Q35","00","KC","MP"
"MK454DE",10,52.0114038015083,-0.430185302425442,064,"Y51","Q35","00","KC","MX"
"MK454DF",10,52.0116511161336,-0.430526356145457,064,"Y51","Q35","00","KC","MX"
"MK454DG",10,52.0091988151503,-0.423297807281321,064,"Y51","Q35","00","KC","MX"
"MK454DH",10,52.0480533635417,-0.417439054730366,064,"Y51","Q35","00","KC","MP"
"MK454DJ",10,52.0457521526608,-0.414808033116731,064,"Y51","Q35","00","KC","MP"
"MK454DL",10,52.0097527916859,-0.43111731354068,064,"Y51","Q35","00","KC","MX"
"MK454DN",10,52.0316547401436,-0.405568705820906,064,"Y51","Q35","00","KC","MP"
"MK454DP",10,52.0096626613316,-0.422348987961029,064,"Y51","Q35","00","KC","MX"
"MK454DR",10,52.0075793029136,-0.424564026245816,064,"Y51","Q35","00","KC","MX"
"MK454DS",10,52.0061884436251,-0.424102936301282,064,"Y51","Q35","00","KC","MX"
"MK454DT",10,52.0053081396596,-0.426858287038398,064,"Y51","Q35","00","KC","MX"
"MK454DU",10,52.0072298226706,-0.427344555328845,064,"Y51","Q35","00","KC","MX"
"MK454DX",10,52.0106952761659,-0.428971571728006,064,"Y51","Q35","00","KC","MX"
"MK454DY",10,52.0098288497961,-0.424689013191758,064,"Y51","Q35","00","KC","MX"
"MK454EA",10,52.0095670078409,-0.428646821781195,064,"Y51","Q35","00","KC","MX"
"MK454EB",10,52.0084432070971,-0.42865704475428,064,"Y51","Q35","00","KC","MX"
"MK454ED",10,52.0093113309114,-0.427679557812171,064,"Y51","Q35","00","KC","MX"
"MK454EE",10,52.0091205410228,-0.426185495232036,064,"Y51","Q35","00","KC","MX"
"MK454EF",10,52.0081043548243,-0.426847656812039,064,"Y51","Q35","00","KC","MX"
"MK454EG",10,52.0115764714856,-0.424933634260341,064,"Y51","Q35","00","KC","MX"
"MK454EH",10,52.0082550715266,-0.425341650919488,064,"Y51","Q35","00","KC","MX"
"MK454EJ",10,52.0083606661862,-0.427188352135044,064,"Y51","Q35","00","KC","MX"
"MK454EL",10,52.0112358210929,-0.427029259065254,064,"Y51","Q35","00","KC","MX"
"MK454EN",10,52.0135901108863,-0.431638827463736,064,"Y51","Q35","00","KC","MX"
"MK454EP",10,52.0095322695697,-0.424699428021064,064,"Y51","Q35","00","KC","MX"
"MK454EQ",10,52.0066673266591,-0.423605318667637,064,"Y51","Q35","00","KC","MX"
"MK454ER",10,52.0106123279923,-0.424107806195911,064,"Y51","Q35","00","KC","MX"
"MK454ES",10,52.0118173101678,-0.426134592371146,064,"Y51","Q35","00","KC","MX"
"MK454ET",10,52.014620974877,-0.428702919575795,064,"Y51","Q35","00","KC","MX"
"MK454EU",10,52.0117594823576,-0.431236555066755,064,"Y51","Q35","00","KC","MX"
"MK454EW",10,52.0110494991477,-0.425870111674576,064,"Y51","Q35","00","KC","MX"
"MK454EX",10,52.0129244686644,-0.43161838729881,064,"Y51","Q35","00","KC","MX"
"MK454EY",10,52.0121771549697,-0.42951709706027,064,"Y51","Q35","00","KC","MX"
"MK454EZ",10,52.0131290967151,-0.432806109848481,064,"Y51","Q35","00","KC","MX"
"MK454FB",10,51.9666585050235,-0.430599197879452,064,"Y51","Q35","00","KC","MB"
"MK454FD",10,52.0074791265853,-0.423125128313312,064,"Y51","Q35","00","KC","MX"
"MK454FE",10,52.0256935839103,-0.421610028009512,064,"Y51","Q35","00","KC","MP"
"MK454FF",10,51.9742561812399,-0.44209746254287,064,"Y51","Q35","00","KC","MB"
"MK454FH",10,52.0053081396596,-0.426858287038398,064,"Y51","Q35","00","KC","MX"
"MK454FJ",10,52.006775985773,-0.427025362685416,064,"Y51","Q35","00","KC","MX"
"MK454FL",10,52.006795167746,-0.426441904981465,064,"Y51","Q35","00","KC","MX"
"MK454FN",10,51.9664875953684,-0.427897650580788,064,"Y51","Q35","00","KC","MB"
"MK454FP",10,52.0068808734717,-0.427473344578636,064,"Y51","Q35","00","KC","MX"
"MK454FR",10,51.9701373804338,-0.428512373888235,064,"Y51","Q35","00","KC","MB"
"MK454GA",10,52.0065440602857,-0.431885151946408,064,"Y51","Q35","00","KC","MX"
"MK454HA",10,52.0159874797109,-0.428013849579556,064,"Y51","Q35","00","KC","MX"
"MK454HB",10,52.0131216957028,-0.434278107481753,064,"Y51","Q35","00","KC","MX"
"MK454HD",10,52.0165185399489,-0.443631822029173,064,"Y51","Q35","00","KC","MF"
"MK454HE",10,52.012599500534,-0.430172599197,064,"Y51","Q35","00","KC","MX"
"MK454HF",10,51.9681198842829,-0.428932314093548,064,"Y51","Q35","00","KC","MB"
"MK454HH",10,51.997114015595,-0.392681155382065,064,"Y51","Q35","00","KC","MX"
"MK454HJ",10,51.9931413738531,-0.386880791066967,064,"Y51","Q35","00","KC","MX"
"MK454HL",10,51.9924983988801,-0.413018999624084,064,"Y51","Q35","00","KC","MX"
"MK454HN",10,51.9628200253075,-0.427298198528412,064,"Y51","Q35","00","KC","MB"
"MK454HP",10,52.0075587366209,-0.408319315804011,064,"Y51","Q35","00","KC","MX"
"MK454HR",10,52.0079999745249,-0.411698482377683,064,"Y51","Q35","00","KC","MX"
"MK454HS",10,52.0081431021337,-0.40831315287059,064,"Y51","Q35","00","KC","MX"
"MK454HT",10,52.015174280608,-0.410963540481912,064,"Y51","Q35","00","KC","MX"
"MK454HY",10,52.010522629823,-0.381024860369942,064,"Y51","Q35","00","KC","MX"
"MK454HZ",10,52.0117716870191,-0.377701229498055,064,"Y51","Q35","00","KC","MX"
"MK454JA",10,52.0125460155608,-0.378430945640145,064,"Y51","Q35","00","KC","MX"
"MK454JB",10,52.0141933808174,-0.377263906064574,064,"Y51","Q35","00","KC","MX"
"MK454JD",10,52.0109431086191,-0.378255754494887,064,"Y51","Q35","00","KC","MX"
"MK454JE",10,52.0095343276153,-0.375203146563108,064,"Y51","Q35","00","KC","MX"
"MK454JF",10,52.0099927704458,-0.380417441446288,064,"Y51","Q35","00","KC","MX"
"MK454JG",10,52.0100968896691,-0.383415262694677,064,"Y51","Q35","00","KC","MX"
"MK454JH",10,52.0110231664545,-0.38473699092938,064,"Y51","Q35","00","KC","MX"
"MK454JJ",10,52.010180375576,-0.384913046651383,064,"Y51","Q35","00","KC","MX"
"MK454JL",10,52.009143462575,-0.384047010211884,064,"Y51","Q35","00","KC","MX"
"MK454JN",10,51.9675370645411,-0.429054592780624,064,"Y51","Q35","00","KC","MB"
"MK454JP",10,52.0087695791937,-0.382355747861454,064,"Y51","Q35","00","KC","MX"
"MK454JR",10,52.0038993708691,-0.382589616041588,064,"Y51","Q35","00","KC","MX"
"MK454JS",10,51.9677219578375,-0.425394333916273,064,"Y51","Q35","00","KC","MB"
"MK454JT",10,51.9640390027879,-0.42700808610684,064,"Y51","Q35","00","KC","MB"
"MK454JU",10,51.9656704255745,-0.426630733812194,064,"Y51","Q35","00","KC","MB"
"MK454JW",10,51.9649374357954,-0.425608365384752,064,"Y51","Q35","00","KC","MB"
"MK454JX",10,51.965214743794,-0.427520058567752,064,"Y51","Q35","00","KC","MB"
"MK454JY",10,51.9637849147645,-0.425488635235966,064,"Y51","Q35","00","KC","MB"
"MK454JZ",10,51.9631585256984,-0.420343389988206,064,"Y51","Q35","00","KC","MB"
"MK454LA",10,51.9617203107552,-0.422387984103128,064,"Y51","Q35","00","KC","MB"
"MK454LB",10,51.9610648153702,-0.426486338675201,064,"Y51","Q35","00","KC","MB"
"MK454LD",10,51.962213402395,-0.426984660659332,064,"Y51","Q35","00","KC","MB"
"MK454LE",10,51.9583467316665,-0.428982899549271,064,"Y51","Q35","00","KC","MB"
"MK454LF",10,51.9613269570279,-0.427263123013125,064,"Y51","Q35","00","KC","MB"
"MK454LG",10,51.9576328981534,-0.432093230309446,064,"Y51","Q35","00","KC","MB"
"MK454LH",10,51.9630205156757,-0.426825407938632,064,"Y51","Q35","00","KC","MB"
"MK454LJ",10,52.010585711142,-0.376461878445264,064,"Y51","Q35","00","KC","MX"
"MK454LL",10,51.9674250509847,-0.427399028553629,064,"Y51","Q35","00","KC","MB"
"MK454LN",10,51.9691172872052,-0.428882877127449,064,"Y51","Q35","00","KC","MB"
"MK454LP",10,51.9706376167965,-0.427592285453028,064,"Y51","Q35","00","KC","MB"
"MK454LQ",10,51.9628823032847,-0.427921900123332,064,"Y51","Q35","00","KC","MB"
"MK454LR",10,51.9713275520933,-0.426738322922959,064,"Y51","Q35","00","KC","MB"
"MK454LS",10,51.9670972762669,-0.42642064271944,064,"Y51","Q35","00","KC","MB"
"MK454LT",10,51.9743027714941,-0.421960648174452,064,"Y51","Q35","00","KC","MB"
"MK454LU",10,51.9734796539713,-0.426298976255431,064,"Y51","Q35","00","KC","MB"
"MK454LW",10,51.9652449509649,-0.425743151619683,064,"Y51","Q35","00","KC","MB"
"MK454LX",10,51.9729543772663,-0.424672251825055,064,"Y51","Q35","00","KC","MB"
"MK454LY",10,51.9726477199147,-0.422586575016413,064,"Y51","Q35","00","KC","MB"
"MK454LZ",10,51.9717595336895,-0.422734230269385,064,"Y51","Q35","00","KC","MB"
"MK454NA",10,51.9720543383663,-0.423262538284876,064,"Y51","Q35","00","KC","MB"
"MK454NB",10,51.9723903162232,-0.424852176450293,064,"Y51","Q35","00","KC","MB"
"MK454ND",10,51.9712643334537,-0.425372075761741,064,"Y51","Q35","00","KC","MB"
"MK454NE",10,51.9730775981792,-0.425818066710001,064,"Y51","Q35","00","KC","MB"
"MK454NF",10,51.9698614291026,-0.431418996635388,064,"Y51","Q35","00","KC","MB"
"MK454NG",10,51.9712914510792,-0.426055356266136,064,"Y51","Q35","00","KC","MB"
"MK454NH",10,51.9701959673284,-0.426166526765961,064,"Y51","Q35","00","KC","MB"
"MK454NJ",10,51.9698522469476,-0.423325270490881,064,"Y51","Q35","00","KC","MB"
"MK454NL",10,51.9928150326549,-0.411828030808494,064,"Y51","Q35","00","KC","MX"
"MK454NP",10,51.9692744981634,-0.42382594316595,064,"Y51","Q35","00","KC","MB"
"MK454NR",10,51.9686083597482,-0.420413804409701,064,"Y51","Q35","00","KC","MB"
"MK454NS",10,51.9662605207325,-0.420336226796533,064,"Y51","Q35","00","KC","MB"
"MK454NT",10,51.9674114910167,-0.41966981413026,064,"Y51","Q35","00","KC","MB"
"MK454NU",10,51.9642053368911,-0.42129638452646,064,"Y51","Q35","00","KC","MB"
"MK454NW",10,51.9649948768685,-0.419827592389436,064,"Y51","Q35","00","KC","MB"
"MK454NX",10,51.965222209114,-0.423371297297336,064,"Y51","Q35","00","KC","MB"
"MK454NY",10,51.9659792885965,-0.423504851400991,064,"Y51","Q35","00","KC","MB"
"MK454NZ",10,51.9669336704511,-0.42427198192449,064,"Y51","Q35","00","KC","MB"
"MK454PA",10,51.9666883596735,-0.422067979171564,064,"Y51","Q35","00","KC","MB"
"MK454PB",10,51.9666477558187,-0.425752226263935,064,"Y51","Q35","00","KC","MB"
"MK454PD",10,51.9664722287645,-0.423385659247216,064,"Y51","Q35","00","KC","MB"
"MK454PE",10,51.9676982080498,-0.423619219058317,064,"Y51","Q35","00","KC","MB"
"MK454PF",10,51.9684871703878,-0.422776332618075,064,"Y51","Q35","00","KC","MB"
"MK454PG",10,51.9697171646404,-0.428017557645173,064,"Y51","Q35","00","KC","MB"
"MK454PH",10,51.9680557991134,-0.422121851619014,064,"Y51","Q35","00","KC","MB"
"MK454PJ",10,51.965588804377,-0.425905779088474,064,"Y51","Q35","00","KC","MB"
"MK454PL",10,51.9694853806749,-0.428840889089911,064,"Y51","Q35","00","KC","MB"
"MK454PP",10,51.967836766651,-0.426583983051962,064,"Y51","Q35","00","KC","MB"
"MK454PR",10,51.9697106505906,-0.426183528917422,064,"Y51","Q35","00","KC","MB"
"MK454PS",10,51.9697022867847,-0.425557845470054,064,"Y51","Q35","00","KC","MB"
"MK454PT",10,51.9709469218167,-0.423825496034294,064,"Y51","Q35","00","KC","MB"
"MK454PU",10,51.9714234152648,-0.424493010404684,064,"Y51","Q35","00","KC","MB"
"MK454PX",10,51.9716597340202,-0.421325585824164,064,"Y51","Q35","00","KC","MB"
"MK454PY",10,51.9722673461354,-0.421711868024244,064,"Y51","Q35","00","KC","MB"
"MK454QA",10,51.9727765243621,-0.420121649069074,064,"Y51","Q35","00","KC","MB"
"MK454QB",10,51.9730748399712,-0.421581584845818,064,"Y51","Q35","00","KC","MB"
"MK454QD",10,51.9734030452075,-0.422589167684034,064,"Y51","Q35","00","KC","MB"
"MK454QE",10,51.9738700481621,-0.419864802644302,064,"Y51","Q35","00","KC","MB"
"MK454QG",10,51.9706890431394,-0.423368690775864,064,"Y51","Q35","00","KC","MB"
"MK454QH",10,51.9698253283888,-0.421986912611651,064,"Y51","Q35","00","KC","MB"
"MK454QJ",10,51.9704935407706,-0.420857043318437,064,"Y51","Q35","00","KC","MB"
"MK454QL",10,51.9697177038694,-0.420665951028345,064,"Y51","Q35","00","KC","MB"
"MK454QP",10,52.000246580017,-0.426234519591452,064,"Y51","Q35","00","KC","MX"
"MK454QQ",10,51.9707137088971,-0.421853800858254,064,"Y51","Q35","00","KC","MB"
"MK454QR",10,51.9898223499327,-0.425332908783656,064,"Y51","Q35","00","KC","MX"
"MK454QS",10,51.9893561180319,-0.412037785230349,064,"Y51","Q35","00","KC","MX"
"MK454QT",10,51.9855471317747,-0.432429272270036,064,"Y51","Q35","00","KC","MF"
"MK454QU",10,51.9910094279261,-0.428713926228737,064,"Y51","Q35","00","KC","MF"
"MK454QX",10,51.986639105986,-0.436789193944939,064,"Y51","Q35","00","KC","MF"
"MK454RA",50,51.9765215516865,-0.41310312200182,064,"Y51","Q35","00","KC","MX"
"MK454RB",10,51.9765215516865,-0.41310312200182,064,"Y51","Q35","00","KC","MX"
"MK454RE",10,51.9695612311666,-0.430483238358687,064,"Y51","Q35","00","KC","MB"
"MK454RF",10,51.9733820521353,-0.435168690850688,064,"Y51","Q35","00","KC","MB"
"MK454RG",10,51.9681748493427,-0.430356986859515,064,"Y51","Q35","00","KC","MB"
"MK454RH",10,51.968379407578,-0.432213155734136,064,"Y51","Q35","00","KC","MB"
"MK454RJ",10,51.9750008480294,-0.442654005391528,064,"Y51","Q35","00","KC","MB"
"MK454RN",10,51.9718862429748,-0.430198188639749,064,"Y51","Q35","00","KC","MB"
"MK454RP",10,51.9746207497446,-0.441109354025969,064,"Y51","Q35","00","KC","MB"
"MK454RS",10,51.9706328609097,-0.430605934784688,064,"Y51","Q35","00","KC","MB"
"MK454RU",10,52.0134999372649,-0.434323191258646,064,"Y51","Q35","00","KC","MX"
"MK454RW",10,51.9711777931084,-0.430339410067791,064,"Y51","Q35","00","KC","MB"
"MK454RX",10,51.9730444276239,-0.428046706262946,064,"Y51","Q35","00","KC","MB"
"MK454RY",10,51.9723161460585,-0.429397009715525,064,"Y51","Q35","00","KC","MB"
"MK454RZ",10,51.9720155434754,-0.428432111417975,064,"Y51","Q35","00","KC","MB"
"MK454SA",10,51.9709653822872,-0.428570756612541,064,"Y51","Q35","00","KC","MB"
"MK454SB",10,51.9673575584876,-0.432452609247842,064,"Y51","Q35","00","KC","MB"
"MK454SD",10,51.9655994812269,-0.429398907189662,064,"Y51","Q35","00","KC","MB"
"MK454SE",10,51.9649581833004,-0.440003564432648,064,"Y51","Q35","00","KC","MB"
"MK454SF",10,51.9663754161904,-0.432297640681453,064,"Y51","Q35","00","KC","MB"
"MK454SG",10,51.9643883730959,-0.455437974430547,064,"Y51","Q35","00","KC","MB"
"MK454SH",10,51.9628507787035,-0.454064404253607,064,"Y51","Q35","00","KC","MB"
"MK454SJ",10,51.9702366818144,-0.468120477784959,064,"Y51","Q35","00","KC","NE"
"MK454SL",10,51.9708014785833,-0.468683533500119,064,"Y51","Q35","00","KC","NE"
"MK454SN",10,51.9667293663815,-0.429170173755155,064,"Y51","Q35","00","KC","MB"
"MK454SP",10,51.9707213916408,-0.472209262813317,064,"Y51","Q35","00","KC","NE"
"MK454SQ",10,51.9667437242434,-0.430246862125119,064,"Y51","Q35","00","KC","MB"
"MK454SR",10,52.0152761236566,-0.427936775639983,064,"Y51","Q35","00","KC","MX"
"MK454TA",10,51.964176501998,-0.424514230685169,064,"Y51","Q35","00","KC","MB"
"MK454TB",10,51.9683147688682,-0.42467481402119,064,"Y51","Q35","00","KC","MB"
"MK454WL",10,52.1344263755372,-0.475586431539319,064,"Y51","Q35","00","KB","MD"
"MK454WQ",10,52.1344263755372,-0.475586431539319,064,"Y51","Q35","00","KB","MD"
"MK454WR",10,52.1344263755372,-0.475586431539319,064,"Y51","Q35","00","KB","MD"
"MK454WW",10,52.1344263755372,-0.475586431539319,064,"Y51","Q35","00","KB","MD"
"MK454WX",10,52.1344263755372,-0.475586431539319,064,"Y51","Q35","00","KB","MD"
"MK454WZ",10,52.1344263755372,-0.475586431539319,064,"Y51","Q35","00","KB","MD"
"MK454XN",10,52.1344263755372,-0.475586431539319,064,"Y51","Q35","00","KB","MD"
"MK454XR",10,52.1344263755372,-0.475586431539319,064,"Y51","Q35","00","KB","MD"
"MK454ZJ",10,52.1344263755372,-0.475586431539319,064,"Y51","Q35","00","KB","MD"
"MK455AA",10,51.9902917500746,-0.498457913627904,064,"Y51","Q35","00","KC","NE"
"MK455AB",10,51.9863567345362,-0.498007000370028,064,"Y51","Q35","00","KC","NE"
"MK455AD",10,51.9788023925162,-0.488751697344981,064,"Y51","Q35","00","KC","NE"
"MK455AE",10,51.9782510209034,-0.501190144543677,064,"Y51","Q35","00","KC","NE"
"MK455AF",10,51.9892189583746,-0.497532583731428,064,"Y51","Q35","00","KC","NE"
"MK455AH",10,51.9732217567731,-0.506613614054678,064,"Y51","Q35","00","KC","NE"
"MK455AL",10,51.9938594113304,-0.511054078347786,064,"Y51","Q35","00","KC","MG"
"MK455AN",10,51.9879918344632,-0.517059467865542,064,"Y51","Q35","00","KC","MG"
"MK455AP",10,52.0002448615681,-0.473243783070164,064,"Y51","Q35","00","KC","MF"
"MK455AQ",10,52.0241413478379,-0.507410605002731,064,"Y51","Q35","00","KC","MA"
"MK455AR",10,51.9945147110767,-0.525262825922432,064,"Y51","Q35","00","KC","MG"
"MK455AS",10,52.0071048361884,-0.529030488916942,064,"Y51","Q35","00","KC","MG"
"MK455AT",10,52.0083635939848,-0.531189283212215,064,"Y51","Q35","00","KC","MG"
"MK455AU",10,52.0076185552413,-0.527687800325521,064,"Y51","Q35","00","KC","MG"
"MK455AX",10,52.0054995658778,-0.528646045677922,064,"Y51","Q35","00","KC","MG"
"MK455AY",10,52.0029400281419,-0.527447971016109,064,"Y51","Q35","00","KC","MG"
"MK455BA",10,52.0072178648037,-0.524408218876688,064,"Y51","Q35","00","KC","MG"
"MK455BB",10,52.0025588346684,-0.484630199196669,064,"Y51","Q35","00","KC","MF"
"MK455BD",10,52.0018151162029,-0.484830129585277,064,"Y51","Q35","00","KC","MF"
"MK455BE",10,52.0022083204264,-0.484642036212695,064,"Y51","Q35","00","KC","MF"
"MK455BF",10,51.9989619247403,-0.460337350212213,064,"Y51","Q35","00","KC","MF"
"MK455BG",10,52.010134767073,-0.484330585639729,064,"Y51","Q35","00","KC","MF"
"MK455BH",10,51.9964574159967,-0.478645585428496,064,"Y51","Q35","00","KC","MF"
"MK455BJ",10,51.9957737959821,-0.485602153414653,064,"Y51","Q35","00","KC","MF"
"MK455BL",10,52.0032834572562,-0.48574206216839,064,"Y51","Q35","00","KC","MF"
"MK455BN",10,52.01061949064,-0.482172303789865,064,"Y51","Q35","00","KC","MF"
"MK455BP",10,52.0097962311933,-0.48387576723416,064,"Y51","Q35","00","KC","MF"
"MK455BQ",10,52.0095446374092,-0.448667475974794,064,"Y51","Q35","00","KC","MF"
"MK455BS",10,52.0084741379382,-0.485246324724496,064,"Y51","Q35","00","KC","MF"
"MK455BT",10,52.007578747186,-0.484140112669532,064,"Y51","Q35","00","KC","MF"
"MK455BU",10,52.0060868225941,-0.485589172434633,064,"Y51","Q35","00","KC","MF"
"MK455BW",10,52.0050279731456,-0.484357411993573,064,"Y51","Q35","00","KC","MF"
"MK455BX",10,52.007792762735,-0.486799165187113,064,"Y51","Q35","00","KC","MF"
"MK455BY",10,52.009561437916,-0.486593802565525,064,"Y51","Q35","00","KC","MF"
"MK455BZ",10,52.0088594660831,-0.483747153419786,064,"Y51","Q35","00","KC","MF"
"MK455DA",10,51.9997380463749,-0.473683476123167,064,"Y51","Q35","00","KC","MF"
"MK455DB",10,52.0023718054278,-0.466703170534174,064,"Y51","Q35","00","KC","MF"
"MK455DD",10,52.000915296882,-0.469477088393003,064,"Y51","Q35","00","KC","MF"
"MK455DE",10,52.0024266115994,-0.468842814631815,064,"Y51","Q35","00","KC","MF"
"MK455DF",10,52.0042945804304,-0.467977789955731,064,"Y51","Q35","00","KC","MF"
"MK455DG",10,52.0045549220927,-0.467255027877179,064,"Y51","Q35","00","KC","MF"
"MK455DH",10,51.984245135084,-0.505183981221784,064,"Y51","Q35","00","KC","NE"
"MK455DJ",10,52.0035682411622,-0.463296959041496,064,"Y51","Q35","00","KC","MF"
"MK455DL",10,52.0027545615944,-0.4636453266949,064,"Y51","Q35","00","KC","MF"
"MK455DN",10,52.006506520458,-0.457645349339893,064,"Y51","Q35","00","KC","MF"
"MK455DP",10,51.9997385766002,-0.471644041584805,064,"Y51","Q35","00","KC","MF"
"MK455DQ",10,52.0052785741647,-0.462757601542389,064,"Y51","Q35","00","KC","MF"
"MK455DR",10,52.0061118462172,-0.461155561724746,064,"Y51","Q35","00","KC","MF"
"MK455DT",10,52.0066625729961,-0.457202898581472,064,"Y51","Q35","00","KC","MF"
"MK455DU",10,52.0090828595565,-0.457323649602644,064,"Y51","Q35","00","KC","MF"
"MK455DX",10,52.0095521347221,-0.456768404482057,064,"Y51","Q35","00","KC","MF"
"MK455DY",10,52.0106339025756,-0.455609235940594,064,"Y51","Q35","00","KC","MF"
"MK455EA",10,52.0114957577847,-0.452767338874459,064,"Y51","Q35","00","KC","MF"
"MK455EB",10,52.0107008425717,-0.451803938626756,064,"Y51","Q35","00","KC","MF"
"MK455ED",10,52.0098044749812,-0.447915391222628,064,"Y51","Q35","00","KC","MF"
"MK455EE",10,52.0094504782661,-0.446980559149704,064,"Y51","Q35","00","KC","MF"
"MK455EF",10,52.0012366564006,-0.461016827303092,064,"Y51","Q35","00","KC","MF"
"MK455EG",10,52.001175108426,-0.463189532080394,064,"Y51","Q35","00","KC","MF"
"MK455EH",10,52.0101212603335,-0.453543280038059,064,"Y51","Q35","00","KC","MF"
"MK455EJ",10,52.011891834975,-0.458975595133079,064,"Y51","Q35","00","KC","MF"
"MK455EL",10,52.0118758245188,-0.457752162061816,064,"Y51","Q35","00","KC","MF"
"MK455EN",10,51.9848208840467,-0.498844745061619,064,"Y51","Q35","00","KC","NE"
"MK455EP",10,52.0020022007521,-0.46249107725195,064,"Y51","Q35","00","KC","MF"
"MK455EQ",10,52.0014421275386,-0.462291749705536,064,"Y51","Q35","00","KC","MF"
"MK455ER",10,52.0095353571948,-0.452747531156238,064,"Y51","Q35","00","KC","MF"
"MK455ES",10,52.0016787253906,-0.463886111747182,064,"Y51","Q35","00","KC","MF"
"MK455ET",10,51.9844711891878,-0.498215696510062,064,"Y51","Q35","00","KC","NE"
"MK455EU",10,52.0000884419587,-0.459847111083664,064,"Y51","Q35","00","KC","MF"
"MK455EW",10,51.9859730509626,-0.498238276820289,064,"Y51","Q35","00","KC","NE"
"MK455EX",10,51.9943593738098,-0.456984939158573,064,"Y51","Q35","00","KC","MF"
"MK455EY",10,51.9993111504497,-0.46229193281316,064,"Y51","Q35","00","KC","MF"
"MK455EZ",10,51.9945387622665,-0.456265057939439,064,"Y51","Q35","00","KC","MF"
"MK455FB",10,52.0017814057734,-0.469010509665326,064,"Y51","Q35","00","KC","MF"
"MK455FD",10,51.9833186969413,-0.494570082689418,064,"Y51","Q35","00","KC","NE"
"MK455GB",10,51.9835194128527,-0.506096418812197,064,"Y51","Q35","00","KC","NE"
"MK455GD",10,51.9831591678341,-0.506050156455789,064,"Y51","Q35","00","KC","NE"
"MK455HA",10,51.994053294666,-0.453528885675839,064,"Y51","Q35","00","KC","MF"
"MK455HB",10,51.995498928467,-0.452007918458142,064,"Y51","Q35","00","KC","MF"
"MK455HD",10,51.991910231806,-0.456035030592726,064,"Y51","Q35","00","KC","MF"
"MK455HE",10,51.9922943825999,-0.456531587960729,064,"Y51","Q35","00","KC","MF"
"MK455HF",10,51.994022089135,-0.455947822868038,064,"Y51","Q35","00","KC","MF"
"MK455HG",10,51.9935722929892,-0.45730330176586,064,"Y51","Q35","00","KC","MF"
"MK455HH",10,51.9854815624064,-0.466377147181795,064,"Y51","Q35","00","KC","MF"
"MK455HJ",10,51.9820885374154,-0.466128991892833,064,"Y51","Q35","00","KC","MF"
"MK455HL",10,51.9934559151745,-0.453913598582762,064,"Y51","Q35","00","KC","MF"
"MK455HN",10,51.9944797143731,-0.451766323404653,064,"Y51","Q35","00","KC","MF"
"MK455HP",10,51.9942917062133,-0.449777331094467,064,"Y51","Q35","00","KC","MF"
"MK455HQ",10,51.9896798355204,-0.455310719331763,064,"Y51","Q35","00","KC","MF"
"MK455HR",10,51.9938762107018,-0.439421113919218,064,"Y51","Q35","00","KC","MF"
"MK455HS",10,51.9916157242219,-0.456889909858948,064,"Y51","Q35","00","KC","MF"
"MK455HT",10,52.0022765688817,-0.469751156082174,064,"Y51","Q35","00","KC","MF"
"MK455HW",10,51.9964860047737,-0.451172730583809,064,"Y51","Q35","00","KC","MF"
"MK455JA",10,51.9845409382529,-0.497339626477282,064,"Y51","Q35","00","KC","NE"
"MK455JB",10,51.9838327916038,-0.495397446543634,064,"Y51","Q35","00","KC","NE"
"MK455JD",10,51.98461394952,-0.493201485812734,064,"Y51","Q35","00","KC","NE"
"MK455JE",10,51.9834856072207,-0.493559712288926,064,"Y51","Q35","00","KC","NE"
"MK455JF",10,51.9842494805985,-0.486515102258054,064,"Y51","Q35","00","KC","NE"
"MK455JG",10,51.9817929090502,-0.496193864801136,064,"Y51","Q35","00","KC","NE"
"MK455JH",10,51.9823727061728,-0.495126014103823,064,"Y51","Q35","00","KC","NE"
"MK455JJ",10,51.9820360722778,-0.494816942841114,064,"Y51","Q35","00","KC","NE"
"MK455JL",10,51.9821495164338,-0.498773871690144,064,"Y51","Q35","00","KC","NE"
"MK455JN",10,51.9821834406893,-0.500025028229126,064,"Y51","Q35","00","KC","NE"
"MK455JP",10,51.9819637907515,-0.49690165349448,064,"Y51","Q35","00","KC","NE"
"MK455JQ",10,51.9826725809826,-0.496077035666751,064,"Y51","Q35","00","KC","NE"
"MK455JR",10,52.007456111509,-0.485091289879331,064,"Y51","Q35","00","KC","MF"
"MK455JS",10,51.9840859118799,-0.497616972512216,064,"Y51","Q35","00","KC","NE"
"MK455JT",10,51.9836153227238,-0.49808413924584,064,"Y51","Q35","00","KC","NE"
"MK455JU",10,51.983172590552,-0.497210675088527,064,"Y51","Q35","00","KC","NE"
"MK455JW",10,51.9839863375603,-0.501799627894966,064,"Y51","Q35","00","KC","NE"
"MK455JX",10,51.9831664980913,-0.498142836802442,064,"Y51","Q35","00","KC","NE"
"MK455JY",10,51.9824140274311,-0.497658347532137,064,"Y51","Q35","00","KC","NE"
"MK455JZ",10,51.9832031542313,-0.496787358455708,064,"Y51","Q35","00","KC","NE"
"MK455LA",10,51.9800629807756,-0.49802821523621,064,"Y51","Q35","00","KC","NE"
"MK455LB",10,51.9810482886515,-0.493510424527229,064,"Y51","Q35","00","KC","NE"
"MK455LD",10,51.9813882196641,-0.494780412583714,064,"Y51","Q35","00","KC","NE"
"MK455LE",10,51.9799158614398,-0.499183437603365,064,"Y51","Q35","00","KC","NE"
"MK455LF",10,51.9808612981663,-0.49506017384707,064,"Y51","Q35","00","KC","NE"
"MK455LG",10,51.9795658367343,-0.494302748359114,064,"Y51","Q35","00","KC","NE"
"MK455LH",10,51.9798252422191,-0.495604519663696,064,"Y51","Q35","00","KC","NE"
"MK455LJ",10,51.9806409376073,-0.496814881432478,064,"Y51","Q35","00","KC","NE"
"MK455LL",10,51.981509084513,-0.49931948824008,064,"Y51","Q35","00","KC","NE"
"MK455LP",10,51.9831918177244,-0.500835931512834,064,"Y51","Q35","00","KC","NE"
"MK455LQ",10,51.9793659437503,-0.495547102235815,064,"Y51","Q35","00","KC","NE"
"MK455LR",10,51.9821989070092,-0.501946632473358,064,"Y51","Q35","00","KC","NE"
"MK455LS",10,51.9829836092087,-0.50213888074727,064,"Y51","Q35","00","KC","NE"
"MK455LT",10,51.9824463992761,-0.50090450235436,064,"Y51","Q35","00","KC","NE"
"MK455LU",10,51.9809861825401,-0.497094547775052,064,"Y51","Q35","00","KC","NE"
"MK455LW",10,51.979891177448,-0.497247679107025,064,"Y51","Q35","00","KC","NE"
"MK455LX",10,51.9839076679706,-0.505515581054245,064,"Y51","Q35","00","KC","NE"
"MK455NA",10,51.9830697182473,-0.504669761682795,064,"Y51","Q35","00","KC","NE"
"MK455NR",10,52.0241413478379,-0.507410605002731,064,"Y51","Q35","00","KC","MA"
"MK455RP",10,52.0162923046658,-0.489106340277491,064,"Y51","Q35","00","KC","MF"
"MK455WF",10,51.9987104674283,-0.514272652703093,064,"Y51","Q35","00","KC","MG"
"MK455YN",10,52.0241413478379,-0.507410605002731,064,"Y51","Q35","00","KC","MA"
"MK455YX",10,52.0241413478379,-0.507410605002731,064,"Y51","Q35","00","KC","MA"
"MK455YZ",10,52.0241413478379,-0.507410605002731,064,"Y51","Q35","00","KC","MA"
"MK455ZE",10,52.0241413478379,-0.507410605002731,064,"Y51","Q35","00","KC","MA"
"MK455ZF",10,52.0241413478379,-0.507410605002731,064,"Y51","Q35","00","KC","MA"
"MK455ZG",10,52.0241413478379,-0.507410605002731,064,"Y51","Q35","00","KC","MA"
"MK455ZH",10,52.0241413478379,-0.507410605002731,064,"Y51","Q35","00","KC","MA"
"MK456AA",10,52.1344263755372,-0.475586431539319,064,"Y51","Q35","00","KB","MD"
"MK456AB",10,52.1344263755372,-0.475586431539319,064,"Y51","Q35","00","KB","MD"
"MK459AB",10,52.0241413478379,-0.507410605002731,064,"Y51","Q35","00","KC","MA"
"MK459AJ",10,52.0241413478379,-0.507410605002731,064,"Y51","Q35","00","KC","MA"
"MK459AN",10,52.0241413478379,-0.507410605002731,064,"Y51","Q35","00","KC","MA"
"MK459AQ",10,52.0241413478379,-0.507410605002731,064,"Y51","Q35","00","KC","MA"
"MK459AS",10,52.0241413478379,-0.507410605002731,064,"Y51","Q35","00","KC","MA"
"MK459AW",10,52.0241413478379,-0.507410605002731,064,"Y51","Q35","00","KC","MA"
"MK459AX",10,52.0241413478379,-0.507410605002731,064,"Y51","Q35","00","KC","MA"
"MK459AY",10,52.0241413478379,-0.507410605002731,064,"Y51","Q35","00","KC","MA"
"MK459AZ",10,52.0241413478379,-0.507410605002731,064,"Y51","Q35","00","KC","MA"
"MK459BU",10,52.0241413478379,-0.507410605002731,064,"Y51","Q35","00","KC","MA"
"MK459DA",10,52.0241413478379,-0.507410605002731,064,"Y51","Q35","00","KC","MA"
"MK459DB",10,52.0241413478379,-0.507410605002731,064,"Y51","Q35","00","KC","MA"
"MK459DD",10,52.0241413478379,-0.507410605002731,064,"Y51","Q35","00","KC","MA"
"MK459DE",10,52.0241413478379,-0.507410605002731,064,"Y51","Q35","00","KC","MA"
"MK459DF",10,52.0241413478379,-0.507410605002731,064,"Y51","Q35","00","KC","MA"
"MK459DG",50,52.0241413478379,-0.507410605002731,064,"Y51","Q35","00","KC","MA"
"MK459DH",50,52.0241413478379,-0.507410605002731,064,"Y51","Q35","00","KC","MA"
"MK459DJ",50,52.0241413478379,-0.507410605002731,064,"Y51","Q35","00","KC","MA"
"MK459SA",10,52.0273695885142,-0.496123189933509,064,"Y51","Q35","00","KC","MA"
"MK459SB",10,52.0273695885142,-0.496123189933509,064,"Y51","Q35","00","KC","MA"
"MK459SD",10,52.0273695885142,-0.496123189933509,064,"Y51","Q35","00","KC","MA"
"MK459SE",10,52.0273695885142,-0.496123189933509,064,"Y51","Q35","00","KC","MA"
"MK459SF",10,52.0273695885142,-0.496123189933509,064,"Y51","Q35","00","KC","MA"
"MK459SG",10,52.0273695885142,-0.496123189933509,064,"Y51","Q35","00","KC","MA"
"MK459SH",10,52.0273695885142,-0.496123189933509,064,"Y51","Q35","00","KC","MA"
"MK459SJ",10,52.0273695885142,-0.496123189933509,064,"Y51","Q35","00","KC","MA"
"MK459SL",10,52.0273695885142,-0.496123189933509,064,"Y51","Q35","00","KC","MA"
"MK459SP",10,52.0273695885142,-0.496123189933509,064,"Y51","Q35","00","KC","MA"
"MK459SQ",10,52.0273695885142,-0.496123189933509,064,"Y51","Q35","00","KC","MA"
"MK459SR",10,52.0273695885142,-0.496123189933509,064,"Y51","Q35","00","KC","MA"
"MK459SS",10,52.0273695885142,-0.496123189933509,064,"Y51","Q35","00","KC","MA"
"MK459ST",10,52.0273695885142,-0.496123189933509,064,"Y51","Q35","00","KC","MA"
"MK459SU",10,52.0273695885142,-0.496123189933509,064,"Y51","Q35","00","KC","MA"
"MK459SW",10,52.0273695885142,-0.496123189933509,064,"Y51","Q35","00","KC","MA"
"MK459SX",10,52.0273695885142,-0.496123189933509,064,"Y51","Q35","00","KC","MA"
"MK459SY",10,52.0273695885142,-0.496123189933509,064,"Y51","Q35","00","KC","MA"
"MK459SZ",10,52.0273695885142,-0.496123189933509,064,"Y51","Q35","00","KC","MA"
"MK459TA",10,52.0273695885142,-0.496123189933509,064,"Y51","Q35","00","KC","MA"
"MK459TB",10,52.0273695885142,-0.496123189933509,064,"Y51","Q35","00","KC","MA"
"MK459TD",10,52.0273695885142,-0.496123189933509,064,"Y51","Q35","00","KC","MA"
"MK459TE",10,52.0273695885142,-0.496123189933509,064,"Y51","Q35","00","KC","MA"
"MK459TF",10,52.0273695885142,-0.496123189933509,064,"Y51","Q35","00","KC","MA"
"MK459TG",10,52.0273695885142,-0.496123189933509,064,"Y51","Q35","00","KC","MA"
"MK459TH",10,52.0273695885142,-0.496123189933509,064,"Y51","Q35","00","KC","MA"
"MK459TJ",10,52.0273695885142,-0.496123189933509,064,"Y51","Q35","00","KC","MA"
"MK459TL",10,52.0273695885142,-0.496123189933509,064,"Y51","Q35","00","KC","MA"
"MK464AA",10,52.1519785946869,-0.701897238393314,064,"Y52","Q38","00","MG","NS"
"MK464AB",10,52.1507008297036,-0.701802852569986,064,"Y52","Q38","00","MG","NS"
"MK464AD",10,52.1503680622144,-0.700160917826777,064,"Y52","Q38","00","MG","NS"
"MK464AE",10,52.1515027929084,-0.699513983977033,064,"Y52","Q38","00","MG","NS"
"MK464AF",10,52.1512607221732,-0.698760987314677,064,"Y52","Q38","00","MG","NS"
"MK464AJ",10,52.1525045534903,-0.701487289839887,064,"Y52","Q38","00","MG","NS"
"MK464AL",10,52.1523558918592,-0.700234579163547,064,"Y52","Q38","00","MG","NS"
"MK464AN",10,52.1525646474376,-0.69878144051348,064,"Y52","Q38","00","MG","NS"
"MK464AP",10,52.1530957884435,-0.699657589010399,064,"Y52","Q38","00","MG","NS"
"MK464AR",10,52.1534468381891,-0.700509767416492,064,"Y52","Q38","00","MG","NS"
"MK464AT",10,52.1527308177076,-0.699989791979155,064,"Y52","Q38","00","MG","NS"
"MK464AU",10,52.1517360317277,-0.70028186239911,064,"Y52","Q38","00","MG","NS"
"MK464AW",10,52.152705029441,-0.697651853455593,064,"Y52","Q38","00","MG","NS"
"MK464AZ",10,52.1518661120241,-0.698217143209262,064,"Y52","Q38","00","MG","NS"
"MK464BA",10,52.1529939145605,-0.701019928961507,064,"Y52","Q38","00","MG","NS"
"MK464BB",10,52.1540516410847,-0.701544599910972,064,"Y52","Q38","00","MG","NS"
"MK464BE",10,52.1566474457781,-0.701308275790819,064,"Y52","Q38","00","MG","NS"
"MK464BF",50,52.1582163691089,-0.701715793665898,064,"Y52","Q38","00","MG","NS"
"MK464BG",10,52.1597852908131,-0.702123339257501,064,"Y52","Q38","00","MG","NS"
"MK464BH",10,52.158661612231,-0.70214140260507,064,"Y52","Q38","00","MG","NS"
"MK464BJ",10,52.1610254743724,-0.701253952747277,064,"Y52","Q38","00","MG","NS"
"MK464BL",10,52.1593872198217,-0.701082349660338,064,"Y52","Q38","00","MG","NS"
"MK464BP",10,52.1593419809246,-0.697794395063162,064,"Y52","Q38","00","MG","NS"
"MK464BS",10,52.1588909143897,-0.70010271554702,064,"Y52","Q38","00","MG","NS"
"MK464BT",10,52.1587691298776,-0.701290385514347,064,"Y52","Q38","00","MG","NS"
"MK464BU",10,52.1583288718747,-0.701317817042186,064,"Y52","Q38","00","MG","NS"
"MK464BW",10,52.1604554939245,-0.700115614265171,064,"Y52","Q38","00","MG","NS"
"MK464BX",10,52.1582865050053,-0.701552948185573,064,"Y52","Q38","00","MG","NS"
"MK464BY",10,52.1530902094694,-0.700783255501291,064,"Y52","Q38","00","MG","NS"
"MK464DA",10,52.1561825863041,-0.699918480491225,064,"Y52","Q38","00","MG","NS"
"MK464DB",10,52.1578370478832,-0.699928755128319,064,"Y52","Q38","00","MG","NS"
"MK464DD",10,52.1605789803329,-0.702348783119283,064,"Y52","Q38","00","MG","NS"
"MK464DE",10,52.1574721023894,-0.701079619834015,064,"Y52","Q38","00","MG","NS"
"MK464DF",50,52.1557906760949,-0.701070087174294,064,"Y52","Q38","00","MG","NS"
"MK464DG",10,52.1541092493342,-0.701060554117429,064,"Y52","Q38","00","MG","NS"
"MK464DH",10,52.1563516181842,-0.700571366447673,064,"Y52","Q38","00","MG","NS"
"MK464DJ",10,52.157752802155,-0.700442855636882,064,"Y52","Q38","00","MG","NS"
"MK464DL",10,52.1575437896846,-0.699425654748296,064,"Y52","Q38","00","MG","NS"
"MK464DN",10,52.157950475488,-0.698799823950405,064,"Y52","Q38","00","MG","NS"
"MK464DP",10,52.1540889612882,-0.699219369589372,064,"Y52","Q38","00","MG","NS"
"MK464DR",10,52.1580472065763,-0.697788322669007,064,"Y52","Q38","00","MG","NS"
"MK464DT",10,52.1626706249113,-0.70123530571802,064,"Y52","Q38","00","MG","NS"
"MK464DU",10,52.1763332685066,-0.703352865962645,064,"Y52","Q38","00","MG","NS"
"MK464DW",10,52.1550424718951,-0.698446082371584,064,"Y52","Q38","00","MG","NS"
"MK464DX",10,52.152524957142,-0.702524485263266,064,"Y52","Q38","00","MG","NS"
"MK464EA",10,52.1527478929737,-0.70235721963158,064,"Y52","Q38","00","MG","NS"
"MK464EB",10,52.1546495225974,-0.701951111395077,064,"Y52","Q38","00","MG","NS"
"MK464ED",10,52.1539235726001,-0.70216224838799,064,"Y52","Q38","00","MG","NS"
"MK464EF",10,52.156806356267,-0.701859141044177,064,"Y52","Q38","00","MG","NS"
"MK464EG",10,52.1722402510488,-0.660508784555068,064,"Y52","Q38","00","MG","NS"
"MK464EH",10,52.1589112039412,-0.702762753418609,064,"Y52","Q38","00","MG","NS"
"MK464EJ",10,52.1716133103099,-0.663101271762127,064,"Y52","Q38","00","MG","NS"
"MK464EL",10,52.1707964413493,-0.66719089118278,064,"Y52","Q38","00","MG","NS"
"MK464EP",10,52.1701836733002,-0.666273355504591,064,"Y52","Q38","00","MG","NS"
"MK464EQ",10,52.1569461626792,-0.702308238297753,064,"Y52","Q38","00","MG","NS"
"MK464ER",10,52.1694164486507,-0.665214242901461,064,"Y52","Q38","00","MG","NS"
"MK464ES",10,52.1698131823711,-0.666108963841299,064,"Y52","Q38","00","MG","NS"
"MK464ET",10,52.1711088931765,-0.664607925936842,064,"Y52","Q38","00","MG","NS"
"MK464EU",10,52.1722325615006,-0.661415658017286,064,"Y52","Q38","00","MG","NS"
"MK464EX",10,52.1733966851897,-0.661000504102156,064,"Y52","Q38","00","MG","NS"
"MK464EY",10,52.1736560665808,-0.663259395126193,064,"Y52","Q38","00","MG","NS"
"MK464EZ",10,52.1737435797312,-0.666225394740799,064,"Y52","Q38","00","MG","NS"
"MK464HA",10,52.1721842040613,-0.658741054213516,064,"Y52","Q38","00","MG","NS"
"MK464HB",10,52.1727487773922,-0.663330458287683,064,"Y52","Q38","00","MG","NS"
"MK464HD",10,52.172061622095,-0.682171101392933,064,"Y52","Q38","00","MG","NS"
"MK464HE",10,52.1720480884282,-0.662591050783951,064,"Y52","Q38","00","MG","NS"
"MK464HF",10,52.1750781620192,-0.658639395196924,064,"Y52","Q38","00","MG","NS"
"MK464HG",10,52.1745155764306,-0.658978044518696,064,"Y52","Q38","00","MG","NS"
"MK464HH",10,52.1618399845068,-0.696844303430256,064,"Y52","Q38","00","MG","NS"
"MK464HJ",10,52.1634381053039,-0.677250224988749,064,"Y52","Q38","00","MG","NS"
"MK464HL",10,52.1722286311217,-0.682634110343654,064,"Y52","Q38","00","MG","NS"
"MK464HN",10,52.1767490452867,-0.688906200844976,064,"Y52","Q38","00","MG","NS"
"MK464HP",10,52.178991568386,-0.680372130523457,064,"Y52","Q38","00","MG","NS"
"MK464HQ",10,52.1700638044359,-0.664419875993672,064,"Y52","Q38","00","MG","NS"
"MK464HR",10,52.161916960689,-0.643845025145754,064,"Y52","Q38","00","MG","NS"
"MK464HS",10,52.1600202533196,-0.644662875293509,064,"Y52","Q38","00","MG","NS"
"MK464HT",10,52.1604285757721,-0.643422441145177,064,"Y52","Q38","00","MG","NS"
"MK464HU",10,52.1729187372103,-0.656130605832799,064,"Y52","Q38","00","MG","NS"
"MK464HW",10,52.1881152557838,-0.69879719311663,064,"Y52","Q38","00","MG","NS"
"MK464HX",10,52.1733427245394,-0.651526006958688,064,"Y52","Q38","00","MG","NS"
"MK464HY",10,52.1738536520902,-0.656906743964136,064,"Y52","Q38","00","MG","NS"
"MK464JA",10,52.179262183372,-0.629964368116717,064,"Y52","Q38","00","MG","NS"
"MK464JB",10,52.1804496803722,-0.636231688089022,064,"Y52","Q38","00","MG","NS"
"MK464JD",10,52.1742314050949,-0.660873075452047,064,"Y52","Q38","00","MG","NS"
"MK464JE",10,52.1758294381841,-0.660664220937829,064,"Y52","Q38","00","MG","NS"
"MK464JF",10,52.1740165699697,-0.659373269303859,064,"Y52","Q38","00","MG","NS"
"MK464JG",10,52.1797251031532,-0.663267593890004,064,"Y52","Q38","00","MG","NS"
"MK464JH",10,52.1531691856715,-0.697345970523412,064,"Y52","Q38","00","MG","NS"
"MK464JJ",10,52.1536552353146,-0.698208811850053,064,"Y52","Q38","00","MG","NS"
"MK464JL",10,52.1532697514327,-0.699126308924888,064,"Y52","Q38","00","MG","NS"
"MK464JP",10,52.1590255045142,-0.698446861367299,064,"Y52","Q38","00","MG","NS"
"MK464JQ",10,52.1847487093732,-0.686272070585215,064,"Y52","Q38","00","MG","NS"
"MK464JS",10,52.15557319059,-0.700915621897733,064,"Y52","Q38","00","MG","NS"
"MK464JX",10,52.1522557839182,-0.697679578337016,064,"Y52","Q38","00","MG","NS"
"MK464JY",10,52.152038778036,-0.697568977253825,064,"Y52","Q38","00","MG","NS"
"MK464JZ",10,52.1524987818949,-0.70177979252327,064,"Y52","Q38","00","MG","NS"
"MK464LA",10,52.1522002430626,-0.701613076035541,064,"Y52","Q38","00","MG","NS"
"MK464WA",10,52.1524987818949,-0.70177979252327,064,"Y52","Q38","00","MG","NS"
"MK464WD",50,52.1524987818949,-0.70177979252327,064,"Y52","Q38","00","MG","NS"
"MK464WY",50,52.1524987818949,-0.70177979252327,064,"Y52","Q38","00","MG","NS"
"MK464XZ",10,52.1524987818949,-0.70177979252327,064,"Y52","Q38","00","MG","NS"
"MK464YY",10,52.1534664463519,-0.701473922253483,064,"Y52","Q38","00","MG","NS"
"MK464ZH",10,52.1524987818949,-0.70177979252327,064,"Y52","Q38","00","MG","NS"
"MK464ZN",10,52.1524987818949,-0.70177979252327,064,"Y52","Q38","00","MG","NS"
"MK464ZS",10,52.1524987818949,-0.70177979252327,064,"Y52","Q38","00","MG","NS"
"MK464ZU",10,52.1524987818949,-0.70177979252327,064,"Y52","Q38","00","MG","NS"
"MK464ZX",10,52.1524987818949,-0.70177979252327,064,"Y52","Q38","00","MG","NS"
"MK465AA",10,52.150717288196,-0.709037367985632,064,"Y52","Q38","00","MG","NS"
"MK465AB",10,52.1523982017077,-0.709821902868572,064,"Y52","Q38","00","MG","NS"
"MK465AD",10,52.1538138200977,-0.710190262372461,064,"Y52","Q38","00","MG","NS"
"MK465AE",10,52.1518028177192,-0.711286145765978,064,"Y52","Q38","00","MG","NS"
"MK465AF",10,52.151366705874,-0.711693378621018,064,"Y52","Q38","00","MG","NS"
"MK465AG",10,52.1485418695955,-0.759348014229326,064,"Y52","Q38","00","MG","NS"
"MK465AJ",10,52.1489541467102,-0.756661919972255,064,"Y52","Q38","00","MG","NS"
"MK465AL",10,52.1488244937612,-0.758010153153822,064,"Y52","Q38","00","MG","NS"
"MK465AN",10,52.1516958417178,-0.757462535775628,064,"Y52","Q38","00","MG","NS"
"MK465AP",10,52.1487777919497,-0.758698378195851,064,"Y52","Q38","00","MG","NS"
"MK465AR",10,52.1474839281771,-0.760488156214655,064,"Y52","Q38","00","MG","NS"
"MK465AS",10,52.1437390867955,-0.760051409700728,064,"Y52","Q38","00","MG","NS"
"MK465AT",10,52.1490458220741,-0.761102487086434,064,"Y52","Q38","00","MG","NS"
"MK465AU",10,52.1453131044014,-0.761819869325237,064,"Y52","Q38","00","MG","NS"
"MK465AW",10,52.1501477812879,-0.758163342114236,064,"Y52","Q38","00","MG","NS"
"MK465AX",10,52.1291175265294,-0.753021305167379,064,"Y52","Q38","00","MG","NS"
"MK465AY",10,52.1613146290465,-0.70957872103567,064,"Y52","Q38","00","MG","NS"
"MK465AZ",10,52.1609086848369,-0.710277576619299,064,"Y52","Q38","00","MG","NS"
"MK465BA",10,52.1514650061234,-0.703432280178712,064,"Y52","Q38","00","MG","NS"
"MK465BD",10,52.1520839079121,-0.704115898907713,064,"Y52","Q38","00","MG","NS"
"MK465BE",10,52.1514608289679,-0.705507929548041,064,"Y52","Q38","00","MG","NS"
"MK465BG",10,52.1521794011683,-0.705443239723036,064,"Y52","Q38","00","MG","NS"
"MK465BH",10,52.1513057099203,-0.70858185960102,064,"Y52","Q38","00","MG","NS"
"MK465BJ",10,52.152348978272,-0.708610141354049,064,"Y52","Q38","00","MG","NS"
"MK465BL",10,52.1539917031985,-0.709191151031752,064,"Y52","Q38","00","MG","NS"
"MK465BN",10,52.153894209847,-0.702762407203848,064,"Y52","Q38","00","MG","NS"
"MK465BP",10,52.153890488445,-0.707337695767739,064,"Y52","Q38","00","MG","NS"
"MK465BQ",10,52.1519487421518,-0.706546171008555,064,"Y52","Q38","00","MG","NS"
"MK465BS",10,52.1398939923878,-0.706749250291232,064,"Y52","Q38","00","MG","NT"
"MK465BT",10,52.1393285149184,-0.707656984473106,064,"Y52","Q38","00","MG","NT"
"MK465BU",10,52.1407446801179,-0.705614033545279,064,"Y52","Q38","00","MG","NT"
"MK465BW",10,52.1396843352593,-0.708128900376929,064,"Y52","Q38","00","MG","NT"
"MK465BX",10,52.1383650391554,-0.706705856209543,064,"Y52","Q38","00","MG","NT"
"MK465BY",10,52.1401801728196,-0.706609447781668,064,"Y52","Q38","00","MG","NT"
"MK465BZ",10,52.1371834348476,-0.705541914325612,064,"Y52","Q38","00","MG","NT"
"MK465DA",10,52.1369197350345,-0.710196055510028,064,"Y52","Q38","00","MG","NT"
"MK465DB",10,52.1374350317502,-0.713746450026579,064,"Y52","Q38","00","MG","NT"
"MK465DD",10,52.1365587105071,-0.707605633624843,064,"Y52","Q38","00","MG","NT"
"MK465DE",10,52.1599661175845,-0.708769806721247,064,"Y52","Q38","00","MG","NS"
"MK465DF",10,52.1603083076695,-0.708818381804931,064,"Y52","Q38","00","MG","NS"
"MK465DG",10,52.1596599073945,-0.707901522913498,064,"Y52","Q38","00","MG","NS"
"MK465DH",10,52.1367346524539,-0.70643161657095,064,"Y52","Q38","00","MG","NT"
"MK465DJ",10,52.1378841060026,-0.708765456338715,064,"Y52","Q38","00","MG","NT"
"MK465DL",10,52.1412992100768,-0.706167868282465,064,"Y52","Q38","00","MG","NT"
"MK465DN",10,52.1369745229165,-0.693931701882051,064,"Y52","Q38","00","MG","NT"
"MK465DP",10,52.1456034878855,-0.684004482319667,064,"Y52","Q38","00","MG","NS"
"MK465DQ",10,52.1591782276043,-0.708251705446183,064,"Y52","Q38","00","MG","NS"
"MK465DR",10,52.1517830876115,-0.680226626080726,064,"Y52","Q38","00","MG","NS"
"MK465DS",10,52.1526315628053,-0.680523107356738,064,"Y52","Q38","00","MG","NS"
"MK465DT",10,52.1532752208568,-0.684216802066806,064,"Y52","Q38","00","MG","NS"
"MK465DU",10,52.1596446229413,-0.708969157646078,064,"Y52","Q38","00","MG","NS"
"MK465DW",10,52.1456034878855,-0.684004482319667,064,"Y52","Q38","00","MG","NS"
"MK465DX",10,52.1591120026032,-0.703853333790544,064,"Y52","Q38","00","MG","NS"
"MK465DY",10,52.159819006839,-0.706011048228067,064,"Y52","Q38","00","MG","NS"
"MK465DZ",10,52.1617363535703,-0.707037306624553,064,"Y52","Q38","00","MG","NS"
"MK465EA",10,52.1642577107361,-0.705750729385199,064,"Y52","Q38","00","MG","NS"
"MK465EB",10,52.1648316585368,-0.706435876484098,064,"Y52","Q38","00","MG","NS"
"MK465ED",10,52.1659138495432,-0.709197133122195,064,"Y52","Q38","00","MG","NS"
"MK465EE",10,52.159309501637,-0.708744949995847,064,"Y52","Q38","00","MG","NS"
"MK465EF",10,52.1617436024061,-0.70523886586271,064,"Y52","Q38","00","MG","NS"
"MK465EG",10,52.1640731367083,-0.705317467916508,064,"Y52","Q38","00","MG","NS"
"MK465EH",10,52.1693827578285,-0.714814057621647,064,"Y52","Q38","00","MG","NS"
"MK465EJ",10,52.1749391231808,-0.722258462543668,064,"Y52","Q38","00","MG","NS"
"MK465EL",10,52.1781249902069,-0.716741260883149,064,"Y52","Q38","00","MG","NS"
"MK465EN",10,52.1607245691267,-0.703324051116469,064,"Y52","Q38","00","MG","NS"
"MK465EP",10,52.1581640716952,-0.703500783595152,064,"Y52","Q38","00","MG","NS"
"MK465EQ",10,52.161517135963,-0.704265918237889,064,"Y52","Q38","00","MG","NS"
"MK465ER",10,52.162140364142,-0.705344311611835,064,"Y52","Q38","00","MG","NS"
"MK465ES",10,52.1578687462639,-0.705263583015515,064,"Y52","Q38","00","MG","NS"
"MK465ET",10,52.1582860388165,-0.706420966089223,064,"Y52","Q38","00","MG","NS"
"MK465EU",10,52.157814612615,-0.707706438708413,064,"Y52","Q38","00","MG","NS"
"MK465EX",10,52.1584427304784,-0.710056474463446,064,"Y52","Q38","00","MG","NS"
"MK465EZ",10,52.1616240158368,-0.702537686741837,064,"Y52","Q38","00","MG","NS"
"MK465FB",10,52.1503281657923,-0.70470766383124,064,"Y52","Q38","00","MG","NS"
"MK465FD",10,52.1502488741438,-0.703219132886215,064,"Y52","Q38","00","MG","NS"
"MK465FE",10,52.1508688996137,-0.704823518364236,064,"Y52","Q38","00","MG","NS"
"MK465FF",10,52.1514125243418,-0.704383869328126,064,"Y52","Q38","00","MG","NS"
"MK465FJ",10,52.1418150753611,-0.705656070493698,064,"Y52","Q38","00","MG","NT"
"MK465FL",10,52.1506151452811,-0.704640871717649,064,"Y52","Q38","00","MG","NS"
"MK465FN",10,52.1597188512349,-0.70262232122759,064,"Y52","Q38","00","MG","NS"
"MK465FP",50,52.1455936592461,-0.684735497118746,064,"Y52","Q38","00","MG","NS"
"MK465FQ",10,52.1506047081547,-0.705328131931089,064,"Y52","Q38","00","MG","NS"
"MK465FW",10,52.1455936592461,-0.684735497118746,064,"Y52","Q38","00","MG","NS"
"MK465GW",10,52.1556924829088,-0.702768608129416,064,"Y52","Q38","00","MG","NS"
"MK465HA",10,52.1586216261189,-0.707507643312743,064,"Y52","Q38","00","MG","NS"
"MK465HB",10,52.1547074864279,-0.704770595306994,064,"Y52","Q38","00","MG","NS"
"MK465HD",10,52.1569997873322,-0.704733301947993,064,"Y52","Q38","00","MG","NS"
"MK465HE",10,52.1584331730788,-0.711650185778982,064,"Y52","Q38","00","MG","NS"
"MK465HF",10,52.1586787758905,-0.711087582469358,064,"Y52","Q38","00","MG","NS"
"MK465HG",10,52.1608060983802,-0.710762983586167,064,"Y52","Q38","00","MG","NS"
"MK465HH",10,52.1573199886297,-0.7035983979588,064,"Y52","Q38","00","MG","NS"
"MK465HJ",10,52.1550586671265,-0.704000289697301,064,"Y52","Q38","00","MG","NS"
"MK465HL",10,52.1559438371448,-0.705187867376642,064,"Y52","Q38","00","MG","NS"
"MK465HN",10,52.1559983834314,-0.706881958786119,064,"Y52","Q38","00","MG","NS"
"MK465HP",10,52.1567166156551,-0.707606671164905,064,"Y52","Q38","00","MG","NS"
"MK465HR",10,52.1556956964277,-0.703060870407862,064,"Y52","Q38","00","MG","NS"
"MK465HS",10,52.1532517219736,-0.703204973513812,064,"Y52","Q38","00","MG","NS"
"MK465HT",10,52.1538120392978,-0.705103542020088,064,"Y52","Q38","00","MG","NS"
"MK465HU",10,52.154645494595,-0.707315828200064,064,"Y52","Q38","00","MG","NS"
"MK465HW",10,52.1546987306105,-0.708892970894588,064,"Y52","Q38","00","MG","NS"
"MK465HX",10,52.1549454664606,-0.707614107890066,064,"Y52","Q38","00","MG","NS"
"MK465HY",10,52.1552103362713,-0.705530735759976,064,"Y52","Q38","00","MG","NS"
"MK465HZ",10,52.1543851763905,-0.70653403116092,064,"Y52","Q38","00","MG","NS"
"MK465JA",10,52.1358826963366,-0.706631628470321,064,"Y52","Q38","00","MG","NT"
"MK465JB",10,52.1362366288639,-0.705291740496455,064,"Y52","Q38","00","MG","NT"
"MK465JD",10,52.1334480508312,-0.703531652611887,064,"Y52","Q38","00","MG","NT"
"MK465JF",10,52.1554537659471,-0.708052537128204,064,"Y52","Q38","00","MG","NS"
"MK465JG",10,52.129962225938,-0.702142669596154,064,"Y52","Q38","00","MG","NT"
"MK465JH",10,52.1267249212757,-0.686664257891077,064,"Y52","Q38","00","MG","NT"
"MK465JJ",10,52.1359480451561,-0.702757737601599,064,"Y52","Q38","00","MG","NT"
"MK465JL",10,52.1333185275013,-0.690181447037194,064,"Y52","Q38","00","MG","NT"
"MK465JN",10,52.1350547751898,-0.678982296032513,064,"Y52","Q38","00","MG","NT"
"MK465JP",10,52.1442697447956,-0.739708631944414,064,"Y52","Q38","00","MG","NS"
"MK465JQ",10,52.1289711143812,-0.701952329103029,064,"Y52","Q38","00","MG","NT"
"MK465JR",10,52.1475462447306,-0.735860064438446,064,"Y52","Q38","00","MG","NS"
"MK465JS",10,52.1463197138678,-0.738028535843015,064,"Y52","Q38","00","MG","NS"
"MK465JT",10,52.1453478845136,-0.737953705386351,064,"Y52","Q38","00","MG","NS"
"MK465JU",10,52.1449519308253,-0.737921055320224,064,"Y52","Q38","00","MG","NS"
"MK465JW",10,52.1358982696157,-0.701502611440697,064,"Y52","Q38","00","MG","NT"
"MK465JX",10,52.1601423346945,-0.745941351294714,064,"Y52","Q38","00","MG","NS"
"MK465JY",10,52.1474550437667,-0.736578783819159,064,"Y52","Q38","00","MG","NS"
"MK465JZ",10,52.148289965056,-0.732272867414492,064,"Y52","Q38","00","MG","NS"
"MK465LA",10,52.1559978605452,-0.730007430636321,064,"Y52","Q38","00","MG","NS"
"MK465LB",10,52.1636348659008,-0.736208388660228,064,"Y52","Q38","00","MG","NS"
"MK465LD",10,52.1468120863616,-0.735310874776853,064,"Y52","Q38","00","MG","NS"
"MK465LF",10,52.1572844191241,-0.71431464248255,064,"Y52","Q38","00","MG","NS"
"MK465LG",10,52.1528240693102,-0.680049676308524,064,"Y52","Q38","00","MG","NS"
"MK465LN",10,52.1618571799866,-0.708218008889672,064,"Y52","Q38","00","MG","NS"
"MK465LQ",10,52.1522431141458,-0.680359190544397,064,"Y52","Q38","00","MG","NS"
"MK465LT",10,52.1346844059521,-0.703130491475745,064,"Y52","Q38","00","MG","NT"
"MK465LW",10,52.1620774662046,-0.710273032486286,064,"Y52","Q38","00","MG","NS"
"MK465LX",10,52.1519327478174,-0.712480950570544,064,"Y52","Q38","00","MG","NS"
"MK465LY",10,52.1534811084961,-0.712655541062706,064,"Y52","Q38","00","MG","NS"
"MK465LZ",10,52.1527532803082,-0.711872609089542,064,"Y52","Q38","00","MG","NS"
"MK465NA",10,52.1594143455407,-0.707645491468372,064,"Y52","Q38","00","MG","NS"
"MK465NB",10,52.1598993860455,-0.707602205374913,064,"Y52","Q38","00","MG","NS"
"MK465ND",10,52.1374231367757,-0.71183264865699,064,"Y52","Q38","00","MG","NT"
"MK465NE",10,52.162896258535,-0.708685009844847,064,"Y52","Q38","00","MG","NS"
"MK465NF",10,52.162498404899,-0.707658503939857,064,"Y52","Q38","00","MG","NS"
"MK465NG",10,52.162440227776,-0.709736227106709,064,"Y52","Q38","00","MG","NS"
"MK465NH",10,52.1522978529708,-0.703130370485386,064,"Y52","Q38","00","MG","NS"
"MK465NJ",10,52.1393465413422,-0.705201575445422,064,"Y52","Q38","00","MG","NT"
"MK465NL",10,52.1578903708483,-0.7113442498844,064,"Y52","Q38","00","MG","NS"
"MK465NP",10,52.1590901560324,-0.710885654627442,064,"Y52","Q38","00","MG","NS"
"MK465NR",10,52.1600143407389,-0.710712763543533,064,"Y52","Q38","00","MG","NS"
"MK465NS",10,52.1599901339753,-0.710143314902196,064,"Y52","Q38","00","MG","NS"
"MK465NT",10,52.1469211215938,-0.759977648324615,064,"Y52","Q38","00","MG","NS"
"MK465NU",10,52.1623683847908,-0.708100868832087,064,"Y52","Q38","00","MG","NS"
"MK465PA",10,52.1586710493996,-0.707915536889195,064,"Y52","Q38","00","MG","NS"
"MK465PB",10,52.1579330324199,-0.708667831080963,064,"Y52","Q38","00","MG","NS"
"MK465PD",10,52.1585605727266,-0.709322132356957,064,"Y52","Q38","00","MG","NS"
"MK465PE",10,52.1586520857793,-0.708647023253111,064,"Y52","Q38","00","MG","NS"
"MK465PF",10,52.1583275198629,-0.709387347492364,064,"Y52","Q38","00","MG","NS"
"MK465PG",10,52.1581286238373,-0.710109409847969,064,"Y52","Q38","00","MG","NS"
"MK465PH",10,52.1573891966642,-0.709911507650083,064,"Y52","Q38","00","MG","NS"
"MK465PJ",10,52.1571301745813,-0.709246556331007,064,"Y52","Q38","00","MG","NS"
"MK465PL",10,52.1566018186635,-0.711907708668685,064,"Y52","Q38","00","MG","NS"
"MK465PN",10,52.1553638426831,-0.712162704222033,064,"Y52","Q38","00","MG","NS"
"MK465PP",10,52.1575590853033,-0.711470763435677,064,"Y52","Q38","00","MG","NS"
"MK465PQ",10,52.15631796786,-0.713085339404175,064,"Y52","Q38","00","MG","NS"
"MK465PR",10,52.152952532693,-0.706253977958964,064,"Y52","Q38","00","MG","NS"
"MK465PS",10,52.1531600446985,-0.707139596793824,064,"Y52","Q38","00","MG","NS"
"MK465PT",10,52.1566816876744,-0.710165849980372,064,"Y52","Q38","00","MG","NS"
"MK465PU",10,52.1571497118595,-0.710210795819466,064,"Y52","Q38","00","MG","NS"
"MK465PW",10,52.1559595085934,-0.711546183109518,064,"Y52","Q38","00","MG","NS"
"MK465QA",10,52.1458186352685,-0.73741427614839,064,"Y52","Q38","00","MG","NS"
"MK465QB",10,52.1526548163844,-0.704523210170156,064,"Y52","Q38","00","MG","NS"
"MK465QE",10,52.1567615905568,-0.702693676883917,064,"Y52","Q38","00","MG","NS"
"MK465QG",10,52.1565526131051,-0.702495098885544,064,"Y52","Q38","00","MG","NS"
"MK465QH",10,52.1547567932131,-0.712560275072196,064,"Y52","Q38","00","MG","NS"
"MK465QJ",10,52.154737481557,-0.713262470043508,064,"Y52","Q38","00","MG","NS"
"MK465QL",10,52.1558123974597,-0.712895268738677,064,"Y52","Q38","00","MG","NS"
"MK465QN",10,52.1565526131051,-0.702495098885544,064,"Y52","Q38","00","MG","NS"
"MK465QP",10,52.1372867688172,-0.710872207090324,064,"Y52","Q38","00","MG","NT"
"MK465WA",10,52.1524987818949,-0.70177979252327,064,"Y52","Q38","00","MG","NS"
"MK465WB",10,52.1524987818949,-0.70177979252327,064,"Y52","Q38","00","MG","NS"
"MK465WY",50,52.1524987818949,-0.70177979252327,064,"Y52","Q38","00","MG","NS"
"MK465XQ",10,52.1524987818949,-0.70177979252327,064,"Y52","Q38","00","MG","NS"
"MK465ZR",10,52.1524987818949,-0.70177979252327,064,"Y52","Q38","00","MG","NS"
"MK5 6AA",10,52.0127941422582,-0.798353072063623,064,"Y52","Q38","00","MG","NN"
"MK5 6AB",10,52.0223304834877,-0.787502169485644,064,"Y52","Q38","00","MG","NN"
"MK5 6AD",10,52.024003274732,-0.788418869149244,064,"Y52","Q38","00","MG","NN"
"MK5 6AE",10,52.0215390728679,-0.79361544737109,064,"Y52","Q38","00","MG","NN"
"MK5 6AF",10,52.0229358521426,-0.79480211626573,064,"Y52","Q38","00","MG","NN"
"MK5 6AG",10,52.0183376969936,-0.785686494480684,064,"Y52","Q38","00","MG","NN"
"MK5 6AH",10,52.0163475697078,-0.810950243572892,064,"Y52","Q38","00","MG","NN"
"MK5 6AJ",10,52.0158559823447,-0.811240142520154,064,"Y52","Q38","00","MG","NN"
"MK5 6AL",10,52.0286076567408,-0.792011375760199,064,"Y52","Q38","00","MG","NN"
"MK5 6AN",10,52.0194528366684,-0.783965810636463,064,"Y52","Q38","00","MG","NN"
"MK5 6AP",10,52.0279453032274,-0.793180721570422,064,"Y52","Q38","00","MG","NN"
"MK5 6AQ",10,52.0182936319634,-0.784900754658339,064,"Y52","Q38","00","MG","NN"
"MK5 6AR",10,52.0211605650192,-0.795287036545129,064,"Y52","Q38","00","MG","NN"
"MK5 6AS",10,52.0231319684461,-0.782394032511433,064,"Y52","Q38","00","MG","NN"
"MK5 6AT",10,52.0240646080008,-0.783899053501295,064,"Y52","Q38","00","MG","NN"
"MK5 6AU",10,52.0230953034684,-0.783196619706824,064,"Y52","Q38","00","MG","NN"
"MK5 6AW",10,52.0193633654962,-0.783137565207966,064,"Y52","Q38","00","MG","NN"
"MK5 6AX",10,52.0237824154639,-0.78182253592734,064,"Y52","Q38","00","MG","NN"
"MK5 6AY",10,52.0234678135781,-0.781831082038568,064,"Y52","Q38","00","MG","NN"
"MK5 6AZ",10,52.0227332866899,-0.779490001496186,064,"Y52","Q38","00","MG","NN"
"MK5 6BA",10,52.0265008487705,-0.792607427954884,064,"Y52","Q38","00","MG","NN"
"MK5 6BB",10,52.0251491953599,-0.794072177368925,064,"Y52","Q38","00","MG","NN"
"MK5 6BD",10,52.026985340331,-0.792506927933713,064,"Y52","Q38","00","MG","NN"
"MK5 6BE",10,52.0263924639172,-0.794315674367737,064,"Y52","Q38","00","MG","NN"
"MK5 6BF",10,52.0166651153524,-0.81123327130928,064,"Y52","Q38","00","MG","NN"
"MK5 6BG",10,52.022563376506,-0.781316403811869,064,"Y52","Q38","00","MG","NN"
"MK5 6BH",10,52.0216163476924,-0.780161651591059,064,"Y52","Q38","00","MG","NN"
"MK5 6BJ",10,52.0219193595534,-0.781639959050939,064,"Y52","Q38","00","MG","NN"
"MK5 6BL",10,52.02109666721,-0.782944798440311,064,"Y52","Q38","00","MG","NN"
"MK5 6BN",10,52.0204831372286,-0.781868431856594,064,"Y52","Q38","00","MG","NN"
"MK5 6BP",10,52.0204056539735,-0.78133131607288,064,"Y52","Q38","00","MG","NN"
"MK5 6BQ",10,52.0223833026089,-0.781292148999311,064,"Y52","Q38","00","MG","NN"
"MK5 6BS",10,52.0223344290357,-0.783523321701724,064,"Y52","Q38","00","MG","NN"
"MK5 6BT",10,52.0188553170653,-0.787056916508364,064,"Y52","Q38","00","MG","NN"
"MK5 6BU",10,52.0245221825384,-0.785548177892701,064,"Y52","Q38","00","MG","NN"
"MK5 6BW",10,52.0205627256416,-0.782609522312805,064,"Y52","Q38","00","MG","NN"
"MK5 6BX",10,52.0208019137584,-0.784876518639875,064,"Y52","Q38","00","MG","NN"
"MK5 6BY",10,52.0212581052712,-0.78551997912291,064,"Y52","Q38","00","MG","NN"
"MK5 6BZ",10,52.0202966387766,-0.786449570799468,064,"Y52","Q38","00","MG","NN"
"MK5 6DA",10,52.0247484803934,-0.796210891399965,064,"Y52","Q38","00","MG","NN"
"MK5 6DB",10,52.0259997467298,-0.795477684479374,064,"Y52","Q38","00","MG","NN"
"MK5 6DD",10,52.0251463191706,-0.794669831604824,064,"Y52","Q38","00","MG","NN"
"MK5 6DE",10,52.0253518179158,-0.795422213632804,064,"Y52","Q38","00","MG","NN"
"MK5 6DF",10,52.0251949881367,-0.795032899922211,064,"Y52","Q38","00","MG","NN"
"MK5 6DG",10,52.026354526026,-0.795001740084594,064,"Y52","Q38","00","MG","NN"
"MK5 6DH",10,52.0240815852664,-0.795179415594833,064,"Y52","Q38","00","MG","NN"
"MK5 6DJ",10,52.0208272689661,-0.786464359848762,064,"Y52","Q38","00","MG","NN"
"MK5 6DL",10,52.0222235096405,-0.786718060048021,064,"Y52","Q38","00","MG","NN"
"MK5 6DN",10,52.0273016605769,-0.794422408152238,064,"Y52","Q38","00","MG","NN"
"MK5 6DP",10,52.0179373910487,-0.785231005215339,064,"Y52","Q38","00","MG","NN"
"MK5 6DQ",10,52.026107659142,-0.794600264199531,064,"Y52","Q38","00","MG","NN"
"MK5 6DR",10,52.0182527184262,-0.784420960070319,064,"Y52","Q38","00","MG","NN"
"MK5 6DS",10,52.0189022741127,-0.783762142374344,064,"Y52","Q38","00","MG","NN"
"MK5 6DT",10,52.0197851155687,-0.783927654825968,064,"Y52","Q38","00","MG","NN"
"MK5 6DU",10,52.0194044669117,-0.784506330205177,064,"Y52","Q38","00","MG","NN"
"MK5 6DW",10,52.0273139714516,-0.793868198599514,064,"Y52","Q38","00","MG","NN"
"MK5 6DX",10,52.024518473848,-0.788681871358755,064,"Y52","Q38","00","MG","NN"
"MK5 6DY",10,52.0277819352237,-0.794788468111757,064,"Y52","Q38","00","MG","NN"
"MK5 6DZ",10,52.0190178307365,-0.785376619170536,064,"Y52","Q38","00","MG","NN"
"MK5 6EA",10,52.0185779878671,-0.785446822152482,064,"Y52","Q38","00","MG","NN"
"MK5 6EB",10,52.0286543256418,-0.793934175281981,064,"Y52","Q38","00","MG","NN"
"MK5 6ED",10,52.0276790754833,-0.793523132258764,064,"Y52","Q38","00","MG","NN"
"MK5 6EE",10,52.0285638787257,-0.793003734113256,064,"Y52","Q38","00","MG","NN"
"MK5 6EF",10,52.0282383466219,-0.79282300874887,064,"Y52","Q38","00","MG","NN"
"MK5 6EG",10,52.0270679080702,-0.791790496379294,064,"Y52","Q38","00","MG","NN"
"MK5 6EH",10,52.0242581218445,-0.796617573263336,064,"Y52","Q38","00","MG","NN"
"MK5 6EJ",10,52.0219485328621,-0.780983335441424,064,"Y52","Q38","00","MG","NN"
"MK5 6EL",10,52.0274166464632,-0.792480737002026,064,"Y52","Q38","00","MG","NN"
"MK5 6EN",10,52.0234128253793,-0.785213858948193,064,"Y52","Q38","00","MG","NN"
"MK5 6EP",10,52.0243920734175,-0.783394629168511,064,"Y52","Q38","00","MG","NN"
"MK5 6EQ",10,52.0274280730678,-0.790964546964081,064,"Y52","Q38","00","MG","NN"
"MK5 6ER",10,52.0239464340377,-0.784645566372804,064,"Y52","Q38","00","MG","NN"
"MK5 6ES",10,52.0236207390537,-0.784450349483712,064,"Y52","Q38","00","MG","NN"
"MK5 6ET",10,52.0231124144502,-0.783983172951281,064,"Y52","Q38","00","MG","NN"
"MK5 6EU",10,52.0236946459965,-0.786386766023082,064,"Y52","Q38","00","MG","NN"
"MK5 6EW",10,52.0236158318009,-0.785718469258748,064,"Y52","Q38","00","MG","NN"
"MK5 6EX",10,52.0250642227834,-0.790168356583832,064,"Y52","Q38","00","MG","NN"
"MK5 6EY",10,52.0254613828921,-0.788568949135834,064,"Y52","Q38","00","MG","NN"
"MK5 6EZ",10,52.021652423033,-0.790639320026697,064,"Y52","Q38","00","MG","NN"
"MK5 6FD",10,52.0157982042122,-0.804640562377064,064,"Y52","Q38","00","MG","NN"
"MK5 6FE",10,52.016480040781,-0.805380147401655,064,"Y52","Q38","00","MG","NN"
"MK5 6FF",10,52.0170479714115,-0.806414234443608,064,"Y52","Q38","00","MG","NN"
"MK5 6FG",10,52.0161842754458,-0.804586557754884,064,"Y52","Q38","00","MG","NN"
"MK5 6FH",10,52.0157304049791,-0.804161494026777,064,"Y52","Q38","00","MG","NN"
"MK5 6FP",10,52.0191970226241,-0.807318869020749,064,"Y52","Q38","00","MG","NN"
"MK5 6FQ",10,52.0147258867665,-0.804406847315494,064,"Y52","Q38","00","MG","NN"
"MK5 6FR",10,52.0189298594048,-0.806684760942814,064,"Y52","Q38","00","MG","NN"
"MK5 6FS",10,52.0270006667259,-0.794882346128168,064,"Y52","Q38","00","MG","NN"
"MK5 6FT",10,52.0247551104755,-0.784594499026075,064,"Y52","Q38","00","MG","NN"
"MK5 6FX",10,52.0186338219907,-0.806750928817014,064,"Y52","Q38","00","MG","NN"
"MK5 6FY",10,52.0177153023355,-0.811948641311685,064,"Y52","Q38","00","MG","NN"
"MK5 6FZ",10,52.0178472175021,-0.810764762489248,064,"Y52","Q38","00","MG","NN"
"MK5 6GA",10,52.0175044843639,-0.80976834416799,064,"Y52","Q38","00","MG","NN"
"MK5 6GB",10,52.0165901356125,-0.810040334448818,064,"Y52","Q38","00","MG","NN"
"MK5 6GD",10,52.020907716792,-0.80311988486095,064,"Y52","Q38","00","MG","NN"
"MK5 6GE",10,52.0202977035582,-0.804141732667995,064,"Y52","Q38","00","MG","NN"
"MK5 6GH",10,52.0205807573027,-0.80368240529564,064,"Y52","Q38","00","MG","NN"
"MK5 6HA",10,52.0194752234421,-0.790508575632444,064,"Y52","Q38","00","MG","NN"
"MK5 6HB",10,52.0204160032107,-0.784945268479322,064,"Y52","Q38","00","MG","NN"
"MK5 6HD",10,52.0199069554728,-0.785279673262727,064,"Y52","Q38","00","MG","NN"
"MK5 6HE",10,52.0193743938713,-0.785949890165751,064,"Y52","Q38","00","MG","NN"
"MK5 6HF",10,52.0257057078913,-0.790471704033753,064,"Y52","Q38","00","MG","NN"
"MK5 6HH",10,52.0224045641347,-0.779003426033749,064,"Y52","Q38","00","MG","NN"
"MK5 6HJ",10,52.0218678133877,-0.779265797720815,064,"Y52","Q38","00","MG","NN"
"MK5 6HL",10,52.0222505403884,-0.798128854530118,064,"Y52","Q38","00","MG","NN"
"MK5 6HP",10,52.0189594397135,-0.789312922265671,064,"Y52","Q38","00","MG","NN"
"MK5 6HQ",10,52.0250080378284,-0.786453245187643,064,"Y52","Q38","00","MG","NN"
"MK5 6HR",10,52.0188981704279,-0.788600498057986,064,"Y52","Q38","00","MG","NN"
"MK5 6HS",10,52.0186730026946,-0.787688483774738,064,"Y52","Q38","00","MG","NN"
"MK5 6HT",10,52.0204808148476,-0.783384143553373,064,"Y52","Q38","00","MG","NN"
"MK5 6HU",10,52.0218464782901,-0.796419954801769,064,"Y52","Q38","00","MG","NN"
"MK5 6HX",10,52.0207476271654,-0.796230840107223,064,"Y52","Q38","00","MG","NN"
"MK5 6HY",10,52.02174149954,-0.795825240758465,064,"Y52","Q38","00","MG","NN"
"MK5 6HZ",10,52.0231430826733,-0.793965806482813,064,"Y52","Q38","00","MG","NN"
"MK5 6JA",10,52.0229215078215,-0.780301041944244,064,"Y52","Q38","00","MG","NN"
"MK5 6JE",10,52.0252105975595,-0.787788670308564,064,"Y52","Q38","00","MG","NN"
"MK5 6JF",10,52.0251445330893,-0.788358883341097,064,"Y52","Q38","00","MG","NN"
"MK5 6JG",10,52.0259687910804,-0.788948774346727,064,"Y52","Q38","00","MG","NN"
"MK5 6JH",10,52.026702384258,-0.791217323410287,064,"Y52","Q38","00","MG","NN"
"MK5 6JJ",10,52.0247673056887,-0.78752373013087,064,"Y52","Q38","00","MG","NN"
"MK5 6JL",10,52.0195868511941,-0.788246712367871,064,"Y52","Q38","00","MG","NN"
"MK5 6JN",10,52.0193200380358,-0.788530811013235,064,"Y52","Q38","00","MG","NN"
"MK5 6JP",10,52.0212739652185,-0.79935007586932,064,"Y52","Q38","00","MG","NN"
"MK5 6JQ",10,52.0260069934088,-0.788291852567936,064,"Y52","Q38","00","MG","NN"
"MK5 6JR",10,52.0221478754894,-0.794240329564715,064,"Y52","Q38","00","MG","NN"
"MK5 6JT",10,52.0213050739925,-0.796230451403121,064,"Y52","Q38","00","MG","NN"
"MK5 6JU",10,52.0269406060743,-0.789899094205613,064,"Y52","Q38","00","MG","NN"
"MK5 6JW",10,52.0201976205133,-0.789935303450721,064,"Y52","Q38","00","MG","NN"
"MK5 6JY",10,52.0248506307375,-0.793890732277197,064,"Y52","Q38","00","MG","NN"
"MK5 6LB",10,52.0156893857776,-0.793962211550725,064,"Y52","Q38","00","MG","NN"
"MK5 6LG",10,52.0222819524179,-0.796801768620952,064,"Y52","Q38","00","MG","NN"
"MK5 6LH",10,52.0190663578568,-0.791845751108239,064,"Y52","Q38","00","MG","NN"
"MK5 6LJ",10,52.0193346732696,-0.791707365032985,064,"Y52","Q38","00","MG","NN"
"MK5 6LL",10,52.0233593876289,-0.788756903846169,064,"Y52","Q38","00","MG","NN"
"MK5 6LN",10,52.0200725112729,-0.800562684119377,064,"Y52","Q38","00","MG","NN"
"MK5 6LP",10,52.0251574166609,-0.788737486705768,064,"Y52","Q38","00","MG","NN"
"MK5 6LR",10,52.020078344462,-0.802019867058166,064,"Y52","Q38","00","MG","NN"
"MK5 6LS",10,52.019601300153,-0.801085348953452,064,"Y52","Q38","00","MG","NN"
"MK5 6LT",10,52.0217275962487,-0.795344674286066,064,"Y52","Q38","00","MG","NN"
"MK5 6LX",10,52.0162064280053,-0.809438484531379,064,"Y52","Q38","00","MG","NN"
"MK5 6LY",10,52.0167933447147,-0.809685208101243,064,"Y52","Q38","00","MG","NN"
"MK5 6LZ",10,52.0161656848138,-0.812528852231772,064,"Y52","Q38","00","MG","NN"
"MK5 6NA",10,52.0169503098244,-0.813659296843072,064,"Y52","Q38","00","MG","NN"
"MK5 6NB",10,52.016608188314,-0.812721149265655,064,"Y52","Q38","00","MG","NN"
"MK5 6WN",10,52.0109170620988,-0.725813298903422,064,"Y52","Q38","00","MG","NB"
"MK5 6WZ",10,52.0109170620988,-0.725813298903422,064,"Y52","Q38","00","MG","NB"
"MK5 6XZ",10,52.0109170620988,-0.725813298903422,064,"Y52","Q38","00","MG","NB"
"MK5 6ZN",10,52.0109170620988,-0.725813298903422,064,"Y52","Q38","00","MG","NB"
"MK5 6ZR",10,52.0109170620988,-0.725813298903422,064,"Y52","Q38","00","MG","NB"
"MK5 7AA",10,52.0130883034668,-0.784954324189362,064,"Y52","Q38","00","MG","NH"
"MK5 7AB",10,52.0144246074386,-0.784626697838169,064,"Y52","Q38","00","MG","NH"
"MK5 7AD",10,52.0118159826283,-0.781899789231888,064,"Y52","Q38","00","MG","NH"
"MK5 7AE",50,52.0113197335113,-0.783472313685547,064,"Y52","Q38","00","MG","NH"
"MK5 7AF",10,52.0108146246931,-0.785059613348914,064,"Y52","Q38","00","MG","NH"
"MK5 7AG",10,52.0196342918115,-0.770262010937618,064,"Y52","Q38","00","MG","NJ"
"MK5 7AH",10,52.020598530299,-0.773922691735144,064,"Y52","Q38","00","MG","NJ"
"MK5 7AJ",10,52.0201618781943,-0.774298965166434,064,"Y52","Q38","00","MG","NJ"
"MK5 7AL",10,52.0206464558422,-0.775072696639311,064,"Y52","Q38","00","MG","NJ"
"MK5 7AN",10,52.0201645121476,-0.77801512294876,064,"Y52","Q38","00","MG","NJ"
"MK5 7AP",10,52.0210364784729,-0.777131514157972,064,"Y52","Q38","00","MG","NJ"
"MK5 7AQ",10,52.0197418305657,-0.771089741564981,064,"Y52","Q38","00","MG","NJ"
"MK5 7AR",10,52.02040138888,-0.778314712859221,064,"Y52","Q38","00","MG","NJ"
"MK5 7AS",10,52.0206208851708,-0.77693881566384,064,"Y52","Q38","00","MG","NJ"
"MK5 7AT",10,52.0197171175821,-0.777356940798069,064,"Y52","Q38","00","MG","NJ"
"MK5 7AU",10,52.0204865728392,-0.776126359434736,064,"Y52","Q38","00","MG","NJ"
"MK5 7AW",10,52.0132230200279,-0.786684645993284,064,"Y52","Q38","00","MG","NH"
"MK5 7AX",10,52.0121860280923,-0.789889135323138,064,"Y52","Q38","00","MG","NH"
"MK5 7AY",10,52.0173252012623,-0.783411447984504,064,"Y52","Q38","00","MG","NJ"
"MK5 7AZ",10,52.0211230034708,-0.775074254466355,064,"Y52","Q38","00","MG","NJ"
"MK5 7BA",10,52.0171858526975,-0.771713526112242,064,"Y52","Q38","00","MG","NJ"
"MK5 7BB",10,52.0198510126605,-0.775531622234217,064,"Y52","Q38","00","MG","NJ"
"MK5 7BD",10,52.0200046291621,-0.774740464672979,064,"Y52","Q38","00","MG","NJ"
"MK5 7BE",10,52.0196957276853,-0.773568466268887,064,"Y52","Q38","00","MG","NJ"
"MK5 7BF",10,52.0113309155409,-0.788921402192629,064,"Y52","Q38","00","MG","NH"
"MK5 7BG",10,52.0108477733921,-0.787404551536147,064,"Y52","Q38","00","MG","NH"
"MK5 7BH",10,52.0217315403612,-0.776529603138301,064,"Y52","Q38","00","MG","NJ"
"MK5 7BJ",10,52.0211691216433,-0.777783717227933,064,"Y52","Q38","00","MG","NJ"
"MK5 7BL",10,52.0101801299091,-0.783692626786657,064,"Y52","Q38","00","MG","NH"
"MK5 7BN",10,52.0166253117486,-0.775736259067091,064,"Y52","Q38","00","MG","NJ"
"MK5 7BP",10,52.0108485216739,-0.782246605764636,064,"Y52","Q38","00","MG","NH"
"MK5 7BQ",10,52.0102615092034,-0.78460834452699,064,"Y52","Q38","00","MG","NH"
"MK5 7BS",10,52.0092811686021,-0.785450815406196,064,"Y52","Q38","00","MG","NH"
"MK5 7BT",10,52.0137497997166,-0.776761874953482,064,"Y52","Q38","00","MG","NJ"
"MK5 7BU",10,52.0095300895297,-0.783433419378368,064,"Y52","Q38","00","MG","NH"
"MK5 7BW",10,52.0160115123229,-0.775505285992043,064,"Y52","Q38","00","MG","NJ"
"MK5 7BX",10,52.0155224362045,-0.776028654749051,064,"Y52","Q38","00","MG","NJ"
"MK5 7BY",10,52.0156068731973,-0.775501759885425,064,"Y52","Q38","00","MG","NJ"
"MK5 7BZ",10,52.0151735446162,-0.776198464693899,064,"Y52","Q38","00","MG","NJ"
"MK5 7DA",10,52.0191060427992,-0.77220014557689,064,"Y52","Q38","00","MG","NJ"
"MK5 7DB",10,52.0182428618814,-0.774788592585024,064,"Y52","Q38","00","MG","NJ"
"MK5 7DD",10,52.0168409777777,-0.776590142492986,064,"Y52","Q38","00","MG","NJ"
"MK5 7DE",10,52.0199194499673,-0.771740676617454,064,"Y52","Q38","00","MG","NJ"
"MK5 7DF",10,52.0146508605012,-0.777815606649701,064,"Y52","Q38","00","MG","NJ"
"MK5 7DG",10,52.0181954880709,-0.771102964670576,064,"Y52","Q38","00","MG","NJ"
"MK5 7DH",10,52.0147849276292,-0.779473127514491,064,"Y52","Q38","00","MG","NJ"
"MK5 7DJ",10,52.0193362800655,-0.770998841431808,064,"Y52","Q38","00","MG","NJ"
"MK5 7DL",10,52.0188148092254,-0.770138749535896,064,"Y52","Q38","00","MG","NJ"
"MK5 7DN",10,52.0192944653347,-0.773025658249685,064,"Y52","Q38","00","MG","NJ"
"MK5 7DP",10,52.0202334126271,-0.772533619566178,064,"Y52","Q38","00","MG","NJ"
"MK5 7DQ",10,52.0179076742007,-0.771956068248667,064,"Y52","Q38","00","MG","NJ"
"MK5 7DR",10,52.0190293137956,-0.774329916429391,064,"Y52","Q38","00","MG","NJ"
"MK5 7DS",10,52.0197709770317,-0.778215298428015,064,"Y52","Q38","00","MG","NJ"
"MK5 7DT",10,52.0185588624764,-0.776645295328926,064,"Y52","Q38","00","MG","NJ"
"MK5 7DU",10,52.0179573814664,-0.776734564372648,064,"Y52","Q38","00","MG","NJ"
"MK5 7DW",10,52.0191780275696,-0.773932377859318,064,"Y52","Q38","00","MG","NJ"
"MK5 7DX",10,52.0178892242258,-0.775366588415797,064,"Y52","Q38","00","MG","NJ"
"MK5 7DY",10,52.0182336681832,-0.775634067498089,064,"Y52","Q38","00","MG","NJ"
"MK5 7DZ",10,52.0173891321905,-0.776560618794284,064,"Y52","Q38","00","MG","NJ"
"MK5 7EA",10,52.0193574877379,-0.776492353263296,064,"Y52","Q38","00","MG","NJ"
"MK5 7EB",10,52.0187700505022,-0.776202345149583,064,"Y52","Q38","00","MG","NJ"
"MK5 7ED",10,52.0182991833636,-0.777614185744072,064,"Y52","Q38","00","MG","NJ"
"MK5 7EE",10,52.0183739557143,-0.779623203266713,064,"Y52","Q38","00","MG","NJ"
"MK5 7EF",10,52.0184334860619,-0.769784883239877,064,"Y52","Q38","00","MG","NJ"
"MK5 7EG",10,52.0190081528342,-0.778352663111564,064,"Y52","Q38","00","MG","NJ"
"MK5 7EH",10,52.0177067588898,-0.776843408073963,064,"Y52","Q38","00","MG","NJ"
"MK5 7EJ",10,52.0112218284996,-0.781828497992928,064,"Y52","Q38","00","MG","NH"
"MK5 7EL",10,52.0126007051581,-0.782140759954909,064,"Y52","Q38","00","MG","NH"
"MK5 7EN",10,52.0162208175138,-0.773153452795227,064,"Y52","Q38","00","MG","NJ"
"MK5 7EP",10,52.0158324963502,-0.780785251074229,064,"Y52","Q38","00","MG","NJ"
"MK5 7ER",10,52.0155486593891,-0.77942320303175,064,"Y52","Q38","00","MG","NJ"
"MK5 7ES",10,52.0102615494032,-0.782000273623389,064,"Y52","Q38","00","MG","NH"
"MK5 7ET",10,52.0115787011291,-0.779822628310611,064,"Y52","Q38","00","MG","NH"
"MK5 7EU",10,52.0107675148017,-0.78310845739551,064,"Y52","Q38","00","MG","NH"
"MK5 7EW",10,52.0159233934138,-0.773948479633205,064,"Y52","Q38","00","MG","NJ"
"MK5 7EX",10,52.0184075766494,-0.778529322844249,064,"Y52","Q38","00","MG","NJ"
"MK5 7EZ",10,52.0103243994615,-0.783732426341604,064,"Y52","Q38","00","MG","NH"
"MK5 7FA",10,52.0131617569986,-0.787720855265343,064,"Y52","Q38","00","MG","NH"
"MK5 7FB",10,52.0127668484069,-0.786915549062622,064,"Y52","Q38","00","MG","NH"
"MK5 7FD",10,52.0122649672858,-0.790571836650559,064,"Y52","Q38","00","MG","NH"
"MK5 7FE",10,52.0122552112896,-0.791373496970867,064,"Y52","Q38","00","MG","NH"
"MK5 7FF",10,52.0087005125557,-0.794572600083998,064,"Y52","Q38","00","MG","NH"
"MK5 7FH",10,52.0140333572689,-0.787668158411797,064,"Y52","Q38","00","MG","NH"
"MK5 7FJ",10,52.0152074124894,-0.786426966850121,064,"Y52","Q38","00","MG","NH"
"MK5 7FL",10,52.0092451978661,-0.795082481921883,064,"Y52","Q38","00","MG","NH"
"MK5 7FN",10,52.0112154844209,-0.792567148867196,064,"Y52","Q38","00","MG","NH"
"MK5 7FP",10,52.0130733625609,-0.789617490729203,064,"Y52","Q38","00","MG","NH"
"MK5 7FQ",10,52.0126731081319,-0.78305676785877,064,"Y52","Q38","00","MG","NH"
"MK5 7FR",10,52.0174207006508,-0.77354323788052,064,"Y52","Q38","00","MG","NJ"
"MK5 7FS",10,52.0126316325147,-0.793009876622557,064,"Y52","Q38","00","MG","NH"
"MK5 7FT",10,52.0119167156886,-0.793437091738405,064,"Y52","Q38","00","MG","NH"
"MK5 7FU",10,52.0129831444436,-0.791339314365626,064,"Y52","Q38","00","MG","NH"
"MK5 7FW",10,52.0117476375535,-0.791853433426682,064,"Y52","Q38","00","MG","NH"
"MK5 7FX",10,52.0117427073906,-0.79137273332954,064,"Y52","Q38","00","MG","NH"
"MK5 7FY",10,52.0177924582596,-0.77297931065469,064,"Y52","Q38","00","MG","NJ"
"MK5 7GA",10,52.0088772329126,-0.792513516214191,064,"Y52","Q38","00","MG","NH"
"MK5 7GB",10,52.008042548983,-0.790030026264299,064,"Y52","Q38","00","MG","NH"
"MK5 7GD",10,52.0085871260709,-0.787902738302038,064,"Y52","Q38","00","MG","NH"
"MK5 7GE",10,52.0093605788803,-0.790548139032999,064,"Y52","Q38","00","MG","NH"
"MK5 7GF",10,52.0085830488297,-0.791006187973077,064,"Y52","Q38","00","MG","NH"
"MK5 7GG",10,52.0089727200028,-0.790427466035569,064,"Y52","Q38","00","MG","NH"
"MK5 7GH",10,52.0094327397138,-0.79232372683164,064,"Y52","Q38","00","MG","NH"
"MK5 7GJ",10,52.0092473442655,-0.788278289359407,064,"Y52","Q38","00","MG","NH"
"MK5 7GL",10,52.0083538612627,-0.789701100067773,064,"Y52","Q38","00","MG","NH"
"MK5 7GR",10,52.0149941852825,-0.774513032575432,064,"Y52","Q38","00","MG","NJ"
"MK5 7GS",10,52.0152312703428,-0.773967397064614,064,"Y52","Q38","00","MG","NJ"
"MK5 7GT",10,52.0158779480334,-0.77476575710291,064,"Y52","Q38","00","MG","NJ"
"MK5 7GU",10,52.0144888021348,-0.775197133115614,064,"Y52","Q38","00","MG","NJ"
"MK5 7HA",10,52.0108736094196,-0.783804959924594,064,"Y52","Q38","00","MG","NH"
"MK5 7HB",10,52.0091183514134,-0.787101615570262,064,"Y52","Q38","00","MG","NH"
"MK5 7HD",10,52.0099572699381,-0.785621924571779,064,"Y52","Q38","00","MG","NH"
"MK5 7HE",10,52.0095044141334,-0.787047469105433,064,"Y52","Q38","00","MG","NH"
"MK5 7HF",10,52.0104443089163,-0.785769014856845,064,"Y52","Q38","00","MG","NH"
"MK5 7HG",10,52.0161734132917,-0.778109281536153,064,"Y52","Q38","00","MG","NJ"
"MK5 7HH",10,52.0144765535838,-0.783561564298925,064,"Y52","Q38","00","MG","NH"
"MK5 7HJ",10,52.013404681973,-0.784246335457645,064,"Y52","Q38","00","MG","NH"
"MK5 7HL",10,52.0131468354985,-0.783655905745503,064,"Y52","Q38","00","MG","NH"
"MK5 7HN",10,52.0128774390013,-0.780209865471825,064,"Y52","Q38","00","MG","NH"
"MK5 7HP",10,52.0085995092437,-0.784740783529716,064,"Y52","Q38","00","MG","NH"
"MK5 7HQ",10,52.0161768787882,-0.77671026051502,064,"Y52","Q38","00","MG","NJ"
"MK5 7HS",10,52.0153375184815,-0.780740417093578,064,"Y52","Q38","00","MG","NJ"
"MK5 7HU",10,52.0151556930219,-0.784898326055199,064,"Y52","Q38","00","MG","NH"
"MK5 7HW",10,52.0129226836037,-0.78284600243108,064,"Y52","Q38","00","MG","NH"
"MK5 7HX",10,52.0135771024527,-0.780919406140633,064,"Y52","Q38","00","MG","NH"
"MK5 7HY",10,52.0153469479581,-0.783392242309049,064,"Y52","Q38","00","MG","NH"
"MK5 7HZ",10,52.0140934332654,-0.788263964764232,064,"Y52","Q38","00","MG","NH"
"MK5 7JA",10,52.0145985844837,-0.786676583821022,064,"Y52","Q38","00","MG","NH"
"MK5 7JD",10,52.0124408668465,-0.782334521185398,064,"Y52","Q38","00","MG","NH"
"MK5 7LA",10,52.016725029698,-0.782757399486503,064,"Y52","Q38","00","MG","NJ"
"MK5 7LD",10,52.0170013093544,-0.783391088100517,064,"Y52","Q38","00","MG","NJ"
"MK5 7LR",10,52.0081119660826,-0.793291725281521,064,"Y52","Q38","00","MG","NH"
"MK5 7PA",10,52.0175019696736,-0.780506710589457,064,"Y52","Q38","00","MG","NJ"
"MK5 7PB",10,52.0172582769587,-0.78128567858642,064,"Y52","Q38","00","MG","NJ"
"MK5 7PD",10,52.0173878564437,-0.77903798630256,064,"Y52","Q38","00","MG","NJ"
"MK5 7PE",10,52.0170591321164,-0.778551471535856,064,"Y52","Q38","00","MG","NJ"
"MK5 7PX",10,52.0182387913381,-0.781331900675638,064,"Y52","Q38","00","MG","NJ"
"MK5 7PY",10,52.0186272612546,-0.781510793859237,064,"Y52","Q38","00","MG","NJ"
"MK5 7WB",10,52.0084484628274,-0.792787308347827,064,"Y52","Q38","00","MG","NH"
"MK5 7WF",10,52.0109170620988,-0.725813298903422,064,"Y52","Q38","00","MG","NB"
"MK5 7WL",10,52.0109170620988,-0.725813298903422,064,"Y52","Q38","00","MG","NB"
"MK5 7WQ",10,52.0109170620988,-0.725813298903422,064,"Y52","Q38","00","MG","NB"
"MK5 7WY",10,52.0109170620988,-0.725813298903422,064,"Y52","Q38","00","MG","NB"
"MK5 7XD",10,52.0109170620988,-0.725813298903422,064,"Y52","Q38","00","MG","NB"
"MK5 7XF",10,52.0109170620988,-0.725813298903422,064,"Y52","Q38","00","MG","NB"
"MK5 7XH",10,52.0109170620988,-0.725813298903422,064,"Y52","Q38","00","MG","NB"
"MK5 7XL",10,52.0109170620988,-0.725813298903422,064,"Y52","Q38","00","MG","NB"
"MK5 7XR",10,52.0109170620988,-0.725813298903422,064,"Y52","Q38","00","MG","NB"
"MK5 7XT",10,52.0109170620988,-0.725813298903422,064,"Y52","Q38","00","MG","NB"
"MK5 7XW",10,52.0109170620988,-0.725813298903422,064,"Y52","Q38","00","MG","NB"
"MK5 7XX",10,52.0102115065412,-0.794619425087376,064,"Y52","Q38","00","MG","NH"
"MK5 7YY",10,52.0109170620988,-0.725813298903422,064,"Y52","Q38","00","MG","NB"
"MK5 7ZG",10,52.0109170620988,-0.725813298903422,064,"Y52","Q38","00","MG","NB"
"MK5 7ZT",10,52.0073126710067,-0.789874877137976,064,"Y52","Q38","00","MG","NH"
"MK5 8AA",10,52.0147660403139,-0.756173482844821,064,"Y52","Q38","00","MG","NN"
"MK5 8AB",10,52.0275588812838,-0.787943821504966,064,"Y52","Q38","00","MG","NN"
"MK5 8AD",10,52.0342821399486,-0.779029800273452,064,"Y52","Q38","00","MG","NN"
"MK5 8AE",10,52.0324759614272,-0.778262656653483,064,"Y52","Q38","00","MG","NN"
"MK5 8AF",10,52.0263287221836,-0.784610147353315,064,"Y52","Q38","00","MG","NN"
"MK5 8AG",10,52.0242736602922,-0.779768721832847,064,"Y52","Q38","00","MG","NN"
"MK5 8AH",10,52.0342915071858,-0.778198596789311,064,"Y52","Q38","00","MG","NN"
"MK5 8AJ",10,52.0283689906105,-0.784540265679693,064,"Y52","Q38","00","MG","NN"
"MK5 8AL",10,52.0334753558183,-0.78273995118011,064,"Y52","Q38","00","MG","NN"
"MK5 8AN",10,52.0294906429758,-0.78519495201672,064,"Y52","Q38","00","MG","NN"
"MK5 8AP",10,52.0316854580204,-0.783546565488458,064,"Y52","Q38","00","MG","NN"
"MK5 8AQ",10,52.025891134495,-0.784898938899878,064,"Y52","Q38","00","MG","NN"
"MK5 8AR",10,52.0266209051742,-0.78678855807048,064,"Y52","Q38","00","MG","NN"
"MK5 8AS",10,52.0337208117225,-0.781260923043277,064,"Y52","Q38","00","MG","NN"
"MK5 8AT",10,52.0325368214601,-0.780666280432743,064,"Y52","Q38","00","MG","NN"
"MK5 8AU",10,52.0318197936029,-0.77828053889939,064,"Y52","Q38","00","MG","NN"
"MK5 8AW",10,52.0317870987411,-0.78555546368652,064,"Y52","Q38","00","MG","NN"
"MK5 8AX",10,52.0306070877382,-0.778386470635809,064,"Y52","Q38","00","MG","NN"
"MK5 8AZ",10,52.0305945479746,-0.778911578506852,064,"Y52","Q38","00","MG","NN"
"MK5 8BA",10,52.0321018686525,-0.77513872550001,064,"Y52","Q38","00","MG","NN"
"MK5 8BB",10,52.0329368959793,-0.781967382200503,064,"Y52","Q38","00","MG","NN"
"MK5 8BD",10,52.0342250205085,-0.780460001835356,064,"Y52","Q38","00","MG","NN"
"MK5 8BE",10,52.0308476648048,-0.778175838335982,064,"Y52","Q38","00","MG","NN"
"MK5 8BF",10,52.0357733789733,-0.781511264690011,064,"Y52","Q38","00","MG","NN"
"MK5 8BG",10,52.0345100255725,-0.779329733486157,064,"Y52","Q38","00","MG","NN"
"MK5 8BH",10,52.0246017764159,-0.780197039878884,064,"Y52","Q38","00","MG","NN"
"MK5 8BJ",10,52.0240666287136,-0.778010814890126,064,"Y52","Q38","00","MG","NN"
"MK5 8BL",10,52.0339793962069,-0.779315027088913,064,"Y52","Q38","00","MG","NN"
"MK5 8BN",10,52.0322800721281,-0.775848148674003,064,"Y52","Q38","00","MG","NN"
"MK5 8BP",10,52.032254341126,-0.777700178660652,064,"Y52","Q38","00","MG","NN"
"MK5 8BQ",10,52.0335468865613,-0.779224760051466,064,"Y52","Q38","00","MG","NN"
"MK5 8BS",10,52.0352999346919,-0.783550527129109,064,"Y52","Q38","00","MG","NN"
"MK5 8BU",10,52.0304168456931,-0.773056551310943,064,"Y52","Q38","00","MG","NN"
"MK5 8BW",10,52.0313786705315,-0.779094300378504,064,"Y52","Q38","00","MG","NN"
"MK5 8DA",10,52.0299664763542,-0.790371336412735,064,"Y52","Q38","00","MG","NN"
"MK5 8DB",10,52.0307222703415,-0.790423828675338,064,"Y52","Q38","00","MG","NN"
"MK5 8DD",10,52.0296957539951,-0.791151196648648,064,"Y52","Q38","00","MG","NN"
"MK5 8DE",10,52.0290634090088,-0.790862143262588,064,"Y52","Q38","00","MG","NN"
"MK5 8DG",10,52.0308061404788,-0.791587717143449,064,"Y52","Q38","00","MG","NN"
"MK5 8DH",10,52.029834171007,-0.791497302323329,064,"Y52","Q38","00","MG","NN"
"MK5 8DJ",10,52.0326418070282,-0.788229145683783,064,"Y52","Q38","00","MG","NN"
"MK5 8DL",10,52.0320200926806,-0.788100177917049,064,"Y52","Q38","00","MG","NN"
"MK5 8DN",10,52.0280547352266,-0.786327057151392,064,"Y52","Q38","00","MG","NN"
"MK5 8DP",10,52.03257888044,-0.787356198322093,064,"Y52","Q38","00","MG","NN"
"MK5 8DQ",10,52.0303570069959,-0.791628976440993,064,"Y52","Q38","00","MG","NN"
"MK5 8DR",10,52.0321742421102,-0.787352566407374,064,"Y52","Q38","00","MG","NN"
"MK5 8DS",10,52.0315302095045,-0.787676106854159,064,"Y52","Q38","00","MG","NN"
"MK5 8DT",10,52.0333136837652,-0.78624299288493,064,"Y52","Q38","00","MG","NN"
"MK5 8DU",10,52.0340462648529,-0.786660495785779,064,"Y52","Q38","00","MG","NN"
"MK5 8DX",10,52.0252921744032,-0.779143426185412,064,"Y52","Q38","00","MG","NN"
"MK5 8DY",10,52.0279696117003,-0.785046675498147,064,"Y52","Q38","00","MG","NN"
"MK5 8DZ",10,52.0296860332024,-0.790203984482042,064,"Y52","Q38","00","MG","NN"
"MK5 8EA",10,52.0272071278181,-0.782604037911494,064,"Y52","Q38","00","MG","NN"
"MK5 8EB",10,52.0281705198717,-0.781863653885426,064,"Y52","Q38","00","MG","NN"
"MK5 8ED",10,52.0266548128104,-0.777022020269467,064,"Y52","Q38","00","MG","NN"
"MK5 8EE",10,52.0268085095604,-0.783183309131993,064,"Y52","Q38","00","MG","NN"
"MK5 8EF",10,52.026437523648,-0.782085640159179,064,"Y52","Q38","00","MG","NN"
"MK5 8EG",10,52.0109170620988,-0.725813298903422,064,"Y52","Q38","00","MG","NB"
"MK5 8EH",10,52.0251166338674,-0.777821875296972,064,"Y52","Q38","00","MG","NN"
"MK5 8EJ",10,52.0275352422669,-0.776954278377048,064,"Y52","Q38","00","MG","NN"
"MK5 8EL",10,52.0269093668665,-0.777292014442649,064,"Y52","Q38","00","MG","NN"
"MK5 8EN",10,52.0295596021904,-0.789274500879552,064,"Y52","Q38","00","MG","NN"
"MK5 8EP",10,52.0333294722866,-0.783414487726232,064,"Y52","Q38","00","MG","NN"
"MK5 8ER",10,52.0262655802681,-0.782848232555725,064,"Y52","Q38","00","MG","NN"
"MK5 8ES",10,52.0271994168183,-0.784469940423992,064,"Y52","Q38","00","MG","NN"
"MK5 8ET",10,52.02697316346,-0.783455778217346,064,"Y52","Q38","00","MG","NN"
"MK5 8EU",10,52.0254898992495,-0.780872488824617,064,"Y52","Q38","00","MG","NN"
"MK5 8EW",10,52.0297883601319,-0.789661890527666,064,"Y52","Q38","00","MG","NN"
"MK5 8EX",10,52.0305826600352,-0.789086527898707,064,"Y52","Q38","00","MG","NN"
"MK5 8EY",10,52.0297032725237,-0.788381452477379,064,"Y52","Q38","00","MG","NN"
"MK5 8EZ",10,52.0330317336343,-0.785929919170551,064,"Y52","Q38","00","MG","NN"
"MK5 8FA",10,52.0318346262759,-0.789300524362474,064,"Y52","Q38","00","MG","NN"
"MK5 8FB",10,52.0301989570844,-0.773718466528806,064,"Y52","Q38","00","MG","NN"
"MK5 8FD",10,52.0313118735749,-0.77352767691582,064,"Y52","Q38","00","MG","NN"
"MK5 8FE",10,52.0317607016473,-0.776051834663611,064,"Y52","Q38","00","MG","NN"
"MK5 8FF",10,52.0314902382418,-0.774251654061386,064,"Y52","Q38","00","MG","NN"
"MK5 8FG",10,52.030660967338,-0.774915709194484,064,"Y52","Q38","00","MG","NN"
"MK5 8FH",10,52.0309660132428,-0.776583724190475,064,"Y52","Q38","00","MG","NN"
"MK5 8FJ",10,52.0310999387952,-0.773897900138399,064,"Y52","Q38","00","MG","NN"
"MK5 8FL",10,52.0310023822945,-0.774891802627308,064,"Y52","Q38","00","MG","NN"
"MK5 8FP",10,52.0222962748698,-0.765160933336424,064,"Y52","Q38","00","MG","NN"
"MK5 8FR",10,52.0268638866448,-0.773780528035449,064,"Y52","Q38","00","MG","NN"
"MK5 8FT",10,52.0260232819843,-0.772491733660148,064,"Y52","Q38","00","MG","NN"
"MK5 8HA",10,52.0301013900713,-0.784260073052577,064,"Y52","Q38","00","MG","NN"
"MK5 8HB",10,52.030370376429,-0.789427526856709,064,"Y52","Q38","00","MG","NN"
"MK5 8HD",10,52.0275283403674,-0.775424002986598,064,"Y52","Q38","00","MG","NN"
"MK5 8HE",10,52.0303738236802,-0.788013488692913,064,"Y52","Q38","00","MG","NN"
"MK5 8HF",10,52.0298081322253,-0.787212493034331,064,"Y52","Q38","00","MG","NN"
"MK5 8HG",10,52.0287518578633,-0.783305482936634,064,"Y52","Q38","00","MG","NN"
"MK5 8HH",10,52.0292629637182,-0.786658760618017,064,"Y52","Q38","00","MG","NN"
"MK5 8HJ",10,52.0233444668745,-0.768236437836978,064,"Y52","Q38","00","MG","NN"
"MK5 8HL",10,52.0217004069243,-0.771808492050874,064,"Y52","Q38","00","MG","NN"
"MK5 8HQ",10,52.0288904085715,-0.782791553346382,064,"Y52","Q38","00","MG","NN"
"MK5 8LB",10,52.0242033631383,-0.771273547304517,064,"Y52","Q38","00","MG","NN"
"MK5 8NA",10,52.0222962748698,-0.765160933336424,064,"Y52","Q38","00","MG","NN"
"MK5 8NB",10,52.0236293309151,-0.770545972271214,064,"Y52","Q38","00","MG","NN"
"MK5 8ND",10,52.023342776884,-0.769795954981732,064,"Y52","Q38","00","MG","NN"
"MK5 8NG",10,52.0222962748698,-0.765160933336424,064,"Y52","Q38","00","MG","NN"
"MK5 8NH",10,52.0219938908143,-0.768914792116473,064,"Y52","Q38","00","MG","NN"
"MK5 8NL",10,52.0225400630527,-0.768695759483917,064,"Y52","Q38","00","MG","NN"
"MK5 8PA",10,52.0215671605715,-0.766798714395698,064,"Y52","Q38","00","MG","NN"
"MK5 8PB",10,52.0247988601974,-0.772335777108281,064,"Y52","Q38","00","MG","NN"
"MK5 8PG",10,52.0244063372003,-0.767463952859449,064,"Y52","Q38","00","MG","NN"
"MK5 8PJ",10,52.0256550833842,-0.771671024457205,064,"Y52","Q38","00","MG","NN"
"MK5 8PL",10,52.0217755751235,-0.76695329720347,064,"Y52","Q38","00","MG","NN"
"MK5 8PP",10,52.0247826257589,-0.77423096575833,064,"Y52","Q38","00","MG","NN"
"MK5 8RR",10,52.0214841156132,-0.765737103845571,064,"Y52","Q38","00","MG","NN"
"MK5 8WA",10,52.0109170620988,-0.725813298903422,064,"Y52","Q38","00","MG","NB"
"MK5 8WH",10,52.0242840478566,-0.772976587447506,064,"Y52","Q38","00","MG","NN"
"MK5 8WU",10,52.0109170620988,-0.725813298903422,064,"Y52","Q38","00","MG","NB"
"MK5 8WW",10,52.0109170620988,-0.725813298903422,064,"Y52","Q38","00","MG","NB"
"MK5 8XQ",10,52.0109170620988,-0.725813298903422,064,"Y52","Q38","00","MG","NB"
"MK5 8ZQ",10,52.0109170620988,-0.725813298903422,064,"Y52","Q38","00","MG","NB"
"MK6 1AG",10,52.0304530262476,-0.765329854595277,064,"Y52","Q38","00","MG","ND"
"MK6 1AJ",10,52.0314388982867,-0.766745839032124,064,"Y52","Q38","00","MG","ND"
"MK6 1AP",10,52.0274508466009,-0.765412526476792,064,"Y52","Q38","00","MG","ND"
"MK6 1AX",10,52.0256870244074,-0.760126544240336,064,"Y52","Q38","00","MG","ND"
"MK6 1AZ",10,52.0292150707595,-0.76731718468204,064,"Y52","Q38","00","MG","ND"
"MK6 1BA",10,52.0208347590016,-0.755291066472851,064,"Y52","Q38","00","MG","PA"
"MK6 1BD",10,52.0273876473951,-0.761959798473305,064,"Y52","Q38","00","MG","ND"
"MK6 1BH",10,52.0273367776631,-0.762252719092329,064,"Y52","Q38","00","MG","ND"
"MK6 1BL",10,52.0303889836085,-0.69027546953929,064,"Y52","Q38","00","MG","NX"
"MK6 1BN",10,52.0289873806313,-0.763606479855618,064,"Y52","Q38","00","MG","ND"
"MK6 1BP",10,52.0268699404509,-0.761463945378595,064,"Y52","Q38","00","MG","ND"
"MK6 1BU",50,52.0268699404509,-0.761463945378595,064,"Y52","Q38","00","MG","ND"
"MK6 1GJ",10,52.0256870244074,-0.760126544240336,064,"Y52","Q38","00","MG","ND"
"MK6 1HL",10,52.0303889836085,-0.69027546953929,064,"Y52","Q38","00","MG","NX"
"MK6 1LA",10,52.0170312239379,-0.747629494978143,064,"Y52","Q38","00","MG","PA"
"MK6 1LE",10,52.0175354992649,-0.748548063300823,064,"Y52","Q38","00","MG","PA"
"MK6 1LH",10,52.0186968336573,-0.750381004647049,064,"Y52","Q38","00","MG","PA"
"MK6 1LJ",10,52.021212697208,-0.753619161589614,064,"Y52","Q38","00","MG","PA"
"MK6 1LN",10,52.0211232502993,-0.756215782070414,064,"Y52","Q38","00","MG","PA"
"MK6 1LQ",10,52.0178779740786,-0.749471163286776,064,"Y52","Q38","00","MG","PA"
"MK6 1LS",10,52.0170214513154,-0.748402108528308,064,"Y52","Q38","00","MG","PA"
"MK6 1LY",10,52.022224311875,-0.756607894742699,064,"Y52","Q38","00","MG","PA"
"MK6 1NE",10,52.0215104981304,-0.75457276361459,064,"Y52","Q38","00","MG","PA"
"MK6 1NJ",10,52.0225687135507,-0.756015375408382,064,"Y52","Q38","00","MG","PA"
"MK6 1PB",10,52.0303889836085,-0.69027546953929,064,"Y52","Q38","00","MG","NX"
"MK6 1ZX",10,52.0303889836085,-0.69027546953929,064,"Y52","Q38","00","MG","NX"
"MK6 1ZZ",10,52.0303889836085,-0.69027546953929,064,"Y52","Q38","00","MG","NX"
"MK6 2AA",10,52.0382426165434,-0.742677648432989,064,"Y52","Q38","00","MG","ND"
"MK6 2AB",10,52.038075878101,-0.743061388267518,064,"Y52","Q38","00","MG","ND"
"MK6 2AD",10,52.0377688967287,-0.743784379049285,064,"Y52","Q38","00","MG","ND"
"MK6 2AE",10,52.0375674432043,-0.744285716548025,064,"Y52","Q38","00","MG","ND"
"MK6 2AF",10,52.0373306545489,-0.744846355363715,064,"Y52","Q38","00","MG","ND"
"MK6 2AG",10,52.0371011447362,-0.745246415464392,064,"Y52","Q38","00","MG","ND"
"MK6 2AH",10,52.0352301542014,-0.747704224504187,064,"Y52","Q38","00","MG","ND"
"MK6 2AJ",10,52.0355807078656,-0.746848877549366,064,"Y52","Q38","00","MG","ND"
"MK6 2AL",10,52.0348529382704,-0.748589458855342,064,"Y52","Q38","00","MG","ND"
"MK6 2AN",10,52.0375022960372,-0.74239225447436,064,"Y52","Q38","00","MG","ND"
"MK6 2AP",10,52.0362473941874,-0.745284894017136,064,"Y52","Q38","00","MG","ND"
"MK6 2AQ",10,52.0357139763931,-0.748390477489753,064,"Y52","Q38","00","MG","ND"
"MK6 2AR",10,52.0297856722837,-0.751485884393755,064,"Y52","Q38","00","MG","ND"
"MK6 2AS",10,52.037038854854,-0.746152055931113,064,"Y52","Q38","00","MG","ND"
"MK6 2AT",10,52.0383055636285,-0.743521487451941,064,"Y52","Q38","00","MG","ND"
"MK6 2AU",10,52.0392972680038,-0.744616322991666,064,"Y52","Q38","00","MG","ND"
"MK6 2AW",10,52.0379059629998,-0.741462434187348,064,"Y52","Q38","00","MG","ND"
"MK6 2AX",10,52.0401073310814,-0.745541330437191,064,"Y52","Q38","00","MG","ND"
"MK6 2AZ",10,52.0380511124325,-0.74411179320394,064,"Y52","Q38","00","MG","ND"
"MK6 2BA",10,52.0390153803875,-0.745163664911725,064,"Y52","Q38","00","MG","ND"
"MK6 2BB",10,52.0373931206196,-0.745646456284206,064,"Y52","Q38","00","MG","ND"
"MK6 2BD",10,52.0398705367146,-0.746101994728486,064,"Y52","Q38","00","MG","ND"
"MK6 2BE",10,52.0387469311669,-0.743596591065974,064,"Y52","Q38","00","MG","ND"
"MK6 2BG",10,52.0380884807341,-0.745087560675309,064,"Y52","Q38","00","MG","ND"
"MK6 2BH",10,52.0390928434377,-0.743995124163198,064,"Y52","Q38","00","MG","ND"
"MK6 2BJ",10,52.0383400181418,-0.746757149010676,064,"Y52","Q38","00","MG","ND"
"MK6 2BL",10,52.0390181818206,-0.746271637818902,064,"Y52","Q38","00","MG","ND"
"MK6 2BN",10,52.0400574228368,-0.745076168646243,064,"Y52","Q38","00","MG","ND"
"MK6 2BP",10,52.0376271377961,-0.747360249001513,064,"Y52","Q38","00","MG","ND"
"MK6 2BQ",10,52.0381808574143,-0.746163846139771,064,"Y52","Q38","00","MG","ND"
"MK6 2BS",10,52.039186018607,-0.747681171342215,064,"Y52","Q38","00","MG","ND"
"MK6 2BT",10,52.0356604655676,-0.743362378793097,064,"Y52","Q38","00","MG","ND"
"MK6 2BU",10,52.036072818024,-0.742403204820151,064,"Y52","Q38","00","MG","ND"
"MK6 2BW",10,52.0393290612946,-0.746758651881475,064,"Y52","Q38","00","MG","ND"
"MK6 2BX",10,52.0365072195547,-0.74266801403154,064,"Y52","Q38","00","MG","ND"
"MK6 2BY",10,52.0370071162883,-0.741487673059677,064,"Y52","Q38","00","MG","ND"
"MK6 2BZ",10,52.0373577799321,-0.740646818805437,064,"Y52","Q38","00","MG","ND"
"MK6 2DA",10,52.0359803453503,-0.743849084474068,064,"Y52","Q38","00","MG","ND"
"MK6 2DB",10,52.0361649300748,-0.74429585111437,064,"Y52","Q38","00","MG","ND"
"MK6 2DD",10,52.0371224470258,-0.742184227282842,064,"Y52","Q38","00","MG","ND"
"MK6 2DE",10,52.0351425726111,-0.744543166951769,064,"Y52","Q38","00","MG","ND"
"MK6 2DF",10,52.0347827369135,-0.745369627008757,064,"Y52","Q38","00","MG","ND"
"MK6 2DG",10,52.0368858238817,-0.742759445995703,064,"Y52","Q38","00","MG","ND"
"MK6 2DH",10,52.037743505084,-0.740563084671905,064,"Y52","Q38","00","MG","ND"
"MK6 2DJ",10,52.0355427740179,-0.741601680229278,064,"Y52","Q38","00","MG","ND"
"MK6 2DL",10,52.035059919767,-0.742694033023424,064,"Y52","Q38","00","MG","ND"
"MK6 2DN",10,52.0352728731376,-0.743271196058777,064,"Y52","Q38","00","MG","ND"
"MK6 2DP",10,52.0345508665343,-0.74385998714954,064,"Y52","Q38","00","MG","ND"
"MK6 2DQ",10,52.0359210679148,-0.741663952838388,064,"Y52","Q38","00","MG","ND"
"MK6 2DR",10,52.0341911908054,-0.744701015323007,064,"Y52","Q38","00","MG","ND"
"MK6 2DS",10,52.0341779883771,-0.743462250777839,064,"Y52","Q38","00","MG","ND"
"MK6 2DT",10,52.0347047035944,-0.742266649857592,064,"Y52","Q38","00","MG","ND"
"MK6 2DU",10,52.0338362924052,-0.744302771468685,064,"Y52","Q38","00","MG","ND"
"MK6 2DW",10,52.0342174592969,-0.742105384324877,064,"Y52","Q38","00","MG","ND"
"MK6 2DX",10,52.0350001351515,-0.743832818814487,064,"Y52","Q38","00","MG","ND"
"MK6 2DY",10,52.0339808361831,-0.742680565897984,064,"Y52","Q38","00","MG","ND"
"MK6 2DZ",10,52.0332963622529,-0.744259584910979,064,"Y52","Q38","00","MG","ND"
"MK6 2EA",10,52.0329957224045,-0.744734491881563,064,"Y52","Q38","00","MG","ND"
"MK6 2EB",10,52.0340700181677,-0.745987273785343,064,"Y52","Q38","00","MG","ND"
"MK6 2ED",10,52.0343243241781,-0.745382457595007,064,"Y52","Q38","00","MG","ND"
"MK6 2EE",10,52.0396933819577,-0.744663546726791,064,"Y52","Q38","00","MG","ND"
"MK6 2EF",10,52.0362799418636,-0.748345516293572,064,"Y52","Q38","00","MG","ND"
"MK6 2EG",10,52.0374110866445,-0.749028304166563,064,"Y52","Q38","00","MG","ND"
"MK6 2EH",10,52.0379920520208,-0.750397120792096,064,"Y52","Q38","00","MG","ND"
"MK6 2EJ",10,52.0363076676591,-0.749263202474565,064,"Y52","Q38","00","MG","ND"
"MK6 2EL",10,52.0371694929418,-0.748291517238875,064,"Y52","Q38","00","MG","ND"
"MK6 2EN",10,52.0365480184395,-0.749883384638574,064,"Y52","Q38","00","MG","ND"
"MK6 2EP",10,52.03788825034,-0.749087882349577,064,"Y52","Q38","00","MG","ND"
"MK6 2EQ",10,52.0372093013018,-0.749500465010197,064,"Y52","Q38","00","MG","ND"
"MK6 2ER",10,52.0370014626085,-0.750249790640343,064,"Y52","Q38","00","MG","ND"
"MK6 2ES",10,52.0376834806105,-0.750974311946996,064,"Y52","Q38","00","MG","ND"
"MK6 2ET",10,52.0368951931921,-0.747861809603298,064,"Y52","Q38","00","MG","ND"
"MK6 2EU",10,52.0383163036007,-0.747909584114379,064,"Y52","Q38","00","MG","ND"
"MK6 2EW",10,52.0359042474937,-0.750222068715391,064,"Y52","Q38","00","MG","ND"
"MK6 2EX",10,52.0303653185371,-0.757839801831849,064,"Y52","Q38","00","MG","ND"
"MK6 2EY",10,52.0295280775155,-0.756886371690863,064,"Y52","Q38","00","MG","ND"
"MK6 2EZ",10,52.0365358084402,-0.747886428095187,064,"Y52","Q38","00","MG","ND"
"MK6 2GA",10,52.0367062575683,-0.744470210981321,064,"Y52","Q38","00","MG","ND"
"MK6 2HA",10,52.0331007340023,-0.751233203064615,064,"Y52","Q38","00","MG","ND"
"MK6 2HB",10,52.0330996193815,-0.751976696263568,064,"Y52","Q38","00","MG","ND"
"MK6 2HD",10,52.0327749136117,-0.752729192815273,064,"Y52","Q38","00","MG","ND"
"MK6 2HE",10,52.032337098412,-0.752989190569183,064,"Y52","Q38","00","MG","ND"
"MK6 2HF",10,52.0323895270555,-0.751996465083447,064,"Y52","Q38","00","MG","ND"
"MK6 2HG",10,52.0330805230435,-0.752720689693534,064,"Y52","Q38","00","MG","ND"
"MK6 2HH",10,52.0313649507801,-0.752885037925717,064,"Y52","Q38","00","MG","ND"
"MK6 2HJ",10,52.0303914533903,-0.751804280898291,064,"Y52","Q38","00","MG","ND"
"MK6 2HL",10,52.0308949258534,-0.752650304566772,064,"Y52","Q38","00","MG","ND"
"MK6 2HN",10,52.0306767331665,-0.752423144932357,064,"Y52","Q38","00","MG","ND"
"MK6 2HP",10,52.0322322457707,-0.751578098853669,064,"Y52","Q38","00","MG","ND"
"MK6 2HQ",10,52.031582834184,-0.75308305744528,064,"Y52","Q38","00","MG","ND"
"MK6 2HR",10,52.0315182587427,-0.752079028584888,064,"Y52","Q38","00","MG","ND"
"MK6 2HS",10,52.0308357841118,-0.751310870464348,064,"Y52","Q38","00","MG","ND"
"MK6 2HT",10,52.031646038531,-0.749713962431127,064,"Y52","Q38","00","MG","ND"
"MK6 2HU",10,52.031603358818,-0.751624766425912,064,"Y52","Q38","00","MG","ND"
"MK6 2HW",10,52.0302490263302,-0.751939437117409,064,"Y52","Q38","00","MG","ND"
"MK6 2HX",10,52.031062275834,-0.757426911507267,064,"Y52","Q38","00","MG","ND"
"MK6 2HY",10,52.0315731611725,-0.758127033283481,064,"Y52","Q38","00","MG","ND"
"MK6 2HZ",10,52.0319360075369,-0.753321048372429,064,"Y52","Q38","00","MG","ND"
"MK6 2JA",10,52.038394102465,-0.747615822347545,064,"Y52","Q38","00","MG","ND"
"MK6 2JB",10,52.029745151434,-0.760422463821938,064,"Y52","Q38","00","MG","ND"
"MK6 2JD",10,52.030367692442,-0.758918418624346,064,"Y52","Q38","00","MG","ND"
"MK6 2JE",10,52.0330924438668,-0.746218708390437,064,"Y52","Q38","00","MG","ND"
"MK6 2JF",10,52.0327975291739,-0.746387310329572,064,"Y52","Q38","00","MG","ND"
"MK6 2JG",10,52.0330975553901,-0.745854123026406,064,"Y52","Q38","00","MG","ND"
"MK6 2JH",10,52.0337205526799,-0.746099095282475,064,"Y52","Q38","00","MG","ND"
"MK6 2JJ",10,52.0333435035698,-0.746998886346276,064,"Y52","Q38","00","MG","ND"
"MK6 2JL",10,52.0337619320814,-0.747453683547599,064,"Y52","Q38","00","MG","ND"
"MK6 2JN",10,52.0340162457139,-0.746848879737611,064,"Y52","Q38","00","MG","ND"
"MK6 2JP",10,52.0341795845938,-0.747835620604013,064,"Y52","Q38","00","MG","ND"
"MK6 2JQ",10,52.0334436151891,-0.746267197656791,064,"Y52","Q38","00","MG","ND"
"MK6 2JR",10,52.0345081249723,-0.748292943978776,064,"Y52","Q38","00","MG","ND"
"MK6 2JS",10,52.033578832385,-0.758188092482577,064,"Y52","Q38","00","MG","ND"
"MK6 2JT",10,52.0333873492459,-0.745204592587067,064,"Y52","Q38","00","MG","ND"
"MK6 2JU",10,52.0335558591767,-0.758567752433238,064,"Y52","Q38","00","MG","ND"
"MK6 2JW",10,52.0340480147079,-0.747299909730068,064,"Y52","Q38","00","MG","ND"
"MK6 2JX",10,52.034058068383,-0.757591696695964,064,"Y52","Q38","00","MG","ND"
"MK6 2JY",10,52.0337174261902,-0.757688605134145,064,"Y52","Q38","00","MG","ND"
"MK6 2JZ",10,52.0342667231098,-0.756915322764558,064,"Y52","Q38","00","MG","ND"
"MK6 2LA",10,52.0366728079012,-0.746395557488965,064,"Y52","Q38","00","MG","ND"
"MK6 2LB",10,52.0352356730886,-0.750765531660383,064,"Y52","Q38","00","MG","ND"
"MK6 2LD",10,52.0353575343884,-0.745309803129363,064,"Y52","Q38","00","MG","ND"
"MK6 2LH",10,52.0350255910979,-0.747068493383225,064,"Y52","Q38","00","MG","ND"
"MK6 2LJ",10,52.0346212639806,-0.747094373133944,064,"Y52","Q38","00","MG","ND"
"MK6 2LN",10,52.0296724172382,-0.759491574767023,064,"Y52","Q38","00","MG","ND"
"MK6 2LP",10,52.0391262148582,-0.74122405310664,064,"Y52","Q38","00","MG","ND"
"MK6 2LR",10,52.0362081959248,-0.747516533551752,064,"Y52","Q38","00","MG","ND"
"MK6 2LS",10,52.0346337962596,-0.749120391677289,064,"Y52","Q38","00","MG","ND"
"MK6 2LT",10,52.0280902973083,-0.757815374824622,064,"Y52","Q38","00","MG","ND"
"MK6 2LU",10,52.0294708955711,-0.759992751609462,064,"Y52","Q38","00","MG","ND"
"MK6 2LW",10,52.0287893255168,-0.758451940352694,064,"Y52","Q38","00","MG","ND"
"MK6 2LX",10,52.0285698311281,-0.758953609461539,064,"Y52","Q38","00","MG","ND"
"MK6 2LY",10,52.0279410247377,-0.758154758470581,064,"Y52","Q38","00","MG","ND"
"MK6 2LZ",10,52.0299778980514,-0.753506688742296,064,"Y52","Q38","00","MG","ND"
"MK6 2NA",10,52.0322923135735,-0.758967178835846,064,"Y52","Q38","00","MG","ND"
"MK6 2NB",10,52.0317232730065,-0.758720541457454,064,"Y52","Q38","00","MG","ND"
"MK6 2ND",10,52.0327151450944,-0.759844703994427,064,"Y52","Q38","00","MG","ND"
"MK6 2NE",10,52.0307407605158,-0.756779861609836,064,"Y52","Q38","00","MG","ND"
"MK6 2NF",10,52.0307868483385,-0.756035160105197,064,"Y52","Q38","00","MG","ND"
"MK6 2NG",10,52.0303798355474,-0.7566586790643,064,"Y52","Q38","00","MG","ND"
"MK6 2NH",10,52.0311397726655,-0.755398554264447,064,"Y52","Q38","00","MG","ND"
"MK6 2NJ",10,52.0305768951059,-0.757440364459687,064,"Y52","Q38","00","MG","ND"
"MK6 2NL",10,52.0330748399456,-0.759849330827435,064,"Y52","Q38","00","MG","ND"
"MK6 2NN",10,52.0311262210175,-0.754116150701001,064,"Y52","Q38","00","MG","ND"
"MK6 2NP",10,52.0313607912255,-0.755042567452824,064,"Y52","Q38","00","MG","ND"
"MK6 2NQ",10,52.0308718098801,-0.755566339948469,064,"Y52","Q38","00","MG","ND"
"MK6 2NR",10,52.0303266003841,-0.753322072226953,064,"Y52","Q38","00","MG","ND"
"MK6 2NS",10,52.0305730338393,-0.75537055723627,064,"Y52","Q38","00","MG","ND"
"MK6 2NT",10,52.0301424430503,-0.756315421362433,064,"Y52","Q38","00","MG","ND"
"MK6 2NU",10,52.0296841818382,-0.756342710189676,064,"Y52","Q38","00","MG","ND"
"MK6 2NW",10,52.0312923278057,-0.754519693199253,064,"Y52","Q38","00","MG","ND"
"MK6 2NX",10,52.0304123767366,-0.754631600057119,064,"Y52","Q38","00","MG","ND"
"MK6 2NY",10,52.0300287349722,-0.755764661675094,064,"Y52","Q38","00","MG","ND"
"MK6 2NZ",10,52.0301587920515,-0.755309173674922,064,"Y52","Q38","00","MG","ND"
"MK6 2PA",10,52.0347303547089,-0.759103775367405,064,"Y52","Q38","00","MG","ND"
"MK6 2PB",10,52.0347036271681,-0.758273557774302,064,"Y52","Q38","00","MG","ND"
"MK6 2PD",10,52.0350976639771,-0.757271315758567,064,"Y52","Q38","00","MG","ND"
"MK6 2PE",10,52.035213976712,-0.758069901364382,064,"Y52","Q38","00","MG","ND"
"MK6 2PF",10,52.0356524931193,-0.757022677121276,064,"Y52","Q38","00","MG","ND"
"MK6 2PG",10,52.0355013603542,-0.755481550836167,064,"Y52","Q38","00","MG","ND"
"MK6 2PH",10,52.0355715120342,-0.756164792027951,064,"Y52","Q38","00","MG","ND"
"MK6 2PJ",10,52.0351088767735,-0.756629558120293,064,"Y52","Q38","00","MG","ND"
"MK6 2PL",10,52.0346435518241,-0.757692094625886,064,"Y52","Q38","00","MG","ND"
"MK6 2PN",10,52.034252204194,-0.75809654795079,064,"Y52","Q38","00","MG","ND"
"MK6 2PP",10,52.0352770442898,-0.756377060729957,064,"Y52","Q38","00","MG","ND"
"MK6 2PQ",10,52.0347521034354,-0.756901862342824,064,"Y52","Q38","00","MG","ND"
"MK6 2PR",10,52.0347754602225,-0.757411452554108,064,"Y52","Q38","00","MG","ND"
"MK6 2PS",10,52.0343468499062,-0.758545846456207,064,"Y52","Q38","00","MG","ND"
"MK6 2PT",10,52.0341541597775,-0.755620999966392,064,"Y52","Q38","00","MG","ND"
"MK6 2PU",10,52.0345030190938,-0.755450955958143,064,"Y52","Q38","00","MG","ND"
"MK6 2PW",10,52.0341785241263,-0.758783756706641,064,"Y52","Q38","00","MG","ND"
"MK6 2PX",10,52.0336566164856,-0.754483160213048,064,"Y52","Q38","00","MG","ND"
"MK6 2PY",10,52.0334625653934,-0.75483841916464,064,"Y52","Q38","00","MG","ND"
"MK6 2PZ",10,52.0343466690243,-0.752568834724526,064,"Y52","Q38","00","MG","ND"
"MK6 2QA",10,52.0338191234849,-0.752845917839909,064,"Y52","Q38","00","MG","ND"
"MK6 2QB",10,52.0334079178167,-0.753921536596543,064,"Y52","Q38","00","MG","ND"
"MK6 2QD",10,52.0349789488438,-0.755394007065311,064,"Y52","Q38","00","MG","ND"
"MK6 2QE",10,52.0338206189851,-0.753837174889936,064,"Y52","Q38","00","MG","ND"
"MK6 2QF",10,52.0340921716626,-0.753159037343449,064,"Y52","Q38","00","MG","ND"
"MK6 2QG",10,52.0346252692256,-0.753406616317766,064,"Y52","Q38","00","MG","ND"
"MK6 2QH",10,52.0329468972306,-0.749444438601501,064,"Y52","Q38","00","MG","ND"
"MK6 2QJ",10,52.032538528768,-0.74993688841487,064,"Y52","Q38","00","MG","ND"
"MK6 2QL",10,52.0326285874297,-0.74910345738353,064,"Y52","Q38","00","MG","ND"
"MK6 2QN",10,52.0348529109654,-0.753677272446361,064,"Y52","Q38","00","MG","ND"
"MK6 2QP",10,52.0315702164735,-0.75104260164948,064,"Y52","Q38","00","MG","ND"
"MK6 2QQ",10,52.0341246355168,-0.754528468210253,064,"Y52","Q38","00","MG","ND"
"MK6 2QR",10,52.0317228935213,-0.750178290780203,064,"Y52","Q38","00","MG","ND"
"MK6 2QS",10,52.0304573686014,-0.750388493173076,064,"Y52","Q38","00","MG","ND"
"MK6 2QT",10,52.0302179483982,-0.749855826633023,064,"Y52","Q38","00","MG","ND"
"MK6 2QU",10,52.0301686545446,-0.750294503314563,064,"Y52","Q38","00","MG","ND"
"MK6 2QW",10,52.0343522747156,-0.754799127100658,064,"Y52","Q38","00","MG","ND"
"MK6 2QX",10,52.0306061193418,-0.754247219433598,064,"Y52","Q38","00","MG","ND"
"MK6 2QY",10,52.0295977472261,-0.755820352250294,064,"Y52","Q38","00","MG","ND"
"MK6 2QZ",10,52.0300271022366,-0.754758915736045,064,"Y52","Q38","00","MG","ND"
"MK6 2RA",10,52.0315048832472,-0.748274758934254,064,"Y52","Q38","00","MG","ND"
"MK6 2RB",10,52.0313117793629,-0.748717463984385,064,"Y52","Q38","00","MG","ND"
"MK6 2RD",10,52.0316922301638,-0.759187872074035,064,"Y52","Q38","00","MG","ND"
"MK6 2RE",10,52.0312752918464,-0.759724187024289,064,"Y52","Q38","00","MG","ND"
"MK6 2RF",10,52.0310539523057,-0.760051004759436,064,"Y52","Q38","00","MG","ND"
"MK6 2RG",10,52.0310642600721,-0.759321868852775,064,"Y52","Q38","00","MG","ND"
"MK6 2RH",10,52.0313691031698,-0.759240546850177,064,"Y52","Q38","00","MG","ND"
"MK6 2RJ",10,52.030833838174,-0.760494400876922,064,"Y52","Q38","00","MG","ND"
"MK6 2RL",10,52.0308556468446,-0.7608582215877,064,"Y52","Q38","00","MG","ND"
"MK6 2RQ",10,52.0306080515731,-0.760398605314532,064,"Y52","Q38","00","MG","ND"
"MK6 2RR",10,52.0374389995614,-0.746578235258384,064,"Y52","Q38","00","MG","ND"
"MK6 2RS",10,52.0313884835644,-0.749167214284818,064,"Y52","Q38","00","MG","ND"
"MK6 2RT",10,52.0336865312494,-0.751362663059935,064,"Y52","Q38","00","MG","ND"
"MK6 2RU",10,52.0338267951764,-0.751023463734318,064,"Y52","Q38","00","MG","ND"
"MK6 2RW",10,52.0337515253993,-0.759218338796689,064,"Y52","Q38","00","MG","ND"
"MK6 2RX",10,52.0294087975984,-0.760927363613965,064,"Y52","Q38","00","MG","ND"
"MK6 2RZ",10,52.0332794504427,-0.75028067086693,064,"Y52","Q38","00","MG","ND"
"MK6 2SA",10,52.0344054225476,-0.75217359065408,064,"Y52","Q38","00","MG","ND"
"MK6 2SB",10,52.0289489411935,-0.754832589921948,064,"Y52","Q38","00","MG","ND"
"MK6 2SD",10,52.029170472549,-0.753674901215611,064,"Y52","Q38","00","MG","ND"
"MK6 2SE",10,52.0299928682785,-0.758331151219698,064,"Y52","Q38","00","MG","ND"
"MK6 2SH",10,52.0294569173644,-0.755255776953277,064,"Y52","Q38","00","MG","ND"
"MK6 2SJ",10,52.0287469776377,-0.755290063243937,064,"Y52","Q38","00","MG","ND"
"MK6 2SL",10,52.0299202184,-0.754003898581831,064,"Y52","Q38","00","MG","ND"
"MK6 2SN",10,52.0360240601745,-0.740363561194553,064,"Y52","Q38","00","MG","ND"
"MK6 2SP",10,52.0370619938389,-0.739051440230894,064,"Y52","Q38","00","MG","ND"
"MK6 2SR",10,52.0366951823208,-0.739222127217544,064,"Y52","Q38","00","MG","ND"
"MK6 2SS",10,52.0368533355986,-0.74055893977481,064,"Y52","Q38","00","MG","ND"
"MK6 2ST",10,52.0361393974584,-0.741060097173534,064,"Y52","Q38","00","MG","ND"
"MK6 2SU",10,52.0354481752067,-0.740321430873827,064,"Y52","Q38","00","MG","ND"
"MK6 2SW",10,52.0354285888306,-0.739330645835347,064,"Y52","Q38","00","MG","ND"
"MK6 2SX",10,52.0282176539641,-0.759663010028938,064,"Y52","Q38","00","MG","ND"
"MK6 2SY",10,52.0352315621453,-0.74108559495897,064,"Y52","Q38","00","MG","ND"
"MK6 2SZ",10,52.0293373994002,-0.757562175694553,064,"Y52","Q38","00","MG","ND"
"MK6 2TA",10,52.0342674007201,-0.759539354818717,064,"Y52","Q38","00","MG","ND"
"MK6 2TG",10,52.0293342040496,-0.752154397591855,064,"Y52","Q38","00","MG","ND"
"MK6 2TH",10,52.034699164001,-0.75614526390576,064,"Y52","Q38","00","MG","ND"
"MK6 2TJ",10,52.0345409082415,-0.756484952804349,064,"Y52","Q38","00","MG","ND"
"MK6 2TL",10,52.0344898126186,-0.755903244842301,064,"Y52","Q38","00","MG","ND"
"MK6 2TN",10,52.0285461751147,-0.756709529508819,064,"Y52","Q38","00","MG","ND"
"MK6 2TP",10,52.0269505960616,-0.75802185740925,064,"Y52","Q38","00","MG","ND"
"MK6 2TQ",10,52.0268872855772,-0.758839847987274,064,"Y52","Q38","00","MG","ND"
"MK6 2TR",10,52.0286178436885,-0.755832968617083,064,"Y52","Q38","00","MG","ND"
"MK6 2TS",10,52.0280272662715,-0.760367926217363,064,"Y52","Q38","00","MG","ND"
"MK6 2TT",10,52.0282473136723,-0.755653761273169,064,"Y52","Q38","00","MG","ND"
"MK6 2TW",10,52.0278333132523,-0.75646692942904,064,"Y52","Q38","00","MG","ND"
"MK6 2TX",10,52.0274481048918,-0.759159568050635,064,"Y52","Q38","00","MG","ND"
"MK6 2TY",10,52.0280040229793,-0.757307604221711,064,"Y52","Q38","00","MG","ND"
"MK6 2UA",10,52.0286404356736,-0.756269628675511,064,"Y52","Q38","00","MG","ND"
"MK6 2UB",10,52.0283765479099,-0.757676258872264,064,"Y52","Q38","00","MG","ND"
"MK6 2UD",10,52.0279730571628,-0.758634879671666,064,"Y52","Q38","00","MG","ND"
"MK6 2UE",10,52.027390094363,-0.75962759974654,064,"Y52","Q38","00","MG","ND"
"MK6 2UF",10,52.0288410324614,-0.75738643893573,064,"Y52","Q38","00","MG","ND"
"MK6 2UG",10,52.0279900257858,-0.759392362763983,064,"Y52","Q38","00","MG","ND"
"MK6 2UH",10,52.0298280032464,-0.758044184883247,064,"Y52","Q38","00","MG","ND"
"MK6 2UJ",10,52.0288267869233,-0.760302091678607,064,"Y52","Q38","00","MG","ND"
"MK6 2UL",10,52.0295638027675,-0.757716243417516,064,"Y52","Q38","00","MG","ND"
"MK6 2UN",10,52.0285712744965,-0.75994475149678,064,"Y52","Q38","00","MG","ND"
"MK6 2WA",10,52.0337571064498,-0.760603084054978,064,"Y52","Q38","00","MG","ND"
"MK6 2WR",10,52.0303889836085,-0.69027546953929,064,"Y52","Q38","00","MG","NX"
"MK6 2WS",10,52.0303889836085,-0.69027546953929,064,"Y52","Q38","00","MG","NX"
"MK6 2WU",10,52.0303889836085,-0.69027546953929,064,"Y52","Q38","00","MG","NX"
"MK6 2WX",10,52.0332410806103,-0.760267485812126,064,"Y52","Q38","00","MG","ND"
"MK6 2XA",10,52.0335705430497,-0.761672423786861,064,"Y52","Q38","00","MG","ND"
"MK6 2XB",10,52.0315278092556,-0.764075772989562,064,"Y52","Q38","00","MG","ND"
"MK6 2XD",10,52.03232455629,-0.760321986887989,064,"Y52","Q38","00","MG","ND"
"MK6 2XE",10,52.03314486514,-0.761378051248254,064,"Y52","Q38","00","MG","ND"
"MK6 2XF",10,52.032464421372,-0.763364810129862,064,"Y52","Q38","00","MG","ND"
"MK6 2XG",10,52.0322076530747,-0.762030773827961,064,"Y52","Q38","00","MG","ND"
"MK6 2XH",10,52.0317492782236,-0.762903488602666,064,"Y52","Q38","00","MG","ND"
"MK6 2XJ",10,52.0315434730999,-0.760431048974215,064,"Y52","Q38","00","MG","ND"
"MK6 2XL",10,52.0306444113644,-0.762146825278427,064,"Y52","Q38","00","MG","ND"
"MK6 2XN",10,52.0316658416138,-0.760952445040621,064,"Y52","Q38","00","MG","ND"
"MK6 2XP",10,52.0326710258464,-0.760778886963532,064,"Y52","Q38","00","MG","ND"
"MK6 2XQ",10,52.0306263878976,-0.761287287526352,064,"Y52","Q38","00","MG","ND"
"MK6 2XR",10,52.0329243906809,-0.760932236844218,064,"Y52","Q38","00","MG","ND"
"MK6 2XS",10,52.0323194509063,-0.761546631593561,064,"Y52","Q38","00","MG","ND"
"MK6 2XT",10,52.0321949396775,-0.760821202223717,064,"Y52","Q38","00","MG","ND"
"MK6 2XU",10,52.0328049854045,-0.761547795610625,064,"Y52","Q38","00","MG","ND"
"MK6 2XW",10,52.0309547666981,-0.76259014229147,064,"Y52","Q38","00","MG","ND"
"MK6 2YA",10,52.0303819063719,-0.761979151735659,064,"Y52","Q38","00","MG","ND"
"MK6 2YT",10,52.0303889836085,-0.69027546953929,064,"Y52","Q38","00","MG","NX"
"MK6 2ZD",10,52.0303889836085,-0.69027546953929,064,"Y52","Q38","00","MG","NX"
"MK6 2ZJ",10,52.0303889836085,-0.69027546953929,064,"Y52","Q38","00","MG","NX"
"MK6 3AA",10,52.0169334579695,-0.721780689201039,064,"Y52","Q38","00","MG","NB"
"MK6 3AB",10,52.0196428052698,-0.718745081752764,064,"Y52","Q38","00","MG","PA"
"MK6 3AD",10,52.0174550728846,-0.715178987761122,064,"Y52","Q38","00","MG","NB"
"MK6 3AE",10,52.0175376198425,-0.716152992554505,064,"Y52","Q38","00","MG","NB"
"MK6 3AF",10,52.0160558018829,-0.716311983621786,064,"Y52","Q38","00","MG","NB"
"MK6 3AG",10,52.012484890804,-0.714534504462947,064,"Y52","Q38","00","MG","NB"
"MK6 3AH",10,52.016230602237,-0.717501905610306,064,"Y52","Q38","00","MG","NB"
"MK6 3AJ",10,52.0150509477953,-0.718162223870895,064,"Y52","Q38","00","MG","NB"
"MK6 3AL",10,52.0144353478483,-0.716125210143699,064,"Y52","Q38","00","MG","NB"
"MK6 3AN",10,52.0136443673462,-0.716147848486483,064,"Y52","Q38","00","MG","NB"
"MK6 3AP",10,52.0222761675089,-0.720302157369068,064,"Y52","Q38","00","MG","NP"
"MK6 3AQ",10,52.0166840947769,-0.717037194655309,064,"Y52","Q38","00","MG","NB"
"MK6 3AR",10,52.0227407711534,-0.721688037903947,064,"Y52","Q38","00","MG","NP"
"MK6 3AS",10,52.0230932162678,-0.721852884796566,064,"Y52","Q38","00","MG","NP"
"MK6 3AT",10,52.0223802609953,-0.720780137019483,064,"Y52","Q38","00","MG","NP"
"MK6 3AU",10,52.022449031343,-0.721317423170424,064,"Y52","Q38","00","MG","NP"
"MK6 3AW",10,52.0222761675089,-0.720302157369068,064,"Y52","Q38","00","MG","NP"
"MK6 3AX",10,52.0154139736535,-0.715995195923147,064,"Y52","Q38","00","MG","NB"
"MK6 3AY",10,52.0184939811424,-0.715630135446316,064,"Y52","Q38","00","MG","NB"
"MK6 3AZ",10,52.0171035531268,-0.720056283403495,064,"Y52","Q38","00","MG","NB"
"MK6 3BA",10,52.0271633886519,-0.721591103252373,064,"Y52","Q38","00","MG","NP"
"MK6 3BB",10,52.0275180465442,-0.721959964750234,064,"Y52","Q38","00","MG","NP"
"MK6 3BD",10,52.0280910921999,-0.721739564642944,064,"Y52","Q38","00","MG","NP"
"MK6 3BE",10,52.0287813217545,-0.727360922051225,064,"Y52","Q38","00","MG","NP"
"MK6 3BF",10,52.0158224106023,-0.718825067153854,064,"Y52","Q38","00","MG","NB"
"MK6 3BH",10,52.024469725921,-0.722761019301579,064,"Y52","Q38","00","MG","NP"
"MK6 3BJ",10,52.0248915323857,-0.721859925982731,064,"Y52","Q38","00","MG","NP"
"MK6 3BL",10,52.0249271463013,-0.720998981587439,064,"Y52","Q38","00","MG","NP"
"MK6 3BN",10,52.0171926266339,-0.716672907244552,064,"Y52","Q38","00","MG","NB"
"MK6 3BP",10,52.0164792943841,-0.721356461880101,064,"Y52","Q38","00","MG","NB"
"MK6 3BQ",10,52.0241047977284,-0.72144510651148,064,"Y52","Q38","00","MG","NP"
"MK6 3BS",10,52.0308471042095,-0.723832956509626,064,"Y52","Q38","00","MG","NP"
"MK6 3BU",10,52.0170209468139,-0.720728975823503,064,"Y52","Q38","00","MG","NB"
"MK6 3BW",10,52.0294280298684,-0.723144523851642,064,"Y52","Q38","00","MG","NP"
"MK6 3BX",10,52.0277402249523,-0.731704961879824,064,"Y52","Q38","00","MG","NP"
"MK6 3BZ",10,52.0291813771364,-0.721956279265373,064,"Y52","Q38","00","MG","NP"
"MK6 3DA",10,52.0205483340922,-0.720162003193731,064,"Y52","Q38","00","MG","PA"
"MK6 3DB",10,52.0269818812924,-0.721435945303003,064,"Y52","Q38","00","MG","NP"
"MK6 3DD",10,52.0189958690555,-0.720439475017805,064,"Y52","Q38","00","MG","PA"
"MK6 3DE",10,52.0340960396054,-0.730781659263696,064,"Y52","Q38","00","MG","NP"
"MK6 3DF",10,52.0354278526952,-0.731720706020624,064,"Y52","Q38","00","MG","NP"
"MK6 3DG",10,52.0324722245919,-0.731950102967431,064,"Y52","Q38","00","MG","NP"
"MK6 3DH",10,52.0192163971239,-0.724193072616516,064,"Y52","Q38","00","MG","PA"
"MK6 3DJ",10,52.0209301901887,-0.723867417623444,064,"Y52","Q38","00","MG","PA"
"MK6 3DL",10,52.0188883957761,-0.723794355981614,064,"Y52","Q38","00","MG","PA"
"MK6 3DN",10,52.0206868622273,-0.722985346403937,064,"Y52","Q38","00","MG","PA"
"MK6 3DP",10,52.0200776881435,-0.722361458412874,064,"Y52","Q38","00","MG","PA"
"MK6 3DQ",10,52.0309735065714,-0.732211150271688,064,"Y52","Q38","00","MG","NP"
"MK6 3DR",10,52.0188628086546,-0.721434242054544,064,"Y52","Q38","00","MG","PA"
"MK6 3DS",10,52.0200762460296,-0.721399648875542,064,"Y52","Q38","00","MG","PA"
"MK6 3DT",10,52.0141810843924,-0.717545931183153,064,"Y52","Q38","00","MG","NB"
"MK6 3DW",10,52.0188822271727,-0.722395513482123,064,"Y52","Q38","00","MG","PA"
"MK6 3DY",10,52.0244963736296,-0.7268849647115,064,"Y52","Q38","00","MG","NP"
"MK6 3DZ",10,52.0242527584135,-0.725142899707481,064,"Y52","Q38","00","MG","NP"
"MK6 3EA",10,52.027410850601,-0.718712598795224,064,"Y52","Q38","00","MG","NP"
"MK6 3EB",10,52.0335434172256,-0.732065580105821,064,"Y52","Q38","00","MG","NP"
"MK6 3ED",10,52.0328823488729,-0.732463296973785,064,"Y52","Q38","00","MG","NP"
"MK6 3EE",10,52.0327438146031,-0.726286310199769,064,"Y52","Q38","00","MG","NP"
"MK6 3EF",10,52.0175599361707,-0.717376459173351,064,"Y52","Q38","00","MG","NB"
"MK6 3EH",10,52.021793482726,-0.720563690080326,064,"Y52","Q38","00","MG","NP"
"MK6 3EJ",10,52.0296580575511,-0.731956816968366,064,"Y52","Q38","00","MG","NP"
"MK6 3EL",10,52.0329286227998,-0.726747544505299,064,"Y52","Q38","00","MG","NP"
"MK6 3EN",10,52.0319703066249,-0.727926374100453,064,"Y52","Q38","00","MG","NP"
"MK6 3EP",10,52.0330650399099,-0.725227587673734,064,"Y52","Q38","00","MG","NP"
"MK6 3ER",10,52.031546695846,-0.729498156338533,064,"Y52","Q38","00","MG","NP"
"MK6 3ES",10,52.0316833382603,-0.726331018267248,064,"Y52","Q38","00","MG","NP"
"MK6 3ET",10,52.0304042746873,-0.727781310813704,064,"Y52","Q38","00","MG","NP"
"MK6 3EU",10,52.0324235031613,-0.728263374051173,064,"Y52","Q38","00","MG","NP"
"MK6 3EW",10,52.0421699603421,-0.731602804868653,064,"Y52","Q38","00","MG","ND"
"MK6 3EY",10,52.041770233162,-0.731220444234362,064,"Y52","Q38","00","MG","ND"
"MK6 3EZ",10,52.0312796546316,-0.725584476454705,064,"Y52","Q38","00","MG","NP"
"MK6 3FD",10,52.014673703124,-0.717371558159885,064,"Y52","Q38","00","MG","NB"
"MK6 3HA",10,52.0422069383093,-0.736719575670297,064,"Y52","Q38","00","MG","ND"
"MK6 3HB",10,52.0430895945486,-0.737700779019713,064,"Y52","Q38","00","MG","ND"
"MK6 3HD",10,52.0414968478918,-0.735062841879834,064,"Y52","Q38","00","MG","ND"
"MK6 3HE",10,52.042424772586,-0.736071882096418,064,"Y52","Q38","00","MG","ND"
"MK6 3HF",10,52.0432987581105,-0.737082483868962,064,"Y52","Q38","00","MG","ND"
"MK6 3HG",10,52.0419631377826,-0.73830115239316,064,"Y52","Q38","00","MG","ND"
"MK6 3HH",10,52.0422737379055,-0.738758989642716,064,"Y52","Q38","00","MG","ND"
"MK6 3HJ",10,52.0417915352564,-0.73990984256773,064,"Y52","Q38","00","MG","ND"
"MK6 3HL",10,52.0410040261958,-0.738576019788784,064,"Y52","Q38","00","MG","ND"
"MK6 3HN",10,52.0414949581235,-0.738241431430602,064,"Y52","Q38","00","MG","ND"
"MK6 3HQ",10,52.0413309419243,-0.739718668222553,064,"Y52","Q38","00","MG","ND"
"MK6 3HR",10,52.0412923731165,-0.734441657185688,064,"Y52","Q38","00","MG","ND"
"MK6 3HS",10,52.0417832314146,-0.736614875608478,064,"Y52","Q38","00","MG","ND"
"MK6 3HT",10,52.0424407903361,-0.735050777770391,064,"Y52","Q38","00","MG","ND"
"MK6 3HU",10,52.0419103160582,-0.735051171008294,064,"Y52","Q38","00","MG","ND"
"MK6 3HW",10,52.039990453232,-0.737963030707332,064,"Y52","Q38","00","MG","ND"
"MK6 3HX",10,52.0406438593958,-0.73349767984054,064,"Y52","Q38","00","MG","ND"
"MK6 3HY",10,52.0410748905636,-0.732610679958039,064,"Y52","Q38","00","MG","ND"
"MK6 3HZ",10,52.0413180898888,-0.737677776314693,064,"Y52","Q38","00","MG","ND"
"MK6 3JA",10,52.0427297444591,-0.737681753902397,064,"Y52","Q38","00","MG","ND"
"MK6 3JB",10,52.0434056068556,-0.736146284470877,064,"Y52","Q38","00","MG","ND"
"MK6 3JD",10,52.0423836549685,-0.737268661718003,064,"Y52","Q38","00","MG","ND"
"MK6 3JE",10,52.0430505236187,-0.735733451689875,064,"Y52","Q38","00","MG","ND"
"MK6 3JF",10,52.0415748127201,-0.741505206781592,064,"Y52","Q38","00","MG","ND"
"MK6 3JG",10,52.0420296435646,-0.741157079737612,064,"Y52","Q38","00","MG","ND"
"MK6 3JH",10,52.0402657466703,-0.736803455160727,064,"Y52","Q38","00","MG","ND"
"MK6 3JJ",10,52.0407201676821,-0.737257212572829,064,"Y52","Q38","00","MG","ND"
"MK6 3JL",10,52.0440604034442,-0.733488604627175,064,"Y52","Q38","00","MG","ND"
"MK6 3JN",10,52.0435643718092,-0.732511108204306,064,"Y52","Q38","00","MG","ND"
"MK6 3JP",10,52.0443516357691,-0.733815744742627,064,"Y52","Q38","00","MG","ND"
"MK6 3JR",10,52.04242660339,-0.732893227496799,064,"Y52","Q38","00","MG","ND"
"MK6 3JS",10,52.0391705620613,-0.736965540553029,064,"Y52","Q38","00","MG","ND"
"MK6 3JT",10,52.0399249659568,-0.735209267985485,064,"Y52","Q38","00","MG","ND"
"MK6 3JU",10,52.0390288602307,-0.736328029815726,064,"Y52","Q38","00","MG","ND"
"MK6 3JW",10,52.043147141138,-0.732172966004356,064,"Y52","Q38","00","MG","ND"
"MK6 3JX",10,52.0383854424129,-0.736696077379415,064,"Y52","Q38","00","MG","ND"
"MK6 3JY",10,52.0380303610794,-0.736283285777197,064,"Y52","Q38","00","MG","ND"
"MK6 3JZ",10,52.0392380170553,-0.735709784742272,064,"Y52","Q38","00","MG","ND"
"MK6 3LA",10,52.0380642017965,-0.735247199471424,064,"Y52","Q38","00","MG","ND"
"MK6 3LB",10,52.0373950729146,-0.735732612602561,064,"Y52","Q38","00","MG","ND"
"MK6 3LD",10,52.0392716960385,-0.734659094847843,064,"Y52","Q38","00","MG","ND"
"MK6 3LF",10,52.0423363008744,-0.732020937613747,064,"Y52","Q38","00","MG","ND"
"MK6 3LG",10,52.0404009149579,-0.732644320207685,064,"Y52","Q38","00","MG","ND"
"MK6 3LH",10,52.0399222169188,-0.73411585065661,064,"Y52","Q38","00","MG","ND"
"MK6 3LJ",10,52.0401136983693,-0.733527242222793,064,"Y52","Q38","00","MG","ND"
"MK6 3LL",10,52.0393385555791,-0.732513984869052,064,"Y52","Q38","00","MG","ND"
"MK6 3LN",10,52.0383663386152,-0.733241292040093,064,"Y52","Q38","00","MG","ND"
"MK6 3LP",10,52.0410443674679,-0.731445119095762,064,"Y52","Q38","00","MG","ND"
"MK6 3LQ",10,52.0398564353669,-0.732178580313938,064,"Y52","Q38","00","MG","ND"
"MK6 3LR",10,52.0304173722888,-0.722343773092464,064,"Y52","Q38","00","MG","NP"
"MK6 3LS",10,52.0369776947644,-0.735379911252608,064,"Y52","Q38","00","MG","ND"
"MK6 3LT",10,52.0370626404655,-0.734079983395737,064,"Y52","Q38","00","MG","ND"
"MK6 3LU",10,52.0373632364086,-0.733604962118236,064,"Y52","Q38","00","MG","ND"
"MK6 3LW",10,52.0379177000616,-0.733326868559577,064,"Y52","Q38","00","MG","ND"
"MK6 3NA",10,52.0413435018043,-0.735854511530328,064,"Y52","Q38","00","MG","ND"
"MK6 3ND",10,52.038508057038,-0.733878783337858,064,"Y52","Q38","00","MG","ND"
"MK6 3NH",10,52.039004926485,-0.734098020815306,064,"Y52","Q38","00","MG","ND"
"MK6 3NJ",10,52.0390122525929,-0.733106398540134,064,"Y52","Q38","00","MG","ND"
"MK6 3NL",10,52.0383094633056,-0.734642522749098,064,"Y52","Q38","00","MG","ND"
"MK6 3NP",10,52.0419282654484,-0.733373896994268,064,"Y52","Q38","00","MG","ND"
"MK6 3PA",10,52.0266552211463,-0.730307241940478,064,"Y52","Q38","00","MG","NP"
"MK6 3PB",10,52.0289358452793,-0.731685716132229,064,"Y52","Q38","00","MG","NP"
"MK6 3PE",10,52.0280124348287,-0.731099643190573,064,"Y52","Q38","00","MG","NP"
"MK6 3PH",10,52.0348489361807,-0.732232747784701,064,"Y52","Q38","00","MG","NP"
"MK6 3PJ",10,52.0341585508579,-0.732412632097672,064,"Y52","Q38","00","MG","NP"
"MK6 3PQ",10,52.0346143988678,-0.732997447918653,064,"Y52","Q38","00","MG","NP"
"MK6 3RL",10,52.0155203587401,-0.717507640746281,064,"Y52","Q38","00","MG","NB"
"MK6 3WZ",10,52.0303889836085,-0.69027546953929,064,"Y52","Q38","00","MG","NX"
"MK6 3XW",10,52.0303889836085,-0.69027546953929,064,"Y52","Q38","00","MG","NX"
"MK6 3YT",10,52.0303889836085,-0.69027546953929,064,"Y52","Q38","00","MG","NX"
"MK6 3YU",10,52.0303889836085,-0.69027546953929,064,"Y52","Q38","00","MG","NX"
"MK6 3YX",10,52.0303889836085,-0.69027546953929,064,"Y52","Q38","00","MG","NX"
"MK6 3ZE",50,52.0303889836085,-0.69027546953929,064,"Y52","Q38","00","MG","NX"
"MK6 3ZP",10,52.0303889836085,-0.69027546953929,064,"Y52","Q38","00","MG","NX"
"MK6 3ZU",10,52.0303889836085,-0.69027546953929,064,"Y52","Q38","00","MG","NX"
"MK6 4AD",10,52.015168254212,-0.744082257492379,064,"Y52","Q38","00","MG","PA"
"MK6 4AE",10,52.0119158302454,-0.746839769850999,064,"Y52","Q38","00","MG","NF"
"MK6 4AF",10,52.0162327082058,-0.725152274369175,064,"Y52","Q38","00","MG","NB"
"MK6 4AG",10,52.0142739054072,-0.744529872962535,064,"Y52","Q38","00","MG","PA"
"MK6 4AH",10,52.0138929954516,-0.746755394321027,064,"Y52","Q38","00","MG","PA"
"MK6 4AJ",10,52.015440621768,-0.725072782462026,064,"Y52","Q38","00","MG","NB"
"MK6 4AL",10,52.0154920300537,-0.724838169296745,064,"Y52","Q38","00","MG","NB"
"MK6 4AN",10,52.0158796360211,-0.724098543974384,064,"Y52","Q38","00","MG","NB"
"MK6 4AP",10,52.0163710021974,-0.725468934067384,064,"Y52","Q38","00","MG","NB"
"MK6 4AR",50,52.0160861973665,-0.726569941055846,064,"Y52","Q38","00","MG","NB"
"MK6 4AS",10,52.0157421017367,-0.727177165053069,064,"Y52","Q38","00","MG","NB"
"MK6 4AU",10,52.0151857401123,-0.728110981661527,064,"Y52","Q38","00","MG","NB"
"MK6 4AW",10,52.0155917644902,-0.729075794664391,064,"Y52","Q38","00","MG","NB"
"MK6 4AZ",10,52.0151918400937,-0.729509710824099,064,"Y52","Q38","00","MG","NB"
"MK6 4BB",50,52.0154495501237,-0.728394940984474,064,"Y52","Q38","00","MG","NB"
"MK6 4BD",10,52.0154495501237,-0.728394940984474,064,"Y52","Q38","00","MG","NB"
"MK6 4HA",10,52.02121085435,-0.727371730964047,064,"Y52","Q38","00","MG","PA"
"MK6 4HD",10,52.0171846406647,-0.731712008519929,064,"Y52","Q38","00","MG","PA"
"MK6 4HE",10,52.0236991208553,-0.730492966497947,064,"Y52","Q38","00","MG","PA"
"MK6 4HF",10,52.0234992918734,-0.731139905852523,064,"Y52","Q38","00","MG","PA"
"MK6 4HG",10,52.0231352634649,-0.732403611025955,064,"Y52","Q38","00","MG","PA"
"MK6 4HH",10,52.0223516703204,-0.73478678370587,064,"Y52","Q38","00","MG","PA"
"MK6 4HJ",10,52.0221609622961,-0.735448001064727,064,"Y52","Q38","00","MG","PA"
"MK6 4HL",10,52.0221250860834,-0.736294312898193,064,"Y52","Q38","00","MG","PA"
"MK6 4HN",10,52.0196326812025,-0.733610182038342,064,"Y52","Q38","00","MG","PA"
"MK6 4HP",10,52.0194713653746,-0.731151852150532,064,"Y52","Q38","00","MG","PA"
"MK6 4HQ",10,52.0228807097629,-0.732979207714863,064,"Y52","Q38","00","MG","PA"
"MK6 4HR",10,52.0204425895394,-0.731168095032729,064,"Y52","Q38","00","MG","PA"
"MK6 4HS",10,52.0206245991294,-0.73053627822223,064,"Y52","Q38","00","MG","PA"
"MK6 4HT",10,52.0197348132704,-0.728900099517992,064,"Y52","Q38","00","MG","PA"
"MK6 4HU",10,52.0209340488054,-0.729215880215842,064,"Y52","Q38","00","MG","PA"
"MK6 4HW",10,52.0198318976337,-0.732905033652172,064,"Y52","Q38","00","MG","PA"
"MK6 4HX",10,52.021124721832,-0.728554655139789,064,"Y52","Q38","00","MG","PA"
"MK6 4HY",10,52.0186228286229,-0.726672796963458,064,"Y52","Q38","00","MG","PA"
"MK6 4HZ",10,52.0184321658893,-0.727333992780446,064,"Y52","Q38","00","MG","PA"
"MK6 4JA",10,52.0186923373331,-0.728113554232715,064,"Y52","Q38","00","MG","PA"
"MK6 4JB",10,52.0180680200592,-0.728583016251363,064,"Y52","Q38","00","MG","PA"
"MK6 4JD",10,52.017977319303,-0.729343373067282,064,"Y52","Q38","00","MG","PA"
"MK6 4JE",10,52.0181207845612,-0.730140815301945,064,"Y52","Q38","00","MG","PA"
"MK6 4JF",10,52.0173751713555,-0.731036281215036,064,"Y52","Q38","00","MG","PA"
"MK6 4JH",10,52.0225499542158,-0.73399417827739,064,"Y52","Q38","00","MG","PA"
"MK6 4JJ",10,52.0220422312292,-0.736952482775607,064,"Y52","Q38","00","MG","PA"
"MK6 4JL",10,52.0202217160536,-0.734876019601237,064,"Y52","Q38","00","MG","PA"
"MK6 4JR",10,52.0211755650807,-0.733275137614139,064,"Y52","Q38","00","MG","PA"
"MK6 4JT",10,52.024521033743,-0.730003299674543,064,"Y52","Q38","00","MG","PA"
"MK6 4JW",10,52.023794761745,-0.728522675346091,064,"Y52","Q38","00","MG","PA"
"MK6 4JX",10,52.0234229334829,-0.728227152128567,064,"Y52","Q38","00","MG","PA"
"MK6 4LA",10,52.0185751255116,-0.741480308735788,064,"Y52","Q38","00","MG","PA"
"MK6 4LB",10,52.0178160028916,-0.740277499559459,064,"Y52","Q38","00","MG","PA"
"MK6 4LD",10,52.0168012922523,-0.738717605642186,064,"Y52","Q38","00","MG","PA"
"MK6 4LE",10,52.0152018412408,-0.737130528253694,064,"Y52","Q38","00","MG","PA"
"MK6 4LF",10,52.019963828513,-0.74101871074714,064,"Y52","Q38","00","MG","PA"
"MK6 4LG",10,52.0186591576965,-0.739248280504734,064,"Y52","Q38","00","MG","PA"
"MK6 4LH",10,52.0173786159473,-0.737214966434001,064,"Y52","Q38","00","MG","PA"
"MK6 4LJ",10,52.0167481018575,-0.736270939629535,064,"Y52","Q38","00","MG","PA"
"MK6 4LL",10,52.0161991020742,-0.735382929725129,064,"Y52","Q38","00","MG","PA"
"MK6 4LN",10,52.0201842381374,-0.738928512276717,064,"Y52","Q38","00","MG","PA"
"MK6 4LP",10,52.0173514209086,-0.734680101535503,064,"Y52","Q38","00","MG","PA"
"MK6 4LR",10,52.0170148918533,-0.74271902944787,064,"Y52","Q38","00","MG","PA"
"MK6 4LS",10,52.0162035623359,-0.741677999884183,064,"Y52","Q38","00","MG","PA"
"MK6 4LT",10,52.0154422614393,-0.740271303991109,064,"Y52","Q38","00","MG","PA"
"MK6 4LU",10,52.0146030098007,-0.739143709132095,064,"Y52","Q38","00","MG","PA"
"MK6 4LW",10,52.0191217568177,-0.737107595143356,064,"Y52","Q38","00","MG","PA"
"MK6 4LX",10,52.0178990002966,-0.742155054553562,064,"Y52","Q38","00","MG","PA"
"MK6 4LY",10,52.0173254131947,-0.741486229140431,064,"Y52","Q38","00","MG","PA"
"MK6 4LZ",10,52.01653932521,-0.740284210334236,064,"Y52","Q38","00","MG","PA"
"MK6 4NA",10,52.0157443925414,-0.739097053994706,064,"Y52","Q38","00","MG","PA"
"MK6 4NB",10,52.0150675467515,-0.738023191637644,064,"Y52","Q38","00","MG","PA"
"MK6 4ND",10,52.0184122206112,-0.7363406354816,064,"Y52","Q38","00","MG","PA"
"MK6 4NE",10,52.019985028627,-0.737957693097976,064,"Y52","Q38","00","MG","PA"
"MK6 4NG",10,52.0236499202439,-0.73511452063615,064,"Y52","Q38","00","MG","PA"
"MK6 4NH",10,52.0196648759032,-0.738287315535412,064,"Y52","Q38","00","MG","PA"
"MK6 4NJ",10,52.0178344000554,-0.742841784871574,064,"Y52","Q38","00","MG","PA"
"MK6 4NN",10,52.0226584419554,-0.734049412821884,064,"Y52","Q38","00","MG","PA"
"MK6 4NP",10,52.0205310550148,-0.726866370632158,064,"Y52","Q38","00","MG","PA"
"MK6 4YP",10,52.0191581713001,-0.73379845853904,064,"Y52","Q38","00","MG","PA"
"MK6 5AA",10,52.0336472017691,-0.735867474130477,064,"Y52","Q38","00","MG","PA"
"MK6 5AB",10,52.0328956873021,-0.735378449173534,064,"Y52","Q38","00","MG","PA"
"MK6 5AD",10,52.0324081211288,-0.735188118715032,064,"Y52","Q38","00","MG","PA"
"MK6 5AE",10,52.0343116423905,-0.736621375753981,064,"Y52","Q38","00","MG","PA"
"MK6 5AG",10,52.0337056495241,-0.737965044366158,064,"Y52","Q38","00","MG","PA"
"MK6 5AH",10,52.0318558231662,-0.742390311019136,064,"Y52","Q38","00","MG","PA"
"MK6 5AJ",10,52.0313549564829,-0.742637595803099,064,"Y52","Q38","00","MG","PA"
"MK6 5AL",10,52.0312702257637,-0.743966488821636,064,"Y52","Q38","00","MG","PA"
"MK6 5AN",10,52.0308650985617,-0.743074066920442,064,"Y52","Q38","00","MG","PA"
"MK6 5AP",10,52.0307932147003,-0.743921545399909,064,"Y52","Q38","00","MG","PA"
"MK6 5AQ",10,52.0330100681875,-0.73934035117701,064,"Y52","Q38","00","MG","PA"
"MK6 5AR",10,52.0307001967203,-0.742787151812386,064,"Y52","Q38","00","MG","PA"
"MK6 5AS",10,52.0310651480103,-0.742441645450844,064,"Y52","Q38","00","MG","PA"
"MK6 5AT",10,52.0300397123543,-0.743242974606841,064,"Y52","Q38","00","MG","PA"
"MK6 5AU",10,52.0302008541368,-0.742334698424331,064,"Y52","Q38","00","MG","PA"
"MK6 5AW",10,52.0312192240742,-0.743399411311146,064,"Y52","Q38","00","MG","PA"
"MK6 5AX",10,52.0324827104784,-0.739632154058226,064,"Y52","Q38","00","MG","PA"
"MK6 5AY",10,52.0307796214382,-0.740962806046511,064,"Y52","Q38","00","MG","PA"
"MK6 5AZ",10,52.0247915854612,-0.738449143126069,064,"Y52","Q38","00","MG","PA"
"MK6 5BD",10,52.0312186955676,-0.741664752470316,064,"Y52","Q38","00","MG","PA"
"MK6 5BE",10,52.0292381533794,-0.742274245283174,064,"Y52","Q38","00","MG","PA"
"MK6 5BG",10,52.0293613103009,-0.741177553863742,064,"Y52","Q38","00","MG","PA"
"MK6 5BH",10,52.0300323904766,-0.739190855745287,064,"Y52","Q38","00","MG","PA"
"MK6 5BJ",10,52.0289318448467,-0.740533676417174,064,"Y52","Q38","00","MG","PA"
"MK6 5BL",10,52.0303469289804,-0.7383365549736,064,"Y52","Q38","00","MG","PA"
"MK6 5BN",10,52.0295327499968,-0.737033001222326,064,"Y52","Q38","00","MG","PA"
"MK6 5BP",10,52.0301724926914,-0.737160746724742,064,"Y52","Q38","00","MG","PA"
"MK6 5BQ",10,52.0297022057189,-0.740264233120827,064,"Y52","Q38","00","MG","PA"
"MK6 5BS",10,52.0298185881523,-0.736019160700627,064,"Y52","Q38","00","MG","PA"
"MK6 5BT",10,52.0302618360182,-0.73626904613252,064,"Y52","Q38","00","MG","PA"
"MK6 5BU",10,52.0305771350717,-0.735487583217471,064,"Y52","Q38","00","MG","PA"
"MK6 5BW",10,52.0299811479126,-0.737763780956144,064,"Y52","Q38","00","MG","PA"
"MK6 5BY",10,52.0228141761852,-0.739350085004073,064,"Y52","Q38","00","MG","PA"
"MK6 5BZ",10,52.0321068428203,-0.741479471581449,064,"Y52","Q38","00","MG","PA"
"MK6 5DA",10,52.0245458807499,-0.743222055067531,064,"Y52","Q38","00","MG","PA"
"MK6 5DB",10,52.0244025529034,-0.744115139258445,064,"Y52","Q38","00","MG","PA"
"MK6 5DD",10,52.0244144917394,-0.744391727498368,064,"Y52","Q38","00","MG","PA"
"MK6 5DE",10,52.0248577346251,-0.745487017478058,064,"Y52","Q38","00","MG","PA"
"MK6 5DF",10,52.0246787456273,-0.746410247355956,064,"Y52","Q38","00","MG","PA"
"MK6 5DG",10,52.0246638685547,-0.746702162306235,064,"Y52","Q38","00","MG","PA"
"MK6 5DH",10,52.0245502671296,-0.747856755641749,064,"Y52","Q38","00","MG","PA"
"MK6 5DJ",10,52.0247935647876,-0.74875361133257,064,"Y52","Q38","00","MG","PA"
"MK6 5DL",10,52.021584665214,-0.748843143865042,064,"Y52","Q38","00","MG","PA"
"MK6 5DN",10,52.0217566978684,-0.748109644129986,064,"Y52","Q38","00","MG","PA"
"MK6 5DP",10,52.0215329234211,-0.746512758148436,064,"Y52","Q38","00","MG","PA"
"MK6 5DQ",10,52.0245205142709,-0.747595238177434,064,"Y52","Q38","00","MG","PA"
"MK6 5DR",10,52.0208400286413,-0.74561398090267,064,"Y52","Q38","00","MG","PA"
"MK6 5DS",10,52.0208284030846,-0.745366553055874,064,"Y52","Q38","00","MG","PA"
"MK6 5DT",10,52.0193556729805,-0.744693663454681,064,"Y52","Q38","00","MG","PA"
"MK6 5DU",10,52.0207380399165,-0.744480086642768,064,"Y52","Q38","00","MG","PA"
"MK6 5DW",10,52.0215090574434,-0.746804903745082,064,"Y52","Q38","00","MG","PA"
"MK6 5DX",10,52.0212293022456,-0.744174856691602,064,"Y52","Q38","00","MG","PA"
"MK6 5DY",10,52.0213459763254,-0.743311730754633,064,"Y52","Q38","00","MG","PA"
"MK6 5DZ",10,52.0215975449047,-0.747516554805487,064,"Y52","Q38","00","MG","PA"
"MK6 5EA",10,52.0193556729805,-0.744693663454681,064,"Y52","Q38","00","MG","PA"
"MK6 5EB",10,52.0263115442129,-0.745227710340127,064,"Y52","Q38","00","MG","PA"
"MK6 5EE",10,52.0191604186214,-0.747468029496397,064,"Y52","Q38","00","MG","PA"
"MK6 5EG",10,52.0232839712258,-0.745458171928599,064,"Y52","Q38","00","MG","PA"
"MK6 5EH",10,52.028162952734,-0.751079213129279,064,"Y52","Q38","00","MG","PA"
"MK6 5EJ",10,52.0279245181066,-0.748097773029719,064,"Y52","Q38","00","MG","PA"
"MK6 5EL",10,52.0233484469151,-0.746447435882265,064,"Y52","Q38","00","MG","PA"
"MK6 5EN",10,52.0259854524176,-0.753471924372111,064,"Y52","Q38","00","MG","PA"
"MK6 5EP",10,52.0311987390923,-0.737277609376892,064,"Y52","Q38","00","MG","PA"
"MK6 5ER",10,52.0314521336724,-0.737430820980807,064,"Y52","Q38","00","MG","PA"
"MK6 5ES",10,52.031709134203,-0.736242825130633,064,"Y52","Q38","00","MG","PA"
"MK6 5ET",10,52.0320306051789,-0.736875166656465,064,"Y52","Q38","00","MG","PA"
"MK6 5EU",10,52.0322660233315,-0.737028885205534,064,"Y52","Q38","00","MG","PA"
"MK6 5EX",10,52.0318788684705,-0.738657873932892,064,"Y52","Q38","00","MG","PA"
"MK6 5EY",10,52.0315095613987,-0.73859537884321,064,"Y52","Q38","00","MG","PA"
"MK6 5HA",10,52.0270306096283,-0.744362195480288,064,"Y52","Q38","00","MG","PA"
"MK6 5HB",10,52.0212856413165,-0.741870609387629,064,"Y52","Q38","00","MG","PA"
"MK6 5HD",10,52.0209930651752,-0.742257735122416,064,"Y52","Q38","00","MG","PA"
"MK6 5HE",10,52.0224355460237,-0.741780051986154,064,"Y52","Q38","00","MG","PA"
"MK6 5HF",10,52.021953553917,-0.741268908317447,064,"Y52","Q38","00","MG","PA"
"MK6 5HG",10,52.022926213393,-0.742261814438424,064,"Y52","Q38","00","MG","PA"
"MK6 5HH",10,52.0268984405107,-0.746304462270706,064,"Y52","Q38","00","MG","PA"
"MK6 5HJ",10,52.0279854635163,-0.752148207015177,064,"Y52","Q38","00","MG","PA"
"MK6 5HN",10,52.0246306920311,-0.755448050823976,064,"Y52","Q38","00","MG","PA"
"MK6 5HQ",10,52.0218565827242,-0.742291813319205,064,"Y52","Q38","00","MG","PA"
"MK6 5HS",10,52.026457074623,-0.747074730844468,064,"Y52","Q38","00","MG","PA"
"MK6 5JZ",10,52.0262044117656,-0.750375842738769,064,"Y52","Q38","00","MG","PA"
"MK6 5LA",10,52.029854570815,-0.746119763156105,064,"Y52","Q38","00","MG","PA"
"MK6 5LB",10,52.0302254248402,-0.746328042489952,064,"Y52","Q38","00","MG","PA"
"MK6 5LD",10,52.0263815565189,-0.735795390306366,064,"Y52","Q38","00","MG","PA"
"MK6 5LE",10,52.0234811339442,-0.75217153039549,064,"Y52","Q38","00","MG","PA"
"MK6 5LF",10,52.0234917763498,-0.753176879099163,064,"Y52","Q38","00","MG","PA"
"MK6 5LG",10,52.0232363968393,-0.752834192093913,064,"Y52","Q38","00","MG","PA"
"MK6 5LJ",10,52.0237150912365,-0.737838143280722,064,"Y52","Q38","00","MG","PA"
"MK6 5LL",10,52.0242131382351,-0.737328581043235,064,"Y52","Q38","00","MG","PA"
"MK6 5LP",10,52.0279854635163,-0.752148207015177,064,"Y52","Q38","00","MG","PA"
"MK6 5LQ",10,52.0266762292981,-0.755026884895375,064,"Y52","Q38","00","MG","PA"
"MK6 5LR",10,52.0256122923823,-0.740364563880045,064,"Y52","Q38","00","MG","PA"
"MK6 5LS",10,52.0278984813854,-0.740591856337219,064,"Y52","Q38","00","MG","PA"
"MK6 5LT",10,52.0263163180029,-0.755853104783561,064,"Y52","Q38","00","MG","PA"
"MK6 5LU",10,52.0260982852513,-0.755640523415148,064,"Y52","Q38","00","MG","PA"
"MK6 5LW",10,52.0237393467171,-0.754481713390378,064,"Y52","Q38","00","MG","PA"
"MK6 5LX",10,52.0223543276001,-0.751896826201765,064,"Y52","Q38","00","MG","PA"
"MK6 5LY",10,52.0219070197695,-0.752958606676921,064,"Y52","Q38","00","MG","PA"
"MK6 5LZ",10,52.0258131991865,-0.756741583418061,064,"Y52","Q38","00","MG","PA"
"MK6 5NA",10,52.0263133547251,-0.753870922064201,064,"Y52","Q38","00","MG","PA"
"MK6 5NB",10,52.0247791247116,-0.75588118047212,064,"Y52","Q38","00","MG","PA"
"MK6 5ND",10,52.0252549016981,-0.755809679382939,064,"Y52","Q38","00","MG","PA"
"MK6 5NF",10,52.0256712071459,-0.75521511732008,064,"Y52","Q38","00","MG","PA"
"MK6 5NG",10,52.0247915854612,-0.738449143126069,064,"Y52","Q38","00","MG","PA"
"MK7 6AA",10,52.024912372151,-0.709747444639153,064,"Y52","Q38","00","MG","NX"
"MK7 6AE",10,52.024912372151,-0.709747444639153,064,"Y52","Q38","00","MG","NX"
"MK7 6AF",10,52.0303889836085,-0.69027546953929,064,"Y52","Q38","00","MG","NX"
"MK7 6AH",10,52.0303889836085,-0.69027546953929,064,"Y52","Q38","00","MG","NX"
"MK7 6AL",10,52.0303889836085,-0.69027546953929,064,"Y52","Q38","00","MG","NX"
"MK7 6AP",10,52.0303889836085,-0.69027546953929,064,"Y52","Q38","00","MG","NX"
"MK7 6AR",10,52.0303889836085,-0.69027546953929,064,"Y52","Q38","00","MG","NX"
"MK7 6AS",10,52.0303889836085,-0.69027546953929,064,"Y52","Q38","00","MG","NX"
"MK7 6AU",10,52.0303889836085,-0.69027546953929,064,"Y52","Q38","00","MG","NX"
"MK7 6AW",10,52.0303889836085,-0.69027546953929,064,"Y52","Q38","00","MG","NX"
"MK7 6AY",10,52.0303889836085,-0.69027546953929,064,"Y52","Q38","00","MG","NX"
"MK7 6BA",10,52.0235720231766,-0.705588511563473,064,"Y52","Q38","00","MG","NX"
"MK7 6BB",10,52.0233303550318,-0.708146037725015,064,"Y52","Q38","00","MG","NX"
"MK7 6BD",10,52.0303889836085,-0.69027546953929,064,"Y52","Q38","00","MG","NX"
"MK7 6BE",10,52.0303889836085,-0.69027546953929,064,"Y52","Q38","00","MG","NX"
"MK7 6BF",10,52.0303889836085,-0.69027546953929,064,"Y52","Q38","00","MG","NX"
"MK7 6BG",10,52.026502050906,-0.692458750992211,064,"Y52","Q38","00","MG","NX"
"MK7 6BH",10,52.024912372151,-0.709747444639153,064,"Y52","Q38","00","MG","NX"
"MK7 6BJ",10,52.0303889836085,-0.69027546953929,064,"Y52","Q38","00","MG","NX"
"MK7 6BP",10,52.0303889836085,-0.69027546953929,064,"Y52","Q38","00","MG","NX"
"MK7 6BQ",10,52.0270327481502,-0.693288670832852,064,"Y52","Q38","00","MG","NX"
"MK7 6BT",10,52.0303889836085,-0.69027546953929,064,"Y52","Q38","00","MG","NX"
"MK7 6BW",10,52.0303889836085,-0.69027546953929,064,"Y52","Q38","00","MG","NX"
"MK7 6BY",10,52.0259485321245,-0.702575670444203,064,"Y52","Q38","00","MG","NX"
"MK7 6DF",10,52.0303889836085,-0.69027546953929,064,"Y52","Q38","00","MG","NX"
"MK7 6DH",10,52.0303889836085,-0.69027546953929,064,"Y52","Q38","00","MG","NX"
"MK7 6DL",10,52.0302692978909,-0.69488525057436,064,"Y52","Q38","00","MG","NX"
"MK7 6DP",10,52.0300853798278,-0.692893584762033,064,"Y52","Q38","00","MG","NX"
"MK7 6DQ",10,52.0303889836085,-0.69027546953929,064,"Y52","Q38","00","MG","NX"
"MK7 6DR",10,52.0298022283067,-0.694928000950608,064,"Y52","Q38","00","MG","NX"
"MK7 6DS",10,52.0294383169743,-0.692110738253,064,"Y52","Q38","00","MG","NX"
"MK7 6DT",10,52.0329496992915,-0.694165793888109,064,"Y52","Q38","00","MG","NX"
"MK7 6DU",10,52.032395051082,-0.6927970845444,064,"Y52","Q38","00","MG","NX"
"MK7 6DW",10,52.0306488949051,-0.692629346152543,064,"Y52","Q38","00","MG","NX"
"MK7 6DZ",10,52.0312796930074,-0.692756722000888,064,"Y52","Q38","00","MG","NX"
"MK7 6EA",10,52.0309730786098,-0.694296255972365,064,"Y52","Q38","00","MG","NX"
"MK7 6EB",10,52.0303889836085,-0.69027546953929,064,"Y52","Q38","00","MG","NX"
"MK7 6ED",10,52.0303889836085,-0.69027546953929,064,"Y52","Q38","00","MG","NX"
"MK7 6HA",10,52.0249001997163,-0.698014849405236,064,"Y52","Q38","00","MG","NX"
"MK7 6HB",10,52.025939492123,-0.698494811567153,064,"Y52","Q38","00","MG","NX"
"MK7 6HD",10,52.0251387872801,-0.696011122744491,064,"Y52","Q38","00","MG","NX"
"MK7 6HE",10,52.0272855120651,-0.699067926248497,064,"Y52","Q38","00","MG","NX"
"MK7 6HF",10,52.0277390899413,-0.698617484891071,064,"Y52","Q38","00","MG","NX"
"MK7 6HG",10,52.0265522495502,-0.696990310398293,064,"Y52","Q38","00","MG","NX"
"MK7 6HH",10,52.0253377767313,-0.695305724284312,064,"Y52","Q38","00","MG","NX"
"MK7 6HJ",10,52.026736814404,-0.696605978707372,064,"Y52","Q38","00","MG","NX"
"MK7 6HL",10,52.0238637180916,-0.701863530042181,064,"Y52","Q38","00","MG","NX"
"MK7 6HN",10,52.0285332814366,-0.698885957904374,064,"Y52","Q38","00","MG","NX"
"MK7 6HQ",10,52.0274123578483,-0.693467094356198,064,"Y52","Q38","00","MG","NX"
"MK7 6HR",10,52.0259295035063,-0.694341103182163,064,"Y52","Q38","00","MG","NX"
"MK7 6HS",10,52.0261903262138,-0.694348083684074,064,"Y52","Q38","00","MG","NX"
"MK7 6HT",10,52.0269289828223,-0.694472331614587,064,"Y52","Q38","00","MG","NX"
"MK7 6HU",10,52.0294647016352,-0.692867951116032,064,"Y52","Q38","00","MG","NX"
"MK7 6HW",10,52.0277283698367,-0.700089973425524,064,"Y52","Q38","00","MG","NX"
"MK7 6HX",10,52.0303889836085,-0.69027546953929,064,"Y52","Q38","00","MG","NX"
"MK7 6HY",10,52.0303889836085,-0.69027546953929,064,"Y52","Q38","00","MG","NX"
"MK7 6HZ",10,52.0269207104706,-0.691295056800764,064,"Y52","Q38","00","MG","NX"
"MK7 6JA",10,52.0274807364574,-0.691526501400016,064,"Y52","Q38","00","MG","NX"
"MK7 6JB",10,52.0318703649707,-0.699007764862463,064,"Y52","Q38","00","MG","NX"
"MK7 6JD",10,52.0319283116457,-0.695303427926771,064,"Y52","Q38","00","MG","NX"
"MK7 6JE",10,52.030477120453,-0.697415583196231,064,"Y52","Q38","00","MG","NX"
"MK7 6JF",10,52.0326422603531,-0.69563251149678,064,"Y52","Q38","00","MG","NX"
"MK7 6JG",10,52.0329314523804,-0.694953521923267,064,"Y52","Q38","00","MG","NX"
"MK7 6JH",10,52.0315005831136,-0.695651153073314,064,"Y52","Q38","00","MG","NX"
"MK7 6JL",10,52.031233071089,-0.696664760412736,064,"Y52","Q38","00","MG","NX"
"MK7 6JN",10,52.0312519400578,-0.699186060815939,064,"Y52","Q38","00","MG","NX"
"MK7 6JP",10,52.0321347649025,-0.696084601670858,064,"Y52","Q38","00","MG","NX"
"MK7 6JR",10,52.0314382099398,-0.694078627396532,064,"Y52","Q38","00","MG","NX"
"MK7 6TT",10,52.0320872497903,-0.702368856775812,064,"Y52","Q38","00","MG","NX"
"MK7 6WZ",10,52.0303889836085,-0.69027546953929,064,"Y52","Q38","00","MG","NX"
"MK7 6XJ",10,52.0303889836085,-0.69027546953929,064,"Y52","Q38","00","MG","NX"
"MK7 6XQ",10,52.0303889836085,-0.69027546953929,064,"Y52","Q38","00","MG","NX"
"MK7 6YD",10,52.0303889836085,-0.69027546953929,064,"Y52","Q38","00","MG","NX"
"MK7 6YJ",10,52.0303889836085,-0.69027546953929,064,"Y52","Q38","00","MG","NX"
"MK7 6YU",10,52.0303889836085,-0.69027546953929,064,"Y52","Q38","00","MG","NX"
"MK7 6YW",10,52.0256118145629,-0.710397782465919,064,"Y52","Q38","00","MG","NX"
"MK7 6YX",10,52.0303889836085,-0.69027546953929,064,"Y52","Q38","00","MG","NX"
"MK7 6YY",10,52.0303889836085,-0.69027546953929,064,"Y52","Q38","00","MG","NX"
"MK7 6YZ",10,52.0303889836085,-0.69027546953929,064,"Y52","Q38","00","MG","NX"
"MK7 6ZQ",10,52.0303889836085,-0.69027546953929,064,"Y52","Q38","00","MG","NX"
"MK7 6ZR",10,52.0303889836085,-0.69027546953929,064,"Y52","Q38","00","MG","NX"
"MK7 6ZS",10,52.0303889836085,-0.69027546953929,064,"Y52","Q38","00","MG","NX"
"MK7 6ZT",10,52.0303889836085,-0.69027546953929,064,"Y52","Q38","00","MG","NX"
"MK7 6ZU",10,52.0303889836085,-0.69027546953929,064,"Y52","Q38","00","MG","NX"
"MK7 6ZW",10,52.0303889836085,-0.69027546953929,064,"Y52","Q38","00","MG","NX"
"MK7 7AE",10,52.0204925022841,-0.697020643600423,064,"Y52","Q38","00","MG","NX"
"MK7 7AF",10,52.0210349166063,-0.698914057094005,064,"Y52","Q38","00","MG","NX"
"MK7 7AG",10,52.0210539331831,-0.696567116253901,064,"Y52","Q38","00","MG","NX"
"MK7 7AJ",10,52.0208662451573,-0.704005199558214,064,"Y52","Q38","00","MG","NX"
"MK7 7AN",10,52.0227290838631,-0.68952271607361,064,"Y52","Q38","00","MG","NX"
"MK7 7AP",10,52.0141026833143,-0.695661668853567,064,"Y52","Q38","00","MG","NX"
"MK7 7AS",10,52.0163831421835,-0.692928617940495,064,"Y52","Q38","00","MG","NX"
"MK7 7AT",10,52.0203004462158,-0.699168542727609,064,"Y52","Q38","00","MG","NX"
"MK7 7AU",10,52.016087045096,-0.689745925803998,064,"Y52","Q38","00","MG","NX"
"MK7 7AW",10,52.0208662451573,-0.704005199558214,064,"Y52","Q38","00","MG","NX"
"MK7 7AX",10,52.0225726434555,-0.682750212420888,064,"Y52","Q38","00","MG","NX"
"MK7 7AY",10,52.0230969650055,-0.680592354326185,064,"Y52","Q38","00","MG","NX"
"MK7 7AZ",10,52.020298328923,-0.685207088001368,064,"Y52","Q38","00","MG","NX"
"MK7 7BA",10,52.016718514912,-0.693982633123086,064,"Y52","Q38","00","MG","NX"
"MK7 7BB",10,52.0158093435015,-0.693076487893909,064,"Y52","Q38","00","MG","NX"
"MK7 7BD",10,52.0165172555234,-0.692050367076733,064,"Y52","Q38","00","MG","NX"
"MK7 7BE",10,52.017716906951,-0.692394275451566,064,"Y52","Q38","00","MG","NX"
"MK7 7BG",10,52.017488247133,-0.691235126189976,064,"Y52","Q38","00","MG","NX"
"MK7 7BH",10,52.0172049582887,-0.69325441147175,064,"Y52","Q38","00","MG","NX"
"MK7 7BJ",10,52.0168527976687,-0.693118946463623,064,"Y52","Q38","00","MG","NX"
"MK7 7BL",10,52.0160742398597,-0.691830129688713,064,"Y52","Q38","00","MG","NX"
"MK7 7BN",10,52.0166127410211,-0.690124024396447,064,"Y52","Q38","00","MG","NX"
"MK7 7BP",10,52.0165950047224,-0.690955169509406,064,"Y52","Q38","00","MG","NX"
"MK7 7BQ",10,52.0169312948353,-0.691280522634424,064,"Y52","Q38","00","MG","NX"
"MK7 7BS",10,52.0172920089405,-0.697055330751067,064,"Y52","Q38","00","MG","NX"
"MK7 7BT",10,52.01823070465,-0.694944132232273,064,"Y52","Q38","00","MG","NX"
"MK7 7BU",10,52.018903913731,-0.693219484260086,064,"Y52","Q38","00","MG","NX"
"MK7 7BW",10,52.0158186499729,-0.695538909835854,064,"Y52","Q38","00","MG","NX"
"MK7 7BX",10,52.0153566473829,-0.694415729768298,064,"Y52","Q38","00","MG","NX"
"MK7 7BY",10,52.0166275701727,-0.698765031213006,064,"Y52","Q38","00","MG","NX"
"MK7 7BZ",10,52.0185050338455,-0.692925072749593,064,"Y52","Q38","00","MG","NX"
"MK7 7DA",10,52.018824625151,-0.695801237658084,064,"Y52","Q38","00","MG","NX"
"MK7 7DB",10,52.0184383607281,-0.697459218430079,064,"Y52","Q38","00","MG","NX"
"MK7 7DD",10,52.0187993923818,-0.699212079830439,064,"Y52","Q38","00","MG","NX"
"MK7 7DE",10,52.0153362936199,-0.69258025108843,064,"Y52","Q38","00","MG","NX"
"MK7 7DF",10,52.0154297919379,-0.693714143704077,064,"Y52","Q38","00","MG","NX"
"MK7 7DG",10,52.0258418345759,-0.687260005759549,064,"Y52","Q38","00","MG","NX"
"MK7 7DH",10,52.0174996008774,-0.698754304961921,064,"Y52","Q38","00","MG","NX"
"MK7 7DJ",10,52.0177978252027,-0.698891380676228,064,"Y52","Q38","00","MG","NX"
"MK7 7DL",10,52.0215548252235,-0.700400095824098,064,"Y52","Q38","00","MG","NX"
"MK7 7DN",10,52.0201119375465,-0.69188723932347,064,"Y52","Q38","00","MG","NX"
"MK7 7DP",10,52.0180420037877,-0.693332034234089,064,"Y52","Q38","00","MG","NX"
"MK7 7DQ",10,52.0194412639195,-0.699528649562407,064,"Y52","Q38","00","MG","NX"
"MK7 7DR",10,52.0174599175327,-0.694354507238326,064,"Y52","Q38","00","MG","NX"
"MK7 7DS",10,52.0182919572579,-0.693980535071375,064,"Y52","Q38","00","MG","NX"
"MK7 7DT",10,52.0174847697971,-0.690113130129266,064,"Y52","Q38","00","MG","NX"
"MK7 7DU",10,52.0198638019707,-0.697082629745822,064,"Y52","Q38","00","MG","NX"
"MK7 7DW",10,52.0255554035225,-0.686568776007831,064,"Y52","Q38","00","MG","NX"
"MK7 7DZ",10,52.0192441200624,-0.697960454428124,064,"Y52","Q38","00","MG","NX"
"MK7 7EA",10,52.0195750809887,-0.694555251579006,064,"Y52","Q38","00","MG","NX"
"MK7 7EB",10,52.0196450963965,-0.692760686213595,064,"Y52","Q38","00","MG","NX"
"MK7 7ED",10,52.0150798319114,-0.695400104631769,064,"Y52","Q38","00","MG","NX"
"MK7 7EG",10,52.022097471492,-0.699058119410973,064,"Y52","Q38","00","MG","NX"
"MK7 7EH",10,52.0182747079978,-0.699737349950203,064,"Y52","Q38","00","MG","NX"
"MK7 7EJ",10,52.0176951121242,-0.699360688345274,064,"Y52","Q38","00","MG","NX"
"MK7 7EL",10,52.0193387194945,-0.700828645324484,064,"Y52","Q38","00","MG","NX"
"MK7 7EN",10,52.0223240610793,-0.697594120243497,064,"Y52","Q38","00","MG","NX"
"MK7 7EP",10,52.020398873707,-0.695872046739148,064,"Y52","Q38","00","MG","NX"
"MK7 7EQ",10,52.0224329142319,-0.698494565018137,064,"Y52","Q38","00","MG","NX"
"MK7 7ER",10,52.0198011579001,-0.691429953727374,064,"Y52","Q38","00","MG","NX"
"MK7 7ES",10,52.0197085021025,-0.699302299390642,064,"Y52","Q38","00","MG","NX"
"MK7 7ET",10,52.0201036463992,-0.698445574242886,064,"Y52","Q38","00","MG","NX"
"MK7 7EU",50,52.0201036463992,-0.698445574242886,064,"Y52","Q38","00","MG","NX"
"MK7 7EW",10,52.0216683956059,-0.697656884426457,064,"Y52","Q38","00","MG","NX"
"MK7 7HA",10,52.0144771330862,-0.703519501516673,064,"Y52","Q38","00","MG","NX"
"MK7 7HB",10,52.0168073740441,-0.702840103964793,064,"Y52","Q38","00","MG","NX"
"MK7 7HD",10,52.0148779143053,-0.699908675190233,064,"Y52","Q38","00","MG","NX"
"MK7 7HE",10,52.0141500023504,-0.699128334195226,064,"Y52","Q38","00","MG","NX"
"MK7 7HF",10,52.014046502347,-0.702788798085619,064,"Y52","Q38","00","MG","NX"
"MK7 7HG",10,52.014856902279,-0.701264464119889,064,"Y52","Q38","00","MG","NX"
"MK7 7HH",10,52.0162569987148,-0.70266658097254,064,"Y52","Q38","00","MG","NX"
"MK7 7HJ",10,52.0155461159002,-0.702614281428351,064,"Y52","Q38","00","MG","NX"
"MK7 7HL",10,52.0212784912775,-0.68602363991617,064,"Y52","Q38","00","MG","NX"
"MK7 7HN",10,52.015536959049,-0.703416008744867,064,"Y52","Q38","00","MG","NX"
"MK7 7HP",10,52.0158075723684,-0.70023146105255,064,"Y52","Q38","00","MG","NX"
"MK7 7HQ",10,52.0156406561405,-0.702218100815687,064,"Y52","Q38","00","MG","NX"
"MK7 7HR",10,52.0147230050314,-0.698907711787029,064,"Y52","Q38","00","MG","NX"
"MK7 7HS",10,52.0142501402235,-0.698425991818173,064,"Y52","Q38","00","MG","NX"
"MK7 7HT",10,52.0143314920999,-0.697651333338098,064,"Y52","Q38","00","MG","NX"
"MK7 7HU",10,52.0133366537167,-0.697126505034544,064,"Y52","Q38","00","MG","NX"
"MK7 7HW",10,52.0145708803726,-0.70223447964705,064,"Y52","Q38","00","MG","NX"
"MK7 7HX",10,52.0138758233601,-0.697912278402341,064,"Y52","Q38","00","MG","NX"
"MK7 7HY",10,52.0131524080331,-0.697539851994988,064,"Y52","Q38","00","MG","NX"
"MK7 7HZ",10,52.016058892005,-0.705091298253537,064,"Y52","Q38","00","MG","NX"
"MK7 7JA",10,52.0128021523962,-0.696763178509787,064,"Y52","Q38","00","MG","NX"
"MK7 7JD",10,52.0152716192007,-0.704633151018523,064,"Y52","Q38","00","MG","NX"
"MK7 7JF",10,52.0232569759562,-0.678824121244732,064,"Y52","Q38","00","MG","NX"
"MK7 7JH",10,52.0139206674521,-0.70116042665572,064,"Y52","Q38","00","MG","NX"
"MK7 7LA",10,52.02369033182,-0.69512046254715,064,"Y52","Q38","00","MG","NX"
"MK7 7LB",10,52.0237994825138,-0.695233884240445,064,"Y52","Q38","00","MG","NX"
"MK7 7LD",10,52.0228397271395,-0.693818940912153,064,"Y52","Q38","00","MG","NX"
"MK7 7LE",10,52.0238044832354,-0.695685555767687,064,"Y52","Q38","00","MG","NX"
"MK7 7LF",10,52.0238086760542,-0.696064377149997,064,"Y52","Q38","00","MG","NX"
"MK7 7LG",10,52.0228944459653,-0.696324152077128,064,"Y52","Q38","00","MG","NX"
"MK7 7LH",10,52.0202417784434,-0.693865460135221,064,"Y52","Q38","00","MG","NX"
"MK7 7LJ",10,52.0196788485933,-0.693371785418361,064,"Y52","Q38","00","MG","NX"
"MK7 7LL",10,52.0216610672131,-0.695368972241731,064,"Y52","Q38","00","MG","NX"
"MK7 7LN",10,52.0221437778677,-0.69673947832035,064,"Y52","Q38","00","MG","NX"
"MK7 7LP",10,52.0227141056574,-0.694653340198287,064,"Y52","Q38","00","MG","NX"
"MK7 7LQ",10,52.0233003716336,-0.696443522143694,064,"Y52","Q38","00","MG","NX"
"MK7 7LR",10,52.0213637583108,-0.694503184415443,064,"Y52","Q38","00","MG","NX"
"MK7 7LS",10,52.0180055971243,-0.691671788628778,064,"Y52","Q38","00","MG","NX"
"MK7 7LT",10,52.0177361092306,-0.691694222429778,064,"Y52","Q38","00","MG","NX"
"MK7 7LU",10,52.0231095910184,-0.690590111066203,064,"Y52","Q38","00","MG","NX"
"MK7 7LW",10,52.0224937999886,-0.695869421334105,064,"Y52","Q38","00","MG","NX"
"MK7 7LX",10,52.0232405188309,-0.691854275169306,064,"Y52","Q38","00","MG","NX"
"MK7 7LY",10,52.0233443065649,-0.693104662865358,064,"Y52","Q38","00","MG","NX"
"MK7 7LZ",10,52.0241132048482,-0.690283882548616,064,"Y52","Q38","00","MG","NX"
"MK7 7NA",10,52.0187932420491,-0.69215887128789,064,"Y52","Q38","00","MG","NX"
"MK7 7NB",10,52.0220128014467,-0.693843026731886,064,"Y52","Q38","00","MG","NX"
"MK7 7ND",10,52.0238604137022,-0.694241027486087,064,"Y52","Q38","00","MG","NX"
"MK7 7NE",10,52.0241040111669,-0.69350519191449,064,"Y52","Q38","00","MG","NX"
"MK7 7NF",10,52.0234722437328,-0.69329040453179,064,"Y52","Q38","00","MG","NX"
"MK7 7NG",10,52.0181911161089,-0.691374918452616,064,"Y52","Q38","00","MG","NX"
"MK7 7NH",10,52.0247543662899,-0.691343709564181,064,"Y52","Q38","00","MG","NX"
"MK7 7NJ",10,52.0250852258195,-0.691989935787435,064,"Y52","Q38","00","MG","NX"
"MK7 7NL",10,52.0249616683493,-0.690579752906269,064,"Y52","Q38","00","MG","NX"
"MK7 7NN",10,52.0183489327182,-0.691822075989395,064,"Y52","Q38","00","MG","NX"
"MK7 7NP",10,52.0248108567609,-0.693193095385917,064,"Y52","Q38","00","MG","NX"
"MK7 7NQ",10,52.0189958571903,-0.690972534914111,064,"Y52","Q38","00","MG","NX"
"MK7 7NR",10,52.0211389958203,-0.693693590212096,064,"Y52","Q38","00","MG","NX"
"MK7 7NS",10,52.0225367489867,-0.692443204138228,064,"Y52","Q38","00","MG","NX"
"MK7 7NT",10,52.0227038984337,-0.691301527930979,064,"Y52","Q38","00","MG","NX"
"MK7 7NU",10,52.0236245968345,-0.690006659703012,064,"Y52","Q38","00","MG","NX"
"MK7 7NW",10,52.0188917196195,-0.691310756872042,064,"Y52","Q38","00","MG","NX"
"MK7 7NX",10,52.022866082652,-0.692142112479426,064,"Y52","Q38","00","MG","NX"
"MK7 7NY",10,52.0238652566734,-0.690626344238878,064,"Y52","Q38","00","MG","NX"
"MK7 7NZ",10,52.02246742915,-0.692678414361196,064,"Y52","Q38","00","MG","NX"
"MK7 7PA",10,52.0223713652693,-0.693745137329446,064,"Y52","Q38","00","MG","NX"
"MK7 7PB",10,52.0218848290773,-0.691223411939919,064,"Y52","Q38","00","MG","NX"
"MK7 7PG",10,52.0160312567955,-0.694439810535209,064,"Y52","Q38","00","MG","NX"
"MK7 7RA",10,52.0248234257628,-0.683820949983957,064,"Y52","Q38","00","MG","NX"
"MK7 7RB",10,52.0246140529933,-0.684395521496818,064,"Y52","Q38","00","MG","NX"
"MK7 7RF",10,52.0244997705371,-0.68141100221699,064,"Y52","Q38","00","MG","NX"
"MK7 7RH",10,52.0252801165282,-0.687684557556563,064,"Y52","Q38","00","MG","NX"
"MK7 7RJ",10,52.0243062969349,-0.687436134191884,064,"Y52","Q38","00","MG","NX"
"MK7 7RL",10,52.0218395127849,-0.683121526106461,064,"Y52","Q38","00","MG","NX"
"MK7 7RN",10,52.0215206011421,-0.679531107923961,064,"Y52","Q38","00","MG","NX"
"MK7 7RQ",10,52.0253428246738,-0.686050293669561,064,"Y52","Q38","00","MG","NX"
"MK7 7RR",10,52.0218143028192,-0.684084157835584,064,"Y52","Q38","00","MG","NX"
"MK7 7RS",10,52.0231170759099,-0.67997963188459,064,"Y52","Q38","00","MG","NX"
"MK7 7RT",10,52.021586793211,-0.678217494811741,064,"Y52","Q38","00","MG","NX"
"MK7 7RU",10,52.0246142856715,-0.686027916995687,064,"Y52","Q38","00","MG","NX"
"MK7 7RW",10,52.0250202708842,-0.685345563125734,064,"Y52","Q38","00","MG","NX"
"MK7 7RX",10,52.0225374244095,-0.678801597639161,064,"Y52","Q38","00","MG","NX"
"MK7 7RY",10,52.0220383311964,-0.678393650324687,064,"Y52","Q38","00","MG","NX"
"MK7 7RZ",10,52.0235120722277,-0.684748494926868,064,"Y52","Q38","00","MG","NX"
"MK7 7SA",10,52.0227211673513,-0.686389451136876,064,"Y52","Q38","00","MG","NX"
"MK7 7SB",10,52.0228891278531,-0.686938360391512,064,"Y52","Q38","00","MG","NX"
"MK7 7SD",10,52.0235350885635,-0.687619029528621,064,"Y52","Q38","00","MG","NX"
"MK7 7SE",10,52.0243681367944,-0.686530677866376,064,"Y52","Q38","00","MG","NX"
"MK7 7SF",10,52.0237642322074,-0.684784823067881,064,"Y52","Q38","00","MG","NX"
"MK7 7SG",10,52.023479919708,-0.686702441240835,064,"Y52","Q38","00","MG","NX"
"MK7 7SH",10,52.0223710492965,-0.680001591990048,064,"Y52","Q38","00","MG","NX"
"MK7 7SJ",10,52.026241599333,-0.686825610769592,064,"Y52","Q38","00","MG","NX"
"MK7 7SL",10,52.0265504381888,-0.684688520790384,064,"Y52","Q38","00","MG","NX"
"MK7 7SN",10,52.0269731675674,-0.685506939663784,064,"Y52","Q38","00","MG","NX"
"MK7 7SP",10,52.0264501419958,-0.68375862337318,064,"Y52","Q38","00","MG","NX"
"MK7 7SQ",10,52.0238885085303,-0.686253231222566,064,"Y52","Q38","00","MG","NX"
"MK7 7SR",10,52.0259942159684,-0.683188988455091,064,"Y52","Q38","00","MG","NX"
"MK7 7SS",10,52.0256812183125,-0.684145579583127,064,"Y52","Q38","00","MG","NX"
"MK7 7ST",10,52.0257778879596,-0.685556556427996,064,"Y52","Q38","00","MG","NX"
"MK7 7SU",10,52.0210211773549,-0.684719532436963,064,"Y52","Q38","00","MG","NX"
"MK7 7SW",10,52.0268738537335,-0.684664457452956,064,"Y52","Q38","00","MG","NX"
"MK7 7SX",10,52.0204925724057,-0.683277667288526,064,"Y52","Q38","00","MG","NX"
"MK7 7SY",10,52.0201697711556,-0.684161559427006,064,"Y52","Q38","00","MG","NX"
"MK7 7TA",10,52.0251954293857,-0.682512836581639,064,"Y52","Q38","00","MG","NX"
"MK7 7TB",10,52.0241110082282,-0.680416768573228,064,"Y52","Q38","00","MG","NX"
"MK7 7TH",10,52.0221472685213,-0.685721274023671,064,"Y52","Q38","00","MG","NX"
"MK7 7TJ",10,52.0226475700533,-0.684628106957626,064,"Y52","Q38","00","MG","NX"
"MK7 7TL",10,52.0229177066751,-0.684663906518724,064,"Y52","Q38","00","MG","NX"
"MK7 7TN",10,52.0226507017555,-0.684103337291825,064,"Y52","Q38","00","MG","NX"
"MK7 7TT",10,52.0227201100598,-0.680661740066504,064,"Y52","Q38","00","MG","NX"
"MK7 7WH",10,52.0205868593496,-0.688506860986101,064,"Y52","Q38","00","MG","NX"
"MK7 7WW",10,52.0303889836085,-0.69027546953929,064,"Y52","Q38","00","MG","NX"
"MK7 7XH",10,52.0303889836085,-0.69027546953929,064,"Y52","Q38","00","MG","NX"
"MK7 7XQ",10,52.0303889836085,-0.69027546953929,064,"Y52","Q38","00","MG","NX"
"MK7 7XZ",10,52.0303889836085,-0.69027546953929,064,"Y52","Q38","00","MG","NX"
"MK7 7YD",10,52.0303889836085,-0.69027546953929,064,"Y52","Q38","00","MG","NX"
"MK7 7ZF",10,52.0303889836085,-0.69027546953929,064,"Y52","Q38","00","MG","NX"
"MK7 7ZJ",10,52.0303889836085,-0.69027546953929,064,"Y52","Q38","00","MG","NX"
"MK7 7ZR",10,52.0303889836085,-0.69027546953929,064,"Y52","Q38","00","MG","NX"
"MK7 8AD",10,52.0106511456167,-0.700643125739253,064,"Y52","Q38","00","MG","NX"
"MK7 8AE",10,52.0093218506495,-0.695888083662565,064,"Y52","Q38","00","MG","NX"
"MK7 8AF",10,52.0198054815007,-0.678124260537438,064,"Y52","Q38","00","MG","NX"
"MK7 8AG",10,52.0107085872314,-0.699330118873386,064,"Y52","Q38","00","MG","NX"
"MK7 8AH",10,52.0105466499696,-0.700136187260502,064,"Y52","Q38","00","MG","NX"
"MK7 8AJ",10,52.0086641368607,-0.688476589647753,064,"Y52","Q38","00","MG","NX"
"MK7 8AN",10,52.0105934888114,-0.698677785814151,064,"Y52","Q38","00","MG","NX"
"MK7 8AQ",10,52.0096452921563,-0.686961752327389,064,"Y52","Q38","00","MG","NX"
"MK7 8AT",10,52.0102122363245,-0.688620748085753,064,"Y52","Q38","00","MG","NX"
"MK7 8AW",10,52.0107854710929,-0.690847851958809,064,"Y52","Q38","00","MG","NX"
"MK7 8AZ",10,52.0123838568957,-0.689854089439395,064,"Y52","Q38","00","MG","NX"
"MK7 8BE",10,52.0129561897791,-0.691192497922105,064,"Y52","Q38","00","MG","NX"
"MK7 8BH",10,52.0058227851493,-0.700637259184349,064,"Y52","Q38","00","MG","NX"
"MK7 8BJ",10,52.0082453053548,-0.692859740556041,064,"Y52","Q38","00","MG","NX"
"MK7 8BL",10,52.0113006939693,-0.692712435112089,064,"Y52","Q38","00","MG","NX"
"MK7 8BN",10,52.0115613220506,-0.686235417616412,064,"Y52","Q38","00","MG","NX"
"MK7 8BQ",10,52.0101778952675,-0.692002066385449,064,"Y52","Q38","00","MG","NX"
"MK7 8DA",10,52.0151998465052,-0.687586048151997,064,"Y52","Q38","00","MG","NX"
"MK7 8DB",10,52.0148389136084,-0.686664010676677,064,"Y52","Q38","00","MG","NX"
"MK7 8DD",10,52.0147847133986,-0.685835003635147,064,"Y52","Q38","00","MG","NX"
"MK7 8DE",10,52.0159215075046,-0.687798087941915,064,"Y52","Q38","00","MG","NX"
"MK7 8DF",10,52.0124563476493,-0.684256682977223,064,"Y52","Q38","00","MG","NX"
"MK7 8DG",10,52.0145798196767,-0.685199849061992,064,"Y52","Q38","00","MG","NX"
"MK7 8DH",10,52.0137413655562,-0.686608715668937,064,"Y52","Q38","00","MG","NX"
"MK7 8DJ",10,52.0130730351377,-0.685535438186308,064,"Y52","Q38","00","MG","NX"
"MK7 8DL",10,52.0135547099624,-0.684384752662729,064,"Y52","Q38","00","MG","NX"
"MK7 8DN",10,52.0155163140237,-0.683715192105941,064,"Y52","Q38","00","MG","NX"
"MK7 8DP",10,52.0158502180718,-0.683020501299788,064,"Y52","Q38","00","MG","NX"
"MK7 8DQ",10,52.0122012951196,-0.683156768536288,064,"Y52","Q38","00","MG","NX"
"MK7 8DR",10,52.0150335496524,-0.683962509314143,064,"Y52","Q38","00","MG","NX"
"MK7 8DS",10,52.0167486870723,-0.683766461208076,064,"Y52","Q38","00","MG","NX"
"MK7 8DT",10,52.0156930686276,-0.685050640351947,064,"Y52","Q38","00","MG","NX"
"MK7 8DU",10,52.0157637886666,-0.685748030013371,064,"Y52","Q38","00","MG","NX"
"MK7 8DW",10,52.0155878552242,-0.684485413359266,064,"Y52","Q38","00","MG","NX"
"MK7 8DX",10,52.0147421417282,-0.684437356957676,064,"Y52","Q38","00","MG","NX"
"MK7 8DY",10,52.0152829693615,-0.686170133550873,064,"Y52","Q38","00","MG","NX"
"MK7 8DZ",10,52.0168502829715,-0.684812699668901,064,"Y52","Q38","00","MG","NX"
"MK7 8EA",10,52.0155398392534,-0.686628915902304,064,"Y52","Q38","00","MG","NX"
"MK7 8EB",10,52.0162847852676,-0.68570361982943,064,"Y52","Q38","00","MG","NX"
"MK7 8ED",10,52.0162742819166,-0.686374253775512,064,"Y52","Q38","00","MG","NX"
"MK7 8EE",10,52.0190099085653,-0.680945764864077,064,"Y52","Q38","00","MG","NX"
"MK7 8EF",10,52.0186645837142,-0.681422259991683,064,"Y52","Q38","00","MG","NX"
"MK7 8EG",10,52.0115793662687,-0.681411959151263,064,"Y52","Q38","00","MG","NX"
"MK7 8EH",10,52.0112292561357,-0.683068735839579,064,"Y52","Q38","00","MG","NX"
"MK7 8EJ",10,52.0122944669624,-0.682644047862079,064,"Y52","Q38","00","MG","NX"
"MK7 8EL",10,52.0182829777607,-0.681870668031782,064,"Y52","Q38","00","MG","NX"
"MK7 8EN",10,52.0170537241857,-0.681294745918779,064,"Y52","Q38","00","MG","NX"
"MK7 8EP",10,52.0177774889551,-0.682497581524308,064,"Y52","Q38","00","MG","NX"
"MK7 8EQ",10,52.0114330847364,-0.681999088359911,064,"Y52","Q38","00","MG","NX"
"MK7 8ER",10,52.0170672550886,-0.685724409241993,064,"Y52","Q38","00","MG","NX"
"MK7 8ES",10,52.0123113527255,-0.684960344735109,064,"Y52","Q38","00","MG","NX"
"MK7 8ET",10,52.0117459462706,-0.684248376945553,064,"Y52","Q38","00","MG","NX"
"MK7 8EU",10,52.0182121845724,-0.682776271087337,064,"Y52","Q38","00","MG","NX"
"MK7 8EW",10,52.0174129065758,-0.682056537783103,064,"Y52","Q38","00","MG","NX"
"MK7 8EY",10,52.0197899457665,-0.676740239441802,064,"Y52","Q38","00","MG","NX"
"MK7 8EZ",10,52.0189246178171,-0.676547172955273,064,"Y52","Q38","00","MG","NX"
"MK7 8FD",10,52.0062067208087,-0.701208901804186,064,"Y52","Q38","00","MG","NX"
"MK7 8FE",10,52.0064922630789,-0.701827108255007,064,"Y52","Q38","00","MG","NX"
"MK7 8HA",10,52.0176593924329,-0.684803546952258,064,"Y52","Q38","00","MG","NX"
"MK7 8HD",10,52.0097856973042,-0.695554056617355,064,"Y52","Q38","00","MG","NX"
"MK7 8HE",10,52.0071127163257,-0.697758888284717,064,"Y52","Q38","00","MG","NX"
"MK7 8HF",10,52.0088144370839,-0.698787666508189,064,"Y52","Q38","00","MG","NX"
"MK7 8HG",10,52.008420508049,-0.697312977733966,064,"Y52","Q38","00","MG","NX"
"MK7 8HH",10,52.0097658620384,-0.697011651221282,064,"Y52","Q38","00","MG","NX"
"MK7 8HJ",10,52.0083076179163,-0.696048691141904,064,"Y52","Q38","00","MG","NX"
"MK7 8HL",10,52.0081955269855,-0.698922173197363,064,"Y52","Q38","00","MG","NX"
"MK7 8HN",10,52.0071536596948,-0.698209349137787,064,"Y52","Q38","00","MG","NX"
"MK7 8HP",10,52.0113951054887,-0.707790361259545,064,"Y52","Q38","00","MG","NX"
"MK7 8HQ",10,52.0089845195551,-0.69709262269777,064,"Y52","Q38","00","MG","NX"
"MK7 8HR",10,52.0182934856667,-0.677192434630368,064,"Y52","Q38","00","MG","NX"
"MK7 8HS",10,52.0078594184222,-0.698611389496697,064,"Y52","Q38","00","MG","NX"
"MK7 8HT",10,52.0144926897694,-0.68222976951073,064,"Y52","Q38","00","MG","NX"
"MK7 8HX",10,52.011107352776,-0.689876797842104,064,"Y52","Q38","00","MG","NX"
"MK7 8HY",10,52.0113857435299,-0.689038137122414,064,"Y52","Q38","00","MG","NX"
"MK7 8HZ",10,52.0076348702497,-0.698632471964084,064,"Y52","Q38","00","MG","NX"
"MK7 8JB",10,52.0303889836085,-0.69027546953929,064,"Y52","Q38","00","MG","NX"
"MK7 8JD",10,52.0303889836085,-0.69027546953929,064,"Y52","Q38","00","MG","NX"
"MK7 8JH",10,52.0088852486689,-0.700315451083794,064,"Y52","Q38","00","MG","NX"
"MK7 8JP",10,52.0303889836085,-0.69027546953929,064,"Y52","Q38","00","MG","NX"
"MK7 8JT",10,52.0027490827288,-0.702386998349696,064,"Y52","Q38","00","MG","NX"
"MK7 8JU",10,52.0033277075566,-0.702676196496065,064,"Y52","Q38","00","MG","NX"
"MK7 8LA",10,52.0056875638149,-0.697348614716435,064,"Y52","Q38","00","MG","NX"
"MK7 8LB",10,52.0056290170732,-0.698559527491002,064,"Y52","Q38","00","MG","NX"
"MK7 8LE",10,52.0038912252606,-0.699148953468909,064,"Y52","Q38","00","MG","NX"
"MK7 8LF",10,52.0036917275085,-0.699810305713062,064,"Y52","Q38","00","MG","NX"
"MK7 8LG",10,52.0031543621418,-0.700816500801402,064,"Y52","Q38","00","MG","NX"
"MK7 8LH",10,52.0062017183937,-0.699125677367472,064,"Y52","Q38","00","MG","NX"
"MK7 8LJ",10,52.0067077817165,-0.698542807356883,064,"Y52","Q38","00","MG","NX"
"MK7 8LL",10,52.0058120018581,-0.698845598020338,064,"Y52","Q38","00","MG","NX"
"MK7 8LN",10,52.0110486505997,-0.697557217949927,064,"Y52","Q38","00","MG","NX"
"MK7 8LP",10,52.011261661441,-0.698119289652422,064,"Y52","Q38","00","MG","NX"
"MK7 8LQ",10,52.0029997967781,-0.70147653443625,064,"Y52","Q38","00","MG","NX"
"MK7 8LR",10,52.0108164961594,-0.696077764795311,064,"Y52","Q38","00","MG","NX"
"MK7 8LS",10,52.0066908425926,-0.696197660959433,064,"Y52","Q38","00","MG","NX"
"MK7 8LT",10,52.0072739572969,-0.696078731151702,064,"Y52","Q38","00","MG","NX"
"MK7 8LU",10,52.006512721358,-0.697164398732681,064,"Y52","Q38","00","MG","NX"
"MK7 8LW",10,52.0112272577045,-0.696634081509796,064,"Y52","Q38","00","MG","NX"
"MK7 8NA",10,52.0076422829134,-0.700118344401892,064,"Y52","Q38","00","MG","NX"
"MK7 8NB",10,52.0088040391157,-0.701104576017569,064,"Y52","Q38","00","MG","NX"
"MK7 8ND",10,52.0044608897814,-0.701885876244888,064,"Y52","Q38","00","MG","NX"
"MK7 8NE",10,52.0062810212598,-0.699793554175919,064,"Y52","Q38","00","MG","NX"
"MK7 8NL",10,52.0050414298601,-0.699902315734291,064,"Y52","Q38","00","MG","NX"
"MK7 8PA",10,52.0149022788115,-0.680265106255493,064,"Y52","Q38","00","MG","NX"
"MK7 8PB",10,52.0163317584847,-0.678649234555788,064,"Y52","Q38","00","MG","NX"
"MK7 8PD",10,52.0171871156207,-0.67795369545957,064,"Y52","Q38","00","MG","NX"
"MK7 8PE",10,52.0172201260707,-0.677690415163723,064,"Y52","Q38","00","MG","NX"
"MK7 8PF",10,52.0159968664532,-0.675249198072661,064,"Y52","Q38","00","MG","NX"
"MK7 8PG",10,52.0149088316024,-0.677641976056646,064,"Y52","Q38","00","MG","NX"
"MK7 8PH",10,52.0179869083115,-0.678717055815181,064,"Y52","Q38","00","MG","NX"
"MK7 8PJ",10,52.0162284756407,-0.678258824966302,064,"Y52","Q38","00","MG","NX"
"MK7 8PL",10,52.0143160097198,-0.673695953517765,064,"Y52","Q38","00","MG","NX"
"MK7 8PN",10,52.0160468910379,-0.680508301371949,064,"Y52","Q38","00","MG","NX"
"MK7 8PP",10,52.0162498789429,-0.679365689857867,064,"Y52","Q38","00","MG","NX"
"MK7 8PR",10,52.0170258099409,-0.679605149615998,064,"Y52","Q38","00","MG","NX"
"MK7 8PS",10,52.0177726534122,-0.679656027123132,064,"Y52","Q38","00","MG","NX"
"MK7 8PT",10,52.0182225449472,-0.680488014017665,064,"Y52","Q38","00","MG","NX"
"MK7 8PU",10,52.017851414766,-0.680265767357224,064,"Y52","Q38","00","MG","NX"
"MK7 8PW",10,52.016721012342,-0.680488470068574,064,"Y52","Q38","00","MG","NX"
"MK7 8PX",10,52.0152750404494,-0.680633010655362,064,"Y52","Q38","00","MG","NX"
"MK7 8PZ",10,52.0180957178581,-0.675595246985372,064,"Y52","Q38","00","MG","NX"
"MK7 8QA",10,52.0171056771,-0.6747064078422,064,"Y52","Q38","00","MG","NX"
"MK7 8QB",10,52.0162942753554,-0.674511797590519,064,"Y52","Q38","00","MG","NX"
"MK7 8QD",10,52.0161258298997,-0.676323737476744,064,"Y52","Q38","00","MG","NX"
"MK7 8QH",10,52.0183714392457,-0.679332366612894,064,"Y52","Q38","00","MG","NX"
"MK7 8QJ",10,52.0186440330909,-0.677983615531244,064,"Y52","Q38","00","MG","NX"
"MK7 8QL",10,52.0130322369661,-0.679474989668566,064,"Y52","Q38","00","MG","NX"
"MK7 8QN",10,52.0134394925614,-0.678909287960487,064,"Y52","Q38","00","MG","NX"
"MK7 8QP",10,52.0137011247973,-0.679790443114998,064,"Y52","Q38","00","MG","NX"
"MK7 8QR",10,52.0127137317123,-0.678333243774091,064,"Y52","Q38","00","MG","NX"
"MK7 8QS",10,52.0134244578977,-0.677569162572141,064,"Y52","Q38","00","MG","NX"
"MK7 8QT",10,52.0142827583024,-0.677937294235996,064,"Y52","Q38","00","MG","NX"
"MK7 8QU",10,52.014930567198,-0.678777942129588,064,"Y52","Q38","00","MG","NX"
"MK7 8QW",10,52.0131631457866,-0.678320002783569,064,"Y52","Q38","00","MG","NX"
"MK7 8RA",10,52.0134795137082,-0.676066683975007,064,"Y52","Q38","00","MG","NX"
"MK7 8RB",10,52.0139507962443,-0.674799619601142,064,"Y52","Q38","00","MG","NX"
"MK7 8RD",10,52.0148289965955,-0.673739072954236,064,"Y52","Q38","00","MG","NX"
"MK7 8RE",10,52.0146051755406,-0.676222893497271,064,"Y52","Q38","00","MG","NX"
"MK7 8RF",10,52.0154948338385,-0.675380601791691,064,"Y52","Q38","00","MG","NX"
"MK7 8RG",10,52.0161017519779,-0.6741823247235,064,"Y52","Q38","00","MG","NX"
"MK7 8TG",10,52.0086265027577,-0.699681875049562,064,"Y52","Q38","00","MG","NX"
"MK7 8WA",10,52.0303889836085,-0.69027546953929,064,"Y52","Q38","00","MG","NX"
"MK7 8WX",10,52.0303889836085,-0.69027546953929,064,"Y52","Q38","00","MG","NX"
"MK7 8WZ",10,52.0303889836085,-0.69027546953929,064,"Y52","Q38","00","MG","NX"
"MK7 8XJ",10,52.0303889836085,-0.69027546953929,064,"Y52","Q38","00","MG","NX"
"MK7 8XS",10,52.0303889836085,-0.69027546953929,064,"Y52","Q38","00","MG","NX"
"MK7 8YX",10,52.0303889836085,-0.69027546953929,064,"Y52","Q38","00","MG","NX"
"MK771AA",10,52.0420878589393,-0.818869917662657,064,"Y52","Q38","00","MG","NW"
"MK771AB",10,52.0420878589393,-0.818869917662657,064,"Y52","Q38","00","MG","NW"
"MK771AD",10,52.0420878589393,-0.818869917662657,064,"Y52","Q38","00","MG","NW"
"MK771AE",10,52.0420878589393,-0.818869917662657,064,"Y52","Q38","00","MG","NW"
"MK771AN",10,52.0420878589393,-0.818869917662657,064,"Y52","Q38","00","MG","NW"
"MK771AS",10,52.0420878589393,-0.818869917662657,064,"Y52","Q38","00","MG","NW"
"MK771AU",10,52.0420878589393,-0.818869917662657,064,"Y52","Q38","00","MG","NW"
"MK771AW",10,52.0420878589393,-0.818869917662657,064,"Y52","Q38","00","MG","NW"
"MK771AX",10,52.0420878589393,-0.818869917662657,064,"Y52","Q38","00","MG","NW"
"MK771AY",10,52.0420878589393,-0.818869917662657,064,"Y52","Q38","00","MG","NW"
"MK771AZ",10,52.0420878589393,-0.818869917662657,064,"Y52","Q38","00","MG","NW"
"MK771BA",10,52.0420878589393,-0.818869917662657,064,"Y52","Q38","00","MG","NW"
"MK771BB",10,52.0420878589393,-0.818869917662657,064,"Y52","Q38","00","MG","NW"
"MK771BD",10,52.0420878589393,-0.818869917662657,064,"Y52","Q38","00","MG","NW"
"MK771BE",10,52.0420878589393,-0.818869917662657,064,"Y52","Q38","00","MG","NW"
"MK771BL",10,52.0420878589393,-0.818869917662657,064,"Y52","Q38","00","MG","NW"
"MK771BS",10,52.0420878589393,-0.818869917662657,064,"Y52","Q38","00","MG","NW"
"MK771DD",10,52.0420878589393,-0.818869917662657,064,"Y52","Q38","00","MG","NW"
"MK771DL",10,52.0420878589393,-0.818869917662657,064,"Y52","Q38","00","MG","NW"
"MK771ES",10,52.0420878589393,-0.818869917662657,064,"Y52","Q38","00","MG","NW"
"MK771EW",10,52.0420878589393,-0.818869917662657,064,"Y52","Q38","00","MG","NW"
"MK771FF",10,52.0420878589393,-0.818869917662657,064,"Y52","Q38","00","MG","NW"
"MK771FN",10,52.0420878589393,-0.818869917662657,064,"Y52","Q38","00","MG","NW"
"MK771FP",10,52.0420878589393,-0.818869917662657,064,"Y52","Q38","00","MG","NW"
"MK771HQ",10,52.0420878589393,-0.818869917662657,064,"Y52","Q38","00","MG","NW"
"MK771JL",10,52.0420878589393,-0.818869917662657,064,"Y52","Q38","00","MG","NW"
"MK771LD",10,52.0420878589393,-0.818869917662657,064,"Y52","Q38","00","MG","NW"
"MK771LG",10,52.0420878589393,-0.818869917662657,064,"Y52","Q38","00","MG","NW"
"MK771LJ",10,52.0420878589393,-0.818869917662657,064,"Y52","Q38","00","MG","NW"
"MK771LL",10,52.0420878589393,-0.818869917662657,064,"Y52","Q38","00","MG","NW"
"MK771LX",10,52.0420878589393,-0.818869917662657,064,"Y52","Q38","00","MG","NW"
"MK771NF",10,52.0420878589393,-0.818869917662657,064,"Y52","Q38","00","MG","NW"
"MK771NS",10,52.0420878589393,-0.818869917662657,064,"Y52","Q38","00","MG","NW"
"MK771NT",10,52.0420878589393,-0.818869917662657,064,"Y52","Q38","00","MG","NW"
"MK771NU",10,52.0420878589393,-0.818869917662657,064,"Y52","Q38","00","MG","NW"
"MK771NW",10,52.0420878589393,-0.818869917662657,064,"Y52","Q38","00","MG","NW"
"MK771PH",10,52.0420878589393,-0.818869917662657,064,"Y52","Q38","00","MG","NW"
"MK771PS",10,52.0420878589393,-0.818869917662657,064,"Y52","Q38","00","MG","NW"
"MK771QA",10,52.0420878589393,-0.818869917662657,064,"Y52","Q38","00","MG","NW"
"MK771RB",10,52.0420878589393,-0.818869917662657,064,"Y52","Q38","00","MG","NW"
"MK771RG",10,52.0420878589393,-0.818869917662657,064,"Y52","Q38","00","MG","NW"
"MK771RP",10,52.0420878589393,-0.818869917662657,064,"Y52","Q38","00","MG","NW"
"MK771RS",10,52.0420878589393,-0.818869917662657,064,"Y52","Q38","00","MG","NW"
"MK771RZ",10,52.0420878589393,-0.818869917662657,064,"Y52","Q38","00","MG","NW"
"MK771SA",10,52.0420878589393,-0.818869917662657,064,"Y52","Q38","00","MG","NW"
"MK771SE",10,52.0420878589393,-0.818869917662657,064,"Y52","Q38","00","MG","NW"
"MK771SF",10,52.0420878589393,-0.818869917662657,064,"Y52","Q38","00","MG","NW"
"MK771SP",10,52.0420878589393,-0.818869917662657,064,"Y52","Q38","00","MG","NW"
"MK771SR",10,52.0420878589393,-0.818869917662657,064,"Y52","Q38","00","MG","NW"
"MK771SW",10,52.0420878589393,-0.818869917662657,064,"Y52","Q38","00","MG","NW"
"MK771SZ",10,52.0420878589393,-0.818869917662657,064,"Y52","Q38","00","MG","NW"
"MK771TA",10,52.0420878589393,-0.818869917662657,064,"Y52","Q38","00","MG","NW"
"MK771TE",10,52.0420878589393,-0.818869917662657,064,"Y52","Q38","00","MG","NW"
"MK771TF",10,52.0420878589393,-0.818869917662657,064,"Y52","Q38","00","MG","NW"
"MK771TG",10,52.0420878589393,-0.818869917662657,064,"Y52","Q38","00","MG","NW"
"MK771TJ",10,52.0420878589393,-0.818869917662657,064,"Y52","Q38","00","MG","NW"
"MK771TQ",10,52.0420878589393,-0.818869917662657,064,"Y52","Q38","00","MG","NW"
"MK771TS",10,52.0420878589393,-0.818869917662657,064,"Y52","Q38","00","MG","NW"
"MK771TW",10,52.0420878589393,-0.818869917662657,064,"Y52","Q38","00","MG","NW"
"MK771TX",10,52.0420878589393,-0.818869917662657,064,"Y52","Q38","00","MG","NW"
"MK771UA",10,52.0420878589393,-0.818869917662657,064,"Y52","Q38","00","MG","NW"
"MK771UB",10,52.0420878589393,-0.818869917662657,064,"Y52","Q38","00","MG","NW"
"MK771UF",10,52.0420878589393,-0.818869917662657,064,"Y52","Q38","00","MG","NW"
"MK771WB",10,52.0420878589393,-0.818869917662657,064,"Y52","Q38","00","MG","NW"
"MK771XY",10,52.0420878589393,-0.818869917662657,064,"Y52","Q38","00","MG","NW"
"MK771YL",10,52.0420878589393,-0.818869917662657,064,"Y52","Q38","00","MG","NW"
"MK771ZA",10,52.0420878589393,-0.818869917662657,064,"Y52","Q38","00","MG","NW"
"MK8 0AB",10,52.0297577136346,-0.79985172294641,064,"Y52","Q38","00","MG","NN"
"MK8 0AD",10,52.0309939226373,-0.798521282349591,064,"Y52","Q38","00","MG","NN"
"MK8 0AE",10,52.0318537072502,-0.799955962090357,064,"Y52","Q38","00","MG","NN"
"MK8 0AH",10,52.0318778049282,-0.80409524905074,064,"Y52","Q38","00","MG","NN"
"MK8 0AJ",10,52.0274138946528,-0.800133096079132,064,"Y52","Q38","00","MG","NN"
"MK8 0AN",10,52.0294116194529,-0.798534532469008,064,"Y52","Q38","00","MG","NN"
"MK8 0AP",10,52.0253240004106,-0.79886268454561,064,"Y52","Q38","00","MG","NN"
"MK8 0AR",10,52.0257303061599,-0.801679395236765,064,"Y52","Q38","00","MG","NN"
"MK8 0AS",10,52.0264846627936,-0.802475461800517,064,"Y52","Q38","00","MG","NN"
"MK8 0AT",10,52.0269599778603,-0.80147162486277,064,"Y52","Q38","00","MG","NN"
"MK8 0AU",10,52.025190634681,-0.800775588911199,064,"Y52","Q38","00","MG","NN"
"MK8 0AW",10,52.0301856074852,-0.799490428405508,064,"Y52","Q38","00","MG","NN"
"MK8 0AZ",10,52.02535515191,-0.801922622396522,064,"Y52","Q38","00","MG","NN"
"MK8 0BA",10,52.0255749221921,-0.803199365885833,064,"Y52","Q38","00","MG","NN"
"MK8 0BB",10,52.0257290618506,-0.803326428914832,064,"Y52","Q38","00","MG","NN"
"MK8 0BD",10,52.0248522685797,-0.800216215188815,064,"Y52","Q38","00","MG","NN"
"MK8 0BE",10,52.0262284850834,-0.80115594312979,064,"Y52","Q38","00","MG","NN"
"MK8 0BF",10,52.0249127976693,-0.806175753789285,064,"Y52","Q38","00","MG","NN"
"MK8 0BG",10,52.0245628989336,-0.803590746981114,064,"Y52","Q38","00","MG","NN"
"MK8 0BH",10,52.0263045208808,-0.804214746722942,064,"Y52","Q38","00","MG","NN"
"MK8 0BJ",10,52.0265534246406,-0.804820279528322,064,"Y52","Q38","00","MG","NN"
"MK8 0BL",10,52.0259723827422,-0.804267329977654,064,"Y52","Q38","00","MG","NN"
"MK8 0BP",10,52.0254444408166,-0.805403693055242,064,"Y52","Q38","00","MG","NN"
"MK8 0BS",10,52.0249756988329,-0.805285005650032,064,"Y52","Q38","00","MG","NN"
"MK8 0BT",10,52.0249058324204,-0.804601844234436,064,"Y52","Q38","00","MG","NN"
"MK8 0BU",10,52.0247388611009,-0.804096173801827,064,"Y52","Q38","00","MG","NN"
"MK8 0BX",10,52.0266902618875,-0.8005897263434,064,"Y52","Q38","00","MG","NN"
"MK8 0BY",10,52.0262081582193,-0.799159659008007,064,"Y52","Q38","00","MG","NN"
"MK8 0BZ",10,52.0261495244257,-0.804889346656299,064,"Y52","Q38","00","MG","NN"
"MK8 0DA",10,52.0242063397398,-0.804780812886077,064,"Y52","Q38","00","MG","NN"
"MK8 0DB",10,52.023222843381,-0.803553626449518,064,"Y52","Q38","00","MG","NN"
"MK8 0DD",10,52.0233520070505,-0.802107309671777,064,"Y52","Q38","00","MG","NN"
"MK8 0DE",10,52.0475813338625,-0.828772319088846,064,"Y52","Q38","00","MG","NW"
"MK8 0DG",10,52.0261793330449,-0.806943678926978,064,"Y52","Q38","00","MG","NN"
"MK8 0DH",10,52.0243728125116,-0.800812034673942,064,"Y52","Q38","00","MG","NN"
"MK8 0DJ",10,52.0244532186455,-0.802529712172591,064,"Y52","Q38","00","MG","NN"
"MK8 0DL",10,52.0246219726577,-0.803210224420959,064,"Y52","Q38","00","MG","NN"
"MK8 0DN",10,52.0244237161623,-0.799630114324712,064,"Y52","Q38","00","MG","NN"
"MK8 0DP",10,52.0240674937099,-0.800849348805712,064,"Y52","Q38","00","MG","NN"
"MK8 0DQ",10,52.0257135431133,-0.807116399346569,064,"Y52","Q38","00","MG","NN"
"MK8 0DR",10,52.0267431224813,-0.807570002124187,064,"Y52","Q38","00","MG","NN"
"MK8 0DS",10,52.0266507171417,-0.806435569020499,064,"Y52","Q38","00","MG","NN"
"MK8 0DT",10,52.0281772742524,-0.804470897939978,064,"Y52","Q38","00","MG","NN"
"MK8 0DU",10,52.0273145333829,-0.805397597214886,064,"Y52","Q38","00","MG","NN"
"MK8 0DX",10,52.0271082673956,-0.807225051200325,064,"Y52","Q38","00","MG","NN"
"MK8 0DY",10,52.0282172732078,-0.808419935293724,064,"Y52","Q38","00","MG","NN"
"MK8 0DZ",10,52.0236023790408,-0.80906724678228,064,"Y52","Q38","00","MG","NN"
"MK8 0EA",10,52.028053703657,-0.807360236179938,064,"Y52","Q38","00","MG","NN"
"MK8 0EB",10,52.0282921207924,-0.806931188854399,064,"Y52","Q38","00","MG","NN"
"MK8 0ED",10,52.0283103580724,-0.805181576389042,064,"Y52","Q38","00","MG","NN"
"MK8 0EG",10,52.0277314275197,-0.806610863196543,064,"Y52","Q38","00","MG","NN"
"MK8 0EH",10,52.0283522480062,-0.807541783936696,064,"Y52","Q38","00","MG","NN"
"MK8 0EJ",10,52.0274227289986,-0.808980353963495,064,"Y52","Q38","00","MG","NN"
"MK8 0EL",10,52.028567980088,-0.808425190977496,064,"Y52","Q38","00","MG","NN"
"MK8 0EN",10,52.0286351532618,-0.80617867652707,064,"Y52","Q38","00","MG","NN"
"MK8 0EQ",10,52.0276627497825,-0.806044233000337,064,"Y52","Q38","00","MG","NN"
"MK8 0ER",10,52.0267058800085,-0.798592458714366,064,"Y52","Q38","00","MG","NN"
"MK8 0ES",10,52.02844447635,-0.799799418471469,064,"Y52","Q38","00","MG","NN"
"MK8 0ET",10,52.0294802178235,-0.80173951274283,064,"Y52","Q38","00","MG","NN"
"MK8 0EU",10,52.0260835248267,-0.805474119194892,064,"Y52","Q38","00","MG","NN"
"MK8 0EW",10,52.0294768195221,-0.804946420969028,064,"Y52","Q38","00","MG","NN"
"MK8 0EZ",10,52.0294313346567,-0.807556813283767,064,"Y52","Q38","00","MG","NN"
"MK8 0HA",10,52.029024306055,-0.805541534122801,064,"Y52","Q38","00","MG","NN"
"MK8 0HB",10,52.0286092507405,-0.802739392659914,064,"Y52","Q38","00","MG","NN"
"MK8 0HE",10,52.0295505388024,-0.806897702099069,064,"Y52","Q38","00","MG","NN"
"MK8 0HF",10,52.0297581498469,-0.806090468130202,064,"Y52","Q38","00","MG","NN"
"MK8 0HG",10,52.0305663723761,-0.805106876727863,064,"Y52","Q38","00","MG","NN"
"MK8 0JN",10,52.0475813338625,-0.828772319088846,064,"Y52","Q38","00","MG","NW"
"MK8 0JP",10,52.0259624186858,-0.797985640237922,064,"Y52","Q38","00","MG","NN"
"MK8 0LE",10,52.0305324592276,-0.804422671723807,064,"Y52","Q38","00","MG","NN"
"MK8 0LF",10,52.0312224211694,-0.805964011764966,064,"Y52","Q38","00","MG","NN"
"MK8 0LG",10,52.0298294473764,-0.805141093473156,064,"Y52","Q38","00","MG","NN"
"MK8 0LQ",10,52.0301954949547,-0.805772711610543,064,"Y52","Q38","00","MG","NN"
"MK8 0LW",10,52.0218755119557,-0.807233063525811,064,"Y52","Q38","00","MG","NN"
"MK8 0LX",10,52.0220504180864,-0.806747468877337,064,"Y52","Q38","00","MG","NN"
"MK8 0LZ",10,52.0243847626458,-0.812646438465232,064,"Y52","Q38","00","MG","NN"
"MK8 0NA",10,52.0252677944981,-0.80927079222212,064,"Y52","Q38","00","MG","NN"
"MK8 0NB",10,52.0247025361579,-0.809387826086818,064,"Y52","Q38","00","MG","NN"
"MK8 0ND",10,52.0258738530912,-0.810522746434638,064,"Y52","Q38","00","MG","NN"
"MK8 0NE",10,52.0247943422461,-0.807796722995886,064,"Y52","Q38","00","MG","NN"
"MK8 0NF",10,52.0221455867621,-0.805491567937368,064,"Y52","Q38","00","MG","NN"
"MK8 0NG",10,52.0229710896905,-0.806212870298724,064,"Y52","Q38","00","MG","NN"
"MK8 0NH",10,52.0238241444765,-0.806991764316863,064,"Y52","Q38","00","MG","NN"
"MK8 0NJ",10,52.0238024879489,-0.807517025786278,064,"Y52","Q38","00","MG","NN"
"MK8 0NL",10,52.0236010493812,-0.807158019205357,064,"Y52","Q38","00","MG","NN"
"MK8 0NN",10,52.0242986210644,-0.810345909072662,064,"Y52","Q38","00","MG","NN"
"MK8 0NP",10,52.0235724268457,-0.81144368797683,064,"Y52","Q38","00","MG","NN"
"MK8 0NQ",10,52.0236244749771,-0.80680760725378,064,"Y52","Q38","00","MG","NN"
"MK8 0NR",10,52.0225694124975,-0.807389498245675,064,"Y52","Q38","00","MG","NN"
"MK8 0NS",10,52.0239869576694,-0.810645670143552,064,"Y52","Q38","00","MG","NN"
"MK8 0NT",10,52.0234290687298,-0.810602168484804,064,"Y52","Q38","00","MG","NN"
"MK8 0NU",10,52.0242292325623,-0.808817403425519,064,"Y52","Q38","00","MG","NN"
"MK8 0NW",10,52.0230777732335,-0.810538613913545,064,"Y52","Q38","00","MG","NN"
"MK8 0NX",10,52.0217170930328,-0.810239502855105,064,"Y52","Q38","00","MG","NN"
"MK8 0NY",10,52.0219416461162,-0.811107984610267,064,"Y52","Q38","00","MG","NN"
"MK8 0NZ",10,52.0215343374565,-0.811730883898388,064,"Y52","Q38","00","MG","NN"
"MK8 0PA",10,52.0224080306478,-0.810993601675835,064,"Y52","Q38","00","MG","NN"
"MK8 0PB",10,52.0211070367447,-0.810372276509492,064,"Y52","Q38","00","MG","NN"
"MK8 0PD",10,52.0211374006083,-0.809817669640246,064,"Y52","Q38","00","MG","NN"
"MK8 0PE",10,52.0216886658494,-0.809205509955758,064,"Y52","Q38","00","MG","NN"
"MK8 0PF",10,52.0216737859562,-0.808622949118332,064,"Y52","Q38","00","MG","NN"
"MK8 0PG",10,52.0222255593424,-0.812514143197812,064,"Y52","Q38","00","MG","NN"
"MK8 0PH",10,52.0218739710367,-0.812421435041733,064,"Y52","Q38","00","MG","NN"
"MK8 0PJ",10,52.0231297172048,-0.813014878713878,064,"Y52","Q38","00","MG","NN"
"MK8 0PL",10,52.0229601385144,-0.812246928670098,064,"Y52","Q38","00","MG","NN"
"MK8 0PN",10,52.0228354984706,-0.81147779338744,064,"Y52","Q38","00","MG","NN"
"MK8 0PP",10,52.0223246106906,-0.811637074076775,064,"Y52","Q38","00","MG","NN"
"MK8 0PQ",10,52.0227032047637,-0.81441071927834,064,"Y52","Q38","00","MG","NN"
"MK8 0PR",10,52.0235718861247,-0.814067114190266,064,"Y52","Q38","00","MG","NN"
"MK8 0PS",10,52.0234428172495,-0.813749889191409,064,"Y52","Q38","00","MG","NN"
"MK8 0PT",10,52.0193657028525,-0.811555169342339,064,"Y52","Q38","00","MG","NN"
"MK8 0PU",10,52.0187563128743,-0.813538663971775,064,"Y52","Q38","00","MG","NN"
"MK8 0PW",10,52.0233948281248,-0.81255605352355,064,"Y52","Q38","00","MG","NN"
"MK8 0PX",10,52.0218755119557,-0.807233063525811,064,"Y52","Q38","00","MG","NN"
"MK8 0PY",10,52.0242820356245,-0.813159274399176,064,"Y52","Q38","00","MG","NN"
"MK8 0PZ",10,52.0211720386199,-0.80790759110488,064,"Y52","Q38","00","MG","NN"
"MK8 0WN",10,52.0475813338625,-0.828772319088846,064,"Y52","Q38","00","MG","NW"
"MK8 0WQ",10,52.0475813338625,-0.828772319088846,064,"Y52","Q38","00","MG","NW"
"MK8 0WR",10,52.0475813338625,-0.828772319088846,064,"Y52","Q38","00","MG","NW"
"MK8 0WS",10,52.0475813338625,-0.828772319088846,064,"Y52","Q38","00","MG","NW"
"MK8 0WT",10,52.0475813338625,-0.828772319088846,064,"Y52","Q38","00","MG","NW"
"MK8 0XA",10,52.0475813338625,-0.828772319088846,064,"Y52","Q38","00","MG","NW"
"MK8 0XY",10,52.0475813338625,-0.828772319088846,064,"Y52","Q38","00","MG","NW"
"MK8 0XZ",10,52.0475813338625,-0.828772319088846,064,"Y52","Q38","00","MG","NW"
"MK8 8AA",10,52.0436203312274,-0.811218228551016,064,"Y52","Q38","00","MG","NW"
"MK8 8AB",10,52.0387918380543,-0.816551168982574,064,"Y52","Q38","00","MG","NW"
"MK8 8AE",10,52.0416074122398,-0.815791541317903,064,"Y52","Q38","00","MG","NW"
"MK8 8AF",10,52.0413339422025,-0.815419680083013,064,"Y52","Q38","00","MG","NW"
"MK8 8AG",10,52.0404390776204,-0.814947612946843,064,"Y52","Q38","00","MG","NW"
"MK8 8AH",10,52.0399356584774,-0.815850293757952,064,"Y52","Q38","00","MG","NW"
"MK8 8AJ",10,52.0399225682464,-0.815442404505837,064,"Y52","Q38","00","MG","NW"
"MK8 8AL",10,52.0402825561949,-0.815476629611035,064,"Y52","Q38","00","MG","NW"
"MK8 8AN",10,52.0415897194335,-0.804244351635571,064,"Y52","Q38","00","MG","NW"
"MK8 8AP",10,52.0422168175412,-0.803134075044582,064,"Y52","Q38","00","MG","NW"
"MK8 8AQ",10,52.0407041770928,-0.817171355285312,064,"Y52","Q38","00","MG","NW"
"MK8 8AR",10,52.0418690718118,-0.803420391348035,064,"Y52","Q38","00","MG","NW"
"MK8 8AS",10,52.042337180326,-0.802591377232929,064,"Y52","Q38","00","MG","NW"
"MK8 8AT",10,52.0412376448268,-0.803218546508443,064,"Y52","Q38","00","MG","NW"
"MK8 8AU",10,52.0418145047436,-0.802474118584489,064,"Y52","Q38","00","MG","NW"
"MK8 8AW",10,52.0415546163932,-0.803443367806902,064,"Y52","Q38","00","MG","NW"
"MK8 8AX",10,52.0426547854513,-0.803763930057053,064,"Y52","Q38","00","MG","NW"
"MK8 8AY",10,52.041799712193,-0.804559518495565,064,"Y52","Q38","00","MG","NW"
"MK8 8AZ",10,52.0410453696697,-0.803763148739491,064,"Y52","Q38","00","MG","NW"
"MK8 8BA",10,52.0408240180135,-0.803215011956616,064,"Y52","Q38","00","MG","NW"
"MK8 8BB",10,52.040520284836,-0.802523281098719,064,"Y52","Q38","00","MG","NW"
"MK8 8BD",10,52.0401626156434,-0.801833001495803,064,"Y52","Q38","00","MG","NW"
"MK8 8BE",10,52.0431068818614,-0.804014317540421,064,"Y52","Q38","00","MG","NW"
"MK8 8BG",10,52.042156774497,-0.805191538628224,064,"Y52","Q38","00","MG","NW"
"MK8 8BH",10,52.0428601075924,-0.805391498331604,064,"Y52","Q38","00","MG","NW"
"MK8 8BJ",10,52.0432886083643,-0.805088456700523,064,"Y52","Q38","00","MG","NW"
"MK8 8BL",10,52.0409723106845,-0.804537848477814,064,"Y52","Q38","00","MG","NW"
"MK8 8BN",10,52.0400076345308,-0.802507818849988,064,"Y52","Q38","00","MG","NW"
"MK8 8BP",10,52.038454916992,-0.801893232952776,064,"Y52","Q38","00","MG","NW"
"MK8 8BS",10,52.0398690691172,-0.804800553472156,064,"Y52","Q38","00","MG","NW"
"MK8 8BT",10,52.0404640646909,-0.804070265120615,064,"Y52","Q38","00","MG","NW"
"MK8 8BU",10,52.0404160939441,-0.806433505109317,064,"Y52","Q38","00","MG","NW"
"MK8 8BX",10,52.0392972157424,-0.806040492694558,064,"Y52","Q38","00","MG","NW"
"MK8 8BY",10,52.0388012138024,-0.805893331633904,064,"Y52","Q38","00","MG","NW"
"MK8 8BZ",10,52.0395464169668,-0.80756472401414,064,"Y52","Q38","00","MG","NW"
"MK8 8DA",10,52.0418085995307,-0.796598351009298,064,"Y52","Q38","00","MG","NW"
"MK8 8DD",10,52.04410057094,-0.800050871856719,064,"Y52","Q38","00","MG","NW"
"MK8 8DF",10,52.0423133588921,-0.795841184501061,064,"Y52","Q38","00","MG","NW"
"MK8 8DG",10,52.0383105417967,-0.807160225046565,064,"Y52","Q38","00","MG","NW"
"MK8 8DH",10,52.0385396840567,-0.807591508254625,064,"Y52","Q38","00","MG","NW"
"MK8 8DJ",10,52.0386538881489,-0.808215385088747,064,"Y52","Q38","00","MG","NW"
"MK8 8DL",10,52.0379960926395,-0.808961836248939,064,"Y52","Q38","00","MG","NW"
"MK8 8DN",10,52.0369833023954,-0.806612391268972,064,"Y52","Q38","00","MG","NW"
"MK8 8DP",10,52.0378609614143,-0.809825597696818,064,"Y52","Q38","00","MG","NW"
"MK8 8DQ",10,52.0380293932998,-0.807809193068416,064,"Y52","Q38","00","MG","NW"
"MK8 8DR",10,52.0384611474833,-0.808716208340399,064,"Y52","Q38","00","MG","NW"
"MK8 8DS",10,52.0389749761724,-0.808848346266134,064,"Y52","Q38","00","MG","NW"
"MK8 8DT",10,52.0386539921132,-0.811787340185275,064,"Y52","Q38","00","MG","NW"
"MK8 8DU",10,52.0390943767341,-0.813554371386307,064,"Y52","Q38","00","MG","NW"
"MK8 8DW",10,52.0374106490954,-0.808860760968217,064,"Y52","Q38","00","MG","NW"
"MK8 8DX",10,52.0401023203987,-0.812754954547875,064,"Y52","Q38","00","MG","NW"
"MK8 8DY",10,52.0395028972645,-0.812158486220676,064,"Y52","Q38","00","MG","NW"
"MK8 8DZ",10,52.0392341706487,-0.809585017775235,064,"Y52","Q38","00","MG","NW"
"MK8 8EA",10,52.0390294967188,-0.808015863277276,064,"Y52","Q38","00","MG","NW"
"MK8 8EB",10,52.0386335443613,-0.807093310993117,064,"Y52","Q38","00","MG","NW"
"MK8 8ED",10,52.0408140263961,-0.79341742613632,064,"Y52","Q38","00","MG","NW"
"MK8 8EE",10,52.0371535238502,-0.800353493913288,064,"Y52","Q38","00","MG","NW"
"MK8 8EF",10,52.0367125444992,-0.801196287977164,064,"Y52","Q38","00","MG","NW"
"MK8 8EH",10,52.0388418420731,-0.799273160504986,064,"Y52","Q38","00","MG","NW"
"MK8 8EJ",10,52.0382123337149,-0.797496772118896,064,"Y52","Q38","00","MG","NW"
"MK8 8EL",10,52.0389961018162,-0.79588657287681,064,"Y52","Q38","00","MG","NW"
"MK8 8EN",10,52.0382889766146,-0.796197156532623,064,"Y52","Q38","00","MG","NW"
"MK8 8EQ",10,52.0387479451715,-0.798882030484515,064,"Y52","Q38","00","MG","NW"
"MK8 8ER",10,52.0396691524412,-0.796641218002817,064,"Y52","Q38","00","MG","NW"
"MK8 8ES",10,52.0391550132831,-0.796480067160459,064,"Y52","Q38","00","MG","NW"
"MK8 8ET",10,52.0385618501167,-0.797385338881253,064,"Y52","Q38","00","MG","NW"
"MK8 8EU",10,52.035842769195,-0.802312938483024,064,"Y52","Q38","00","MG","NW"
"MK8 8EW",10,52.0394603836354,-0.795567925570697,064,"Y52","Q38","00","MG","NW"
"MK8 8EZ",10,52.0373239427582,-0.804737210683793,064,"Y52","Q38","00","MG","NW"
"MK8 8HA",10,52.0385588727915,-0.803275496904998,064,"Y52","Q38","00","MG","NW"
"MK8 8HB",10,52.0378398152404,-0.804184024775436,064,"Y52","Q38","00","MG","NW"
"MK8 8HD",10,52.0380332367364,-0.802866733960971,064,"Y52","Q38","00","MG","NW"
"MK8 8HE",10,52.0376655894531,-0.802964028104698,064,"Y52","Q38","00","MG","NW"
"MK8 8HF",10,52.0375915063847,-0.800983251141074,064,"Y52","Q38","00","MG","NW"
"MK8 8HG",10,52.0381522654663,-0.802192908530711,064,"Y52","Q38","00","MG","NW"
"MK8 8HH",10,52.0375179841878,-0.799060781607206,064,"Y52","Q38","00","MG","NW"
"MK8 8HJ",10,52.037784673035,-0.798762052927245,064,"Y52","Q38","00","MG","NW"
"MK8 8HL",10,52.0379037368044,-0.800741631612236,064,"Y52","Q38","00","MG","NW"
"MK8 8HN",10,52.0416496941892,-0.801297509762164,064,"Y52","Q38","00","MG","NW"
"MK8 8HP",10,52.0432578742914,-0.802945880105167,064,"Y52","Q38","00","MG","NW"
"MK8 8HR",10,52.0429068721593,-0.80291151374304,064,"Y52","Q38","00","MG","NW"
"MK8 8HS",10,52.0432041922782,-0.802087040375066,064,"Y52","Q38","00","MG","NW"
"MK8 8HT",10,52.0425986918402,-0.801782450439139,064,"Y52","Q38","00","MG","NW"
"MK8 8HU",10,52.0423219697709,-0.801979397464767,064,"Y52","Q38","00","MG","NW"
"MK8 8HW",10,52.041080975889,-0.800190044428612,064,"Y52","Q38","00","MG","NW"
"MK8 8HX",10,52.0423773309697,-0.801234304713708,064,"Y52","Q38","00","MG","NW"
"MK8 8HY",10,52.0420041361989,-0.799902879494503,064,"Y52","Q38","00","MG","NW"
"MK8 8HZ",10,52.0418248704388,-0.800840829791097,064,"Y52","Q38","00","MG","NW"
"MK8 8JA",10,52.041755206678,-0.799297167021219,064,"Y52","Q38","00","MG","NW"
"MK8 8JB",10,52.041219450951,-0.799661447520256,064,"Y52","Q38","00","MG","NW"
"MK8 8JD",10,52.0396234843635,-0.798333695351993,064,"Y52","Q38","00","MG","NW"
"MK8 8JE",10,52.0395637547482,-0.797766687301631,064,"Y52","Q38","00","MG","NW"
"MK8 8JF",10,52.0402076660043,-0.797428655578125,064,"Y52","Q38","00","MG","NW"
"MK8 8JG",10,52.0399888976905,-0.798017720511744,064,"Y52","Q38","00","MG","NW"
"MK8 8JH",10,52.043560569256,-0.803535616313754,064,"Y52","Q38","00","MG","NW"
"MK8 8JJ",10,52.0393436096056,-0.801752839057031,064,"Y52","Q38","00","MG","NW"
"MK8 8JL",10,52.0394020834487,-0.801313885505098,064,"Y52","Q38","00","MG","NW"
"MK8 8JN",10,52.0360375265772,-0.804669464066002,064,"Y52","Q38","00","MG","NW"
"MK8 8JP",10,52.0407701671618,-0.797923866198708,064,"Y52","Q38","00","MG","NW"
"MK8 8JQ",10,52.0402299559184,-0.79785087598718,064,"Y52","Q38","00","MG","NW"
"MK8 8JR",10,52.0368094847563,-0.803657517433738,064,"Y52","Q38","00","MG","NW"
"MK8 8JS",10,52.0371342213254,-0.802876166477559,064,"Y52","Q38","00","MG","NW"
"MK8 8JT",10,52.0372248872466,-0.803835956524693,064,"Y52","Q38","00","MG","NW"
"MK8 8JU",10,52.0372240315743,-0.799331079069911,064,"Y52","Q38","00","MG","NW"
"MK8 8JW",10,52.0359352787199,-0.805226175299894,064,"Y52","Q38","00","MG","NW"
"MK8 8JX",10,52.0403731092615,-0.798663515799132,064,"Y52","Q38","00","MG","NW"
"MK8 8JY",10,52.0408029301423,-0.798491612660277,064,"Y52","Q38","00","MG","NW"
"MK8 8LB",10,52.0452951416406,-0.801695765704537,064,"Y52","Q38","00","MG","NW"
"MK8 8LD",10,52.0381366374941,-0.799773168508579,064,"Y52","Q38","00","MG","NW"
"MK8 8LF",10,52.0450475053174,-0.798567362655434,064,"Y52","Q38","00","MG","NW"
"MK8 8LH",10,52.0386103395431,-0.801262163356,064,"Y52","Q38","00","MG","NW"
"MK8 8LJ",10,52.0375632859149,-0.806174156109663,064,"Y52","Q38","00","MG","NW"
"MK8 8LL",10,52.0372302401005,-0.805249973137708,064,"Y52","Q38","00","MG","NW"
"MK8 8LN",10,52.0451417727877,-0.798112807199902,064,"Y52","Q38","00","MG","NW"
"MK8 8LP",10,52.0371260754733,-0.802074542761511,064,"Y52","Q38","00","MG","NW"
"MK8 8LR",10,52.0365777782889,-0.806521136853749,064,"Y52","Q38","00","MG","NW"
"MK8 8LS",10,52.0362194224215,-0.807536604027034,064,"Y52","Q38","00","MG","NW"
"MK8 8LT",10,52.0365255080946,-0.803140262358628,064,"Y52","Q38","00","MG","NW"
"MK8 8LU",10,52.0356679226224,-0.803687985257699,064,"Y52","Q38","00","MG","NW"
"MK8 8LW",10,52.0452951416406,-0.801695765704537,064,"Y52","Q38","00","MG","NW"
"MK8 8LY",10,52.0444736896263,-0.807579423823651,064,"Y52","Q38","00","MG","NW"
"MK8 8LZ",10,52.0371815861061,-0.801344111607034,064,"Y52","Q38","00","MG","NW"
"MK8 8NA",10,52.038150753428,-0.804700582432588,064,"Y52","Q38","00","MG","NW"
"MK8 8ND",10,52.0439618545275,-0.796146834782575,064,"Y52","Q38","00","MG","NW"
"MK8 8NP",10,52.0438617101086,-0.806633354668938,064,"Y52","Q38","00","MG","NW"
"MK8 8PA",10,52.0447505556665,-0.806507613496189,064,"Y52","Q38","00","MG","NW"
"MK8 8PB",10,52.044955059223,-0.805393974444499,064,"Y52","Q38","00","MG","NW"
"MK8 8PD",10,52.044148268776,-0.804744746751586,064,"Y52","Q38","00","MG","NW"
"MK8 8PQ",10,52.0453339336861,-0.806404585660262,064,"Y52","Q38","00","MG","NW"
"MK8 8WN",10,52.0475813338625,-0.828772319088846,064,"Y52","Q38","00","MG","NW"
"MK8 8WQ",10,52.0475813338625,-0.828772319088846,064,"Y52","Q38","00","MG","NW"
"MK8 8WZ",10,52.0475813338625,-0.828772319088846,064,"Y52","Q38","00","MG","NW"
"MK8 9AA",10,52.0371940658824,-0.785875495028765,064,"Y52","Q38","00","MG","NN"
"MK8 9AB",10,52.0361442791655,-0.798368655983055,064,"Y52","Q38","00","MG","NN"
"MK8 9AD",10,52.0320800482246,-0.796582547898103,064,"Y52","Q38","00","MG","NN"
"MK8 9AE",10,52.032550583575,-0.796876043231735,064,"Y52","Q38","00","MG","NN"
"MK8 9AF",10,52.032810213171,-0.796767032563068,064,"Y52","Q38","00","MG","NN"
"MK8 9AG",10,52.0327808214844,-0.794770700215646,064,"Y52","Q38","00","MG","NN"
"MK8 9AH",10,52.0323308929193,-0.795613707109286,064,"Y52","Q38","00","MG","NN"
"MK8 9AJ",10,52.0318619931787,-0.795480531963326,064,"Y52","Q38","00","MG","NN"
"MK8 9AL",10,52.0314684778106,-0.794805981138937,064,"Y52","Q38","00","MG","NN"
"MK8 9AN",10,52.0344147714587,-0.79541193828492,064,"Y52","Q38","00","MG","NN"
"MK8 9AP",10,52.0317399259063,-0.794973610053182,064,"Y52","Q38","00","MG","NN"
"MK8 9AQ",10,52.032221485358,-0.796345513659385,064,"Y52","Q38","00","MG","NN"
"MK8 9AR",10,52.0356656298193,-0.796398816322222,064,"Y52","Q38","00","MG","NN"
"MK8 9AS",10,52.0358967528142,-0.79438077158161,064,"Y52","Q38","00","MG","NN"
"MK8 9AT",10,52.0338971532438,-0.795790294885234,064,"Y52","Q38","00","MG","NN"
"MK8 9AU",10,52.0340478752289,-0.795582154829368,064,"Y52","Q38","00","MG","NN"
"MK8 9AW",10,52.0347819653918,-0.795270867257183,064,"Y52","Q38","00","MG","NN"
"MK8 9AX",10,52.0330276878911,-0.795172236220613,064,"Y52","Q38","00","MG","NN"
"MK8 9AY",10,52.0340476668708,-0.793803651653787,064,"Y52","Q38","00","MG","NN"
"MK8 9AZ",10,52.0335039767808,-0.796908766658597,064,"Y52","Q38","00","MG","NN"
"MK8 9BA",10,52.0347682080483,-0.794804735403656,064,"Y52","Q38","00","MG","NN"
"MK8 9BB",10,52.0346399819022,-0.794574932756827,064,"Y52","Q38","00","MG","NN"
"MK8 9BD",10,52.0357848987633,-0.793115449945731,064,"Y52","Q38","00","MG","NN"
"MK8 9BE",10,52.0348964129526,-0.799437160436273,064,"Y52","Q38","00","MG","NN"
"MK8 9BF",10,52.0358965314963,-0.797879627240293,064,"Y52","Q38","00","MG","NN"
"MK8 9BG",10,52.0345362723685,-0.799388493545747,064,"Y52","Q38","00","MG","NN"
"MK8 9BH",10,52.0351139864271,-0.800495547668726,064,"Y52","Q38","00","MG","NN"
"MK8 9BJ",10,52.0330358802465,-0.79597378461674,064,"Y52","Q38","00","MG","NN"
"MK8 9BL",10,52.0333081241005,-0.795339631488695,064,"Y52","Q38","00","MG","NN"
"MK8 9BN",10,52.0329319154069,-0.792842397627488,064,"Y52","Q38","00","MG","NN"
"MK8 9BP",10,52.0323856011886,-0.791297326437324,064,"Y52","Q38","00","MG","NN"
"MK8 9BQ",10,52.0348026652706,-0.799060638564869,064,"Y52","Q38","00","MG","NN"
"MK8 9BS",10,52.0335119965738,-0.792418599330607,064,"Y52","Q38","00","MG","NN"
"MK8 9BT",10,52.0328656053875,-0.790759592153017,064,"Y52","Q38","00","MG","NN"
"MK8 9BU",10,52.0333951874,-0.790672418032355,064,"Y52","Q38","00","MG","NN"
"MK8 9BW",10,52.0334083137106,-0.792829568938464,064,"Y52","Q38","00","MG","NN"
"MK8 9BX",10,52.0342099965058,-0.791218978342534,064,"Y52","Q38","00","MG","NN"
"MK8 9BY",10,52.0345286346008,-0.791603994737197,064,"Y52","Q38","00","MG","NN"
"MK8 9BZ",10,52.0322963086198,-0.797509694156758,064,"Y52","Q38","00","MG","NN"
"MK8 9DA",10,52.0321915938982,-0.795180129376541,064,"Y52","Q38","00","MG","NN"
"MK8 9DB",10,52.0330307560335,-0.793714392734175,064,"Y52","Q38","00","MG","NN"
"MK8 9DD",10,52.0320860867234,-0.792777709810364,064,"Y52","Q38","00","MG","NN"
"MK8 9DE",10,52.0324469412572,-0.793773834458163,064,"Y52","Q38","00","MG","NN"
"MK8 9DF",10,52.0325951230674,-0.793317945772552,064,"Y52","Q38","00","MG","NN"
"MK8 9DG",10,52.0346391261815,-0.801543301352989,064,"Y52","Q38","00","MG","NN"
"MK8 9DH",10,52.0342953838734,-0.802223079964211,064,"Y52","Q38","00","MG","NN"
"MK8 9DJ",10,52.0339297619569,-0.80163515568884,064,"Y52","Q38","00","MG","NN"
"MK8 9DL",10,52.0341425256924,-0.801337908617247,064,"Y52","Q38","00","MG","NN"
"MK8 9DN",10,52.0363308441538,-0.79550623312208,064,"Y52","Q38","00","MG","NN"
"MK8 9DP",10,52.0336620626566,-0.800067908801983,064,"Y52","Q38","00","MG","NN"
"MK8 9DQ",10,52.0345277043897,-0.801196406149697,064,"Y52","Q38","00","MG","NN"
"MK8 9DR",10,52.0330492005967,-0.799923959632101,064,"Y52","Q38","00","MG","NN"
"MK8 9DS",10,52.0328448452254,-0.798398788144202,064,"Y52","Q38","00","MG","NN"
"MK8 9DT",10,52.0343489107731,-0.796886089829266,064,"Y52","Q38","00","MG","NN"
"MK8 9DU",10,52.0346628547898,-0.797694039435311,064,"Y52","Q38","00","MG","NN"
"MK8 9DW",10,52.0366314911247,-0.795891781140467,064,"Y52","Q38","00","MG","NN"
"MK8 9DX",10,52.0350221673358,-0.796780550246837,064,"Y52","Q38","00","MG","NN"
"MK8 9DY",10,52.0354135974172,-0.79901511394062,064,"Y52","Q38","00","MG","NN"
"MK8 9DZ",10,52.03372505985,-0.797427635184904,064,"Y52","Q38","00","MG","NN"
"MK8 9EA",10,52.0372715684664,-0.794300055171011,064,"Y52","Q38","00","MG","NN"
"MK8 9EB",10,52.03698636651,-0.79630503575154,064,"Y52","Q38","00","MG","NN"
"MK8 9ED",10,52.0355218994347,-0.797291959142202,064,"Y52","Q38","00","MG","NN"
"MK8 9EE",10,52.0340738407118,-0.799007274476892,064,"Y52","Q38","00","MG","NN"
"MK8 9EF",10,52.0337877634107,-0.798286046336434,064,"Y52","Q38","00","MG","NN"
"MK8 9EG",10,52.0377168598165,-0.793005112800591,064,"Y52","Q38","00","MG","NN"
"MK8 9EH",10,52.0339361314487,-0.791692856295742,064,"Y52","Q38","00","MG","NN"
"MK8 9EJ",10,52.0348927838686,-0.792920796065427,064,"Y52","Q38","00","MG","NN"
"MK8 9EL",10,52.0332975351623,-0.796943462476188,064,"Y52","Q38","00","MG","NN"
"MK8 9EN",10,52.0347425336183,-0.795811319145375,064,"Y52","Q38","00","MG","NN"
"MK8 9EP",10,52.033578848135,-0.791046486013732,064,"Y52","Q38","00","MG","NN"
"MK8 9EQ",10,52.037401539189,-0.792065966773101,064,"Y52","Q38","00","MG","NN"
"MK8 9ER",10,52.0334657612833,-0.789664648900623,064,"Y52","Q38","00","MG","NN"
"MK8 9ES",10,52.0356487138564,-0.798265313195566,064,"Y52","Q38","00","MG","NN"
"MK8 9ET",10,52.0360736344271,-0.791460293585276,064,"Y52","Q38","00","MG","NN"
"MK8 9EU",10,52.037435749757,-0.794528903401923,064,"Y52","Q38","00","MG","NN"
"MK8 9EZ",10,52.0355419861786,-0.789594009902656,064,"Y52","Q38","00","MG","NN"
"MK8 9HA",10,52.0366902883941,-0.794607267241266,064,"Y52","Q38","00","MG","NN"
"MK8 9HB",10,52.0369088907912,-0.794003654704482,064,"Y52","Q38","00","MG","NN"
"MK8 9HD",10,52.0351498003274,-0.794313391874746,064,"Y52","Q38","00","MG","NN"
"MK8 9HH",10,52.0363181754659,-0.794267385818666,064,"Y52","Q38","00","MG","NN"
"MK8 9HJ",10,52.0363523773734,-0.793216799986098,064,"Y52","Q38","00","MG","NN"
"MK8 9HL",10,52.0356594097083,-0.791398569440102,064,"Y52","Q38","00","MG","NN"
"MK8 9HN",10,52.0358965314963,-0.797879627240293,064,"Y52","Q38","00","MG","NN"
"MK8 9HP",10,52.031623005717,-0.793212917301617,064,"Y52","Q38","00","MG","NN"
"MK8 9HW",10,52.0314125003824,-0.793728781749548,064,"Y52","Q38","00","MG","NN"
"MK8 9LA",10,52.0381863952763,-0.785323759476483,064,"Y52","Q38","00","MG","NN"
"MK8 9LG",10,52.0379871827838,-0.786932874026309,064,"Y52","Q38","00","MG","NN"
"MK8 9WQ",10,52.0475813338625,-0.828772319088846,064,"Y52","Q38","00","MG","NW"
"MK8 9WT",10,52.0475813338625,-0.828772319088846,064,"Y52","Q38","00","MG","NW"
"MK8 9WY",10,52.0475813338625,-0.828772319088846,064,"Y52","Q38","00","MG","NW"
"MK9 1AA",10,52.0372211231019,-0.770275237436609,064,"Y52","Q38","00","MG","ND"
"MK9 1AD",10,52.0303889836085,-0.69027546953929,064,"Y52","Q38","00","MG","NX"
"MK9 1AE",10,52.0386859131296,-0.771926267465627,064,"Y52","Q38","00","MG","ND"
"MK9 1AF",10,52.0303889836085,-0.69027546953929,064,"Y52","Q38","00","MG","NX"
"MK9 1AH",10,52.0390516818534,-0.772514008599841,064,"Y52","Q38","00","MG","ND"
"MK9 1AL",10,52.038412458325,-0.771569275464842,064,"Y52","Q38","00","MG","ND"
"MK9 1AN",10,52.0372211231019,-0.770275237436609,064,"Y52","Q38","00","MG","ND"
"MK9 1AP",10,52.0303889836085,-0.69027546953929,064,"Y52","Q38","00","MG","NX"
"MK9 1AQ",10,52.035975537992,-0.76895360023509,064,"Y52","Q38","00","MG","ND"
"MK9 1AR",10,52.0303889836085,-0.69027546953929,064,"Y52","Q38","00","MG","NX"
"MK9 1AS",10,52.0303889836085,-0.69027546953929,064,"Y52","Q38","00","MG","NX"
"MK9 1AT",10,52.035975537992,-0.76895360023509,064,"Y52","Q38","00","MG","ND"
"MK9 1AU",10,52.0361438503791,-0.765275155572843,064,"Y52","Q38","00","MG","ND"
"MK9 1AX",10,52.0361438503791,-0.765275155572843,064,"Y52","Q38","00","MG","ND"
"MK9 1AY",10,52.0396521208839,-0.771462398178256,064,"Y52","Q38","00","MG","ND"
"MK9 1AZ",10,52.0345613020251,-0.773876115977694,064,"Y52","Q38","00","MG","ND"
"MK9 1BA",10,52.0345613020251,-0.773876115977694,064,"Y52","Q38","00","MG","ND"
"MK9 1BB",10,52.0345613020251,-0.773876115977694,064,"Y52","Q38","00","MG","ND"
"MK9 1BE",10,52.0341608639254,-0.771685790100954,064,"Y52","Q38","00","MG","ND"
"MK9 1BG",10,52.0303889836085,-0.69027546953929,064,"Y52","Q38","00","MG","NX"
"MK9 1BL",10,52.0323351422113,-0.770773705645008,064,"Y52","Q38","00","MG","ND"
"MK9 1BP",30,52.0365265831004,-0.767480587716764,064,"Y52","Q38","00","MG","ND"
"MK9 1BW",10,52.0385647364838,-0.762919489949637,064,"Y52","Q38","00","MG","ND"
"MK9 1BZ",10,52.0393163526786,-0.771165428746426,064,"Y52","Q38","00","MG","ND"
"MK9 1DG",50,52.0333769291859,-0.768937497266417,064,"Y52","Q38","00","MG","ND"
"MK9 1DL",10,52.0327587014817,-0.768283907226127,064,"Y52","Q38","00","MG","ND"
"MK9 1DP",10,52.0385257006102,-0.767775519709171,064,"Y52","Q38","00","MG","ND"
"MK9 1DR",10,52.0385285959064,-0.768052449352466,064,"Y52","Q38","00","MG","ND"
"MK9 1DS",10,52.0387994714742,-0.768161639923679,064,"Y52","Q38","00","MG","ND"
"MK9 1DW",10,52.0303889836085,-0.69027546953929,064,"Y52","Q38","00","MG","NX"
"MK9 1DX",10,52.0303889836085,-0.69027546953929,064,"Y52","Q38","00","MG","NX"
"MK9 1DY",10,52.0389573237549,-0.776409336650541,064,"Y52","Q38","00","MG","ND"
"MK9 1DZ",10,52.037803869731,-0.769253284407966,064,"Y52","Q38","00","MG","ND"
"MK9 1EA",10,52.0380086277229,-0.767337778228383,064,"Y52","Q38","00","MG","ND"
"MK9 1EB",10,52.0373500266694,-0.768842954096921,064,"Y52","Q38","00","MG","ND"
"MK9 1ED",10,52.0370052575536,-0.769406423757094,064,"Y52","Q38","00","MG","ND"
"MK9 1EH",10,52.038482124089,-0.767047746790709,064,"Y52","Q38","00","MG","ND"
"MK9 1EJ",10,52.0389097617103,-0.766671493632923,064,"Y52","Q38","00","MG","ND"
"MK9 1EN",10,52.0378851311316,-0.77792568712414,064,"Y52","Q38","00","MG","ND"
"MK9 1EQ",10,52.0382831435981,-0.7660764037407,064,"Y52","Q38","00","MG","ND"
"MK9 1ES",10,52.0370047657694,-0.76506191345892,064,"Y52","Q38","00","MG","ND"
"MK9 1ET",10,52.0303889836085,-0.69027546953929,064,"Y52","Q38","00","MG","NX"
"MK9 1FB",50,52.0370047657694,-0.76506191345892,064,"Y52","Q38","00","MG","ND"
"MK9 1FD",30,52.0365265831004,-0.767480587716764,064,"Y52","Q38","00","MG","ND"
"MK9 1FE",30,52.0365265831004,-0.767480587716764,064,"Y52","Q38","00","MG","ND"
"MK9 1HA",10,52.0374266445003,-0.774468370699451,064,"Y52","Q38","00","MG","ND"
"MK9 1HL",10,52.0406288704804,-0.768563340220452,064,"Y52","Q38","00","MG","ND"
"MK9 1JL",10,52.0390896797063,-0.7701219115527,064,"Y52","Q38","00","MG","ND"
"MK9 1JN",10,52.0390896797063,-0.7701219115527,064,"Y52","Q38","00","MG","ND"
"MK9 1LA",10,52.0345613020251,-0.773876115977694,064,"Y52","Q38","00","MG","ND"
"MK9 1LH",10,52.038870592512,-0.770667366604757,064,"Y52","Q38","00","MG","ND"
"MK9 1LR",10,52.0338875337324,-0.772203506850279,064,"Y52","Q38","00","MG","ND"
"MK9 1LT",10,52.0382886431294,-0.769181655202541,064,"Y52","Q38","00","MG","ND"
"MK9 1LU",10,52.0385435254024,-0.768620637075586,064,"Y52","Q38","00","MG","ND"
"MK9 1LW",10,52.0385435254024,-0.768620637075586,064,"Y52","Q38","00","MG","ND"
"MK9 1LZ",10,52.0393722929607,-0.769633025916409,064,"Y52","Q38","00","MG","ND"
"MK9 1NA",10,52.0395180965734,-0.768958354536692,064,"Y52","Q38","00","MG","ND"
"MK9 1ND",10,52.0386370540755,-0.76638740856505,064,"Y52","Q38","00","MG","ND"
"MK9 1NE",10,52.0407067175737,-0.769129826681352,064,"Y52","Q38","00","MG","ND"
"MK9 1NG",10,52.0400333410658,-0.768361004831197,064,"Y52","Q38","00","MG","ND"
"MK9 1NJ",10,52.0401733399597,-0.769713094422033,064,"Y52","Q38","00","MG","ND"
"MK9 1NL",10,52.0400333410658,-0.768361004831197,064,"Y52","Q38","00","MG","ND"
"MK9 1NP",10,52.037803869731,-0.769253284407966,064,"Y52","Q38","00","MG","ND"
"MK9 1NQ",10,52.0400333410658,-0.768361004831197,064,"Y52","Q38","00","MG","ND"
"MK9 1NR",10,52.0400333410658,-0.768361004831197,064,"Y52","Q38","00","MG","ND"
"MK9 1NS",10,52.0400333410658,-0.768361004831197,064,"Y52","Q38","00","MG","ND"
"MK9 1SH",10,52.0385647364838,-0.762919489949637,064,"Y52","Q38","00","MG","ND"
"MK9 1WY",10,52.0303889836085,-0.69027546953929,064,"Y52","Q38","00","MG","NX"
"MK9 1XJ",10,52.0303889836085,-0.69027546953929,064,"Y52","Q38","00","MG","NX"
"MK9 1YA",10,52.0380086277229,-0.767337778228383,064,"Y52","Q38","00","MG","ND"
"MK9 1YW",10,52.0303889836085,-0.69027546953929,064,"Y52","Q38","00","MG","NX"
"MK9 1YY",10,52.0303889836085,-0.69027546953929,064,"Y52","Q38","00","MG","NX"
"MK9 1ZP",10,52.0303889836085,-0.69027546953929,064,"Y52","Q38","00","MG","NX"
"MK9 1ZY",10,52.0303889836085,-0.69027546953929,064,"Y52","Q38","00","MG","NX"
"MK9 2AD",10,52.0415560387687,-0.761801707786276,064,"Y52","Q38","00","MG","ND"
"MK9 2AE",10,52.0401597453571,-0.764974978826447,064,"Y52","Q38","00","MG","ND"
"MK9 2AF",10,52.0407450109048,-0.763340452440633,064,"Y52","Q38","00","MG","ND"
"MK9 2AH",10,52.0419587691615,-0.763336119495154,064,"Y52","Q38","00","MG","ND"
"MK9 2AJ",10,52.0410456798757,-0.766291947815955,064,"Y52","Q38","00","MG","ND"
"MK9 2AS",10,52.0303889836085,-0.69027546953929,064,"Y52","Q38","00","MG","NX"
"MK9 2AT",10,52.0303889836085,-0.69027546953929,064,"Y52","Q38","00","MG","NX"
"MK9 2AY",10,52.0303889836085,-0.69027546953929,064,"Y52","Q38","00","MG","NX"
"MK9 2AZ",10,52.0391145247396,-0.767336521683674,064,"Y52","Q38","00","MG","ND"
"MK9 2BE",10,52.037991738202,-0.758022091658954,064,"Y52","Q38","00","MG","ND"
"MK9 2BF",10,52.0303889836085,-0.69027546953929,064,"Y52","Q38","00","MG","NX"
"MK9 2BG",10,52.0303889836085,-0.69027546953929,064,"Y52","Q38","00","MG","NX"
"MK9 2BH",10,52.0303889836085,-0.69027546953929,064,"Y52","Q38","00","MG","NX"
"MK9 2BN",10,52.037366200434,-0.762660989026406,064,"Y52","Q38","00","MG","ND"
"MK9 2BP",10,52.0303889836085,-0.69027546953929,064,"Y52","Q38","00","MG","NX"
"MK9 2BQ",10,52.0379559970898,-0.764029735825962,064,"Y52","Q38","00","MG","ND"
"MK9 2BS",10,52.0371006753857,-0.763061951444757,064,"Y52","Q38","00","MG","ND"
"MK9 2BU",10,52.0371006753857,-0.763061951444757,064,"Y52","Q38","00","MG","ND"
"MK9 2BX",10,52.037366200434,-0.762660989026406,064,"Y52","Q38","00","MG","ND"
"MK9 2DA",10,52.0375556086856,-0.763574244954291,064,"Y52","Q38","00","MG","ND"
"MK9 2DB",10,52.0375556086856,-0.763574244954291,064,"Y52","Q38","00","MG","ND"
"MK9 2DF",10,52.0392098291265,-0.760991748118372,064,"Y52","Q38","00","MG","ND"
"MK9 2DG",10,52.0369479362101,-0.761360432087589,064,"Y52","Q38","00","MG","ND"
"MK9 2DH",10,52.0430022039097,-0.763380228830606,064,"Y52","Q38","00","MG","ND"
"MK9 2DJ",10,52.0424728298825,-0.764342584051436,064,"Y52","Q38","00","MG","ND"
"MK9 2DN",10,52.0423114632657,-0.76353051596421,064,"Y52","Q38","00","MG","ND"
"MK9 2DP",10,52.0427732427015,-0.763838552590185,064,"Y52","Q38","00","MG","ND"
"MK9 2DS",10,52.0414544363168,-0.766688945989916,064,"Y52","Q38","00","MG","ND"
"MK9 2DT",10,52.0412066927549,-0.765354375581438,064,"Y52","Q38","00","MG","ND"
"MK9 2DU",10,52.0392674353351,-0.764766292965738,064,"Y52","Q38","00","MG","ND"
"MK9 2EA",10,52.0392098291265,-0.760991748118372,064,"Y52","Q38","00","MG","ND"
"MK9 2EB",10,52.0386779165264,-0.760000467776507,064,"Y52","Q38","00","MG","ND"
"MK9 2EH",10,52.0392098291265,-0.760991748118372,064,"Y52","Q38","00","MG","ND"
"MK9 2EL",10,52.0366282812041,-0.76088816438669,064,"Y52","Q38","00","MG","ND"
"MK9 2ES",10,52.0411119247917,-0.761464051487832,064,"Y52","Q38","00","MG","ND"
"MK9 2EZ",10,52.0303889836085,-0.69027546953929,064,"Y52","Q38","00","MG","NX"
"MK9 2FB",10,52.0380338006619,-0.762875827269459,064,"Y52","Q38","00","MG","ND"
"MK9 2FD",10,52.0364097976094,-0.760631786753973,064,"Y52","Q38","00","MG","ND"
"MK9 2FE",10,52.0360372818449,-0.760263042425279,064,"Y52","Q38","00","MG","ND"
"MK9 2FG",10,52.0362020408627,-0.761395622967583,064,"Y52","Q38","00","MG","ND"
"MK9 2FH",10,52.0362020408627,-0.761395622967583,064,"Y52","Q38","00","MG","ND"
"MK9 2FJ",10,52.0362020408627,-0.761395622967583,064,"Y52","Q38","00","MG","ND"
"MK9 2FL",10,52.0362020408627,-0.761395622967583,064,"Y52","Q38","00","MG","ND"
"MK9 2FN",10,52.0362020408627,-0.761395622967583,064,"Y52","Q38","00","MG","ND"
"MK9 2FP",10,52.0362020408627,-0.761395622967583,064,"Y52","Q38","00","MG","ND"
"MK9 2FQ",10,52.0362020408627,-0.761395622967583,064,"Y52","Q38","00","MG","ND"
"MK9 2FR",10,52.0352668740958,-0.760532182658364,064,"Y52","Q38","00","MG","ND"
"MK9 2FS",10,52.037366200434,-0.762660989026406,064,"Y52","Q38","00","MG","ND"
"MK9 2FT",10,52.0353335694549,-0.760034672673541,064,"Y52","Q38","00","MG","ND"
"MK9 2FW",10,52.0362020408627,-0.761395622967583,064,"Y52","Q38","00","MG","ND"
"MK9 2FX",50,52.0353335694549,-0.760034672673541,064,"Y52","Q38","00","MG","ND"
"MK9 2FY",30,52.0354295874511,-0.760615153967685,064,"Y52","Q38","00","MG","ND"
"MK9 2FZ",10,52.037366200434,-0.762660989026406,064,"Y52","Q38","00","MG","ND"
"MK9 2GA",10,52.0375698758334,-0.762363783717049,064,"Y52","Q38","00","MG","ND"
"MK9 2GD",10,52.0375698758334,-0.762363783717049,064,"Y52","Q38","00","MG","ND"
"MK9 2HG",10,52.0419586162033,-0.763321543159808,064,"Y52","Q38","00","MG","ND"
"MK9 2HP",10,52.0392674353351,-0.764766292965738,064,"Y52","Q38","00","MG","ND"
"MK9 2HQ",10,52.0391949562104,-0.759577932175945,064,"Y52","Q38","00","MG","ND"
"MK9 2HR",10,52.0395395091389,-0.76413186426481,064,"Y52","Q38","00","MG","ND"
"MK9 2HS",10,52.0377416654817,-0.759034985336996,064,"Y52","Q38","00","MG","ND"
"MK9 2JA",10,52.0374783887912,-0.75879442997622,064,"Y52","Q38","00","MG","ND"
"MK9 2JB",10,52.0396766550202,-0.765206988461555,064,"Y52","Q38","00","MG","ND"
"MK9 2JE",10,52.0391079062842,-0.764129186143874,064,"Y52","Q38","00","MG","ND"
"MK9 2JF",10,52.0303889836085,-0.69027546953929,064,"Y52","Q38","00","MG","NX"
"MK9 2JG",10,52.0303889836085,-0.69027546953929,064,"Y52","Q38","00","MG","NX"
"MK9 2JH",10,52.0370907800195,-0.760408851217199,064,"Y52","Q38","00","MG","ND"
"MK9 2JS",10,52.0383543018205,-0.766861731163508,064,"Y52","Q38","00","MG","ND"
"MK9 2JT",10,52.0303889836085,-0.69027546953929,064,"Y52","Q38","00","MG","NX"
"MK9 2JX",10,52.0414530260855,-0.764837275457167,064,"Y52","Q38","00","MG","ND"
"MK9 2LA",10,52.037991738202,-0.758022091658954,064,"Y52","Q38","00","MG","ND"
"MK9 2LD",10,52.0419586162033,-0.763321543159808,064,"Y52","Q38","00","MG","ND"
"MK9 2LP",10,52.0419586162033,-0.763321543159808,064,"Y52","Q38","00","MG","ND"
"MK9 2LY",10,52.0407450109048,-0.763340452440633,064,"Y52","Q38","00","MG","ND"
"MK9 2ND",10,52.0407450109048,-0.763340452440633,064,"Y52","Q38","00","MG","ND"
"MK9 2NL",10,52.0424076445089,-0.764985932280879,064,"Y52","Q38","00","MG","ND"
"MK9 2NS",10,52.0377416654817,-0.759034985336996,064,"Y52","Q38","00","MG","ND"
"MK9 2NW",10,52.0386777631624,-0.759985892526626,064,"Y52","Q38","00","MG","ND"
"MK9 2PG",10,52.0366208617623,-0.759328435383997,064,"Y52","Q38","00","MG","ND"
"MK9 2PN",10,52.0356786003577,-0.759500301449778,064,"Y52","Q38","00","MG","ND"
"MK9 2PQ",10,52.0368815906063,-0.760181374026558,064,"Y52","Q38","00","MG","ND"
"MK9 2PR",10,52.0366364466337,-0.759954893652469,064,"Y52","Q38","00","MG","ND"
"MK9 2PS",10,52.0362671499887,-0.759892216897324,064,"Y52","Q38","00","MG","ND"
"MK9 2PT",10,52.0372332422063,-0.758567954273514,064,"Y52","Q38","00","MG","ND"
"MK9 2PZ",10,52.0372332422063,-0.758567954273514,064,"Y52","Q38","00","MG","ND"
"MK9 2QB",10,52.0303889836085,-0.69027546953929,064,"Y52","Q38","00","MG","NX"
"MK9 2RG",10,52.0392098291265,-0.760991748118372,064,"Y52","Q38","00","MG","ND"
"MK9 2SR",10,52.0303889836085,-0.69027546953929,064,"Y52","Q38","00","MG","NX"
"MK9 2UB",10,52.0392098291265,-0.760991748118372,064,"Y52","Q38","00","MG","ND"
"MK9 2WX",10,52.0303889836085,-0.69027546953929,064,"Y52","Q38","00","MG","NX"
"MK9 2WY",10,52.0303889836085,-0.69027546953929,064,"Y52","Q38","00","MG","NX"
"MK9 2WZ",10,52.0303889836085,-0.69027546953929,064,"Y52","Q38","00","MG","NX"
"MK9 2XP",10,52.037991738202,-0.758022091658954,064,"Y52","Q38","00","MG","ND"
"MK9 2XR",10,52.0303889836085,-0.69027546953929,064,"Y52","Q38","00","MG","NX"
"MK9 2XS",10,52.037991738202,-0.758022091658954,064,"Y52","Q38","00","MG","ND"
"MK9 2XX",10,52.037991738202,-0.758022091658954,064,"Y52","Q38","00","MG","ND"
"MK9 2XZ",10,52.037991738202,-0.758022091658954,064,"Y52","Q38","00","MG","ND"
"MK9 2YH",10,52.0410456798757,-0.766291947815955,064,"Y52","Q38","00","MG","ND"
"MK9 2YN",10,52.0303889836085,-0.69027546953929,064,"Y52","Q38","00","MG","NX"
"MK9 2ZF",10,52.0303889836085,-0.69027546953929,064,"Y52","Q38","00","MG","NX"
"MK9 2ZJ",10,52.0303889836085,-0.69027546953929,064,"Y52","Q38","00","MG","NX"
"MK9 2ZQ",10,52.0303889836085,-0.69027546953929,064,"Y52","Q38","00","MG","NX"
"MK9 2ZS",10,52.0303889836085,-0.69027546953929,064,"Y52","Q38","00","MG","NX"
"MK9 2ZT",10,52.0303889836085,-0.69027546953929,064,"Y52","Q38","00","MG","NX"
"MK9 2ZU",10,52.0303889836085,-0.69027546953929,064,"Y52","Q38","00","MG","NX"
"MK9 3AB",10,52.0442558621604,-0.755209261256356,064,"Y52","Q38","00","MG","ND"
"MK9 3AD",10,52.0425950890499,-0.75801116029624,064,"Y52","Q38","00","MG","ND"
"MK9 3AE",10,52.0438734485008,-0.756459285480241,064,"Y52","Q38","00","MG","ND"
"MK9 3AF",10,52.0430221570567,-0.758436751161952,064,"Y52","Q38","00","MG","ND"
"MK9 3AG",10,52.0433986775562,-0.75747855203394,064,"Y52","Q38","00","MG","ND"
"MK9 3AH",10,52.0435623008638,-0.755943000930962,064,"Y52","Q38","00","MG","ND"
"MK9 3AJ",10,52.0443205821445,-0.753676422978034,064,"Y52","Q38","00","MG","ND"
"MK9 3AN",10,52.044733573523,-0.759585012271447,064,"Y52","Q38","00","MG","ND"
"MK9 3AP",10,52.0448623452274,-0.758152459840808,064,"Y52","Q38","00","MG","ND"
"MK9 3AQ",10,52.0446527981458,-0.754483743693947,064,"Y52","Q38","00","MG","ND"
"MK9 3AR",10,52.044073813408,-0.758407612965215,064,"Y52","Q38","00","MG","ND"
"MK9 3AT",10,52.0451357654737,-0.757649107805321,064,"Y52","Q38","00","MG","ND"
"MK9 3AU",10,52.0443740983467,-0.755337208894674,064,"Y52","Q38","00","MG","ND"
"MK9 3AW",10,52.0441875100161,-0.758958551617638,064,"Y52","Q38","00","MG","ND"
"MK9 3AX",10,52.0449617503984,-0.759053760382695,064,"Y52","Q38","00","MG","ND"
"MK9 3AY",10,52.0446250303798,-0.758669386888677,064,"Y52","Q38","00","MG","ND"
"MK9 3AZ",10,52.044426441373,-0.757741680816538,064,"Y52","Q38","00","MG","ND"
"MK9 3BA",10,52.0440438341222,-0.753013382872184,064,"Y52","Q38","00","MG","ND"
"MK9 3BB",10,52.0426130575313,-0.756304711318251,064,"Y52","Q38","00","MG","ND"
"MK9 3BD",10,52.0417159040502,-0.758195911768098,064,"Y52","Q38","00","MG","ND"
"MK9 3BE",10,52.0432072221199,-0.756375706837804,064,"Y52","Q38","00","MG","ND"
"MK9 3BG",10,52.0439984289162,-0.752970902714182,064,"Y52","Q38","00","MG","ND"
"MK9 3BH",10,52.0467441372475,-0.754994312180331,064,"Y52","Q38","00","MG","ND"
"MK9 3BJ",10,52.0449110422565,-0.759361376686545,064,"Y52","Q38","00","MG","ND"
"MK9 3BL",10,52.047209589025,-0.753946036925637,064,"Y52","Q38","00","MG","ND"
"MK9 3BN",10,52.0400743092293,-0.761973864983106,064,"Y52","Q38","00","MG","ND"
"MK9 3BP",10,52.0472061977362,-0.753625321136197,064,"Y52","Q38","00","MG","ND"
"MK9 3BQ",10,52.0427256002414,-0.755893325038607,064,"Y52","Q38","00","MG","ND"
"MK9 3BS",10,52.0469140475359,-0.754056331307415,064,"Y52","Q38","00","MG","ND"
"MK9 3BT",10,52.0464672423883,-0.754316650436912,064,"Y52","Q38","00","MG","ND"
"MK9 3BU",10,52.0461950687644,-0.754936659003386,064,"Y52","Q38","00","MG","ND"
"MK9 3BY",10,52.0401110781148,-0.752670832863786,064,"Y52","Q38","00","MG","ND"
"MK9 3BZ",10,52.0397363772738,-0.752098067485177,064,"Y52","Q38","00","MG","ND"
"MK9 3DA",10,52.0405260772844,-0.74771662600473,064,"Y52","Q38","00","MG","ND"
"MK9 3DB",10,52.0394640638819,-0.755254877390123,064,"Y52","Q38","00","MG","ND"
"MK9 3DD",10,52.0400259276784,-0.753970817476974,064,"Y52","Q38","00","MG","ND"
"MK9 3DE",10,52.0389598393108,-0.754335787434901,064,"Y52","Q38","00","MG","ND"
"MK9 3DF",10,52.0393848153305,-0.753711626972875,064,"Y52","Q38","00","MG","ND"
"MK9 3DG",10,52.0396039776394,-0.753180659564452,064,"Y52","Q38","00","MG","ND"
"MK9 3DJ",10,52.0422576723941,-0.758414189600735,064,"Y52","Q38","00","MG","ND"
"MK9 3DP",10,52.0448952268249,-0.757859918162344,064,"Y52","Q38","00","MG","ND"
"MK9 3DQ",10,52.0385744118043,-0.754448555996926,064,"Y52","Q38","00","MG","ND"
"MK9 3DR",10,52.0401466670106,-0.756037817406779,064,"Y52","Q38","00","MG","ND"
"MK9 3DX",10,52.0407731846613,-0.758324095209053,064,"Y52","Q38","00","MG","ND"
"MK9 3DZ",10,52.0479502296108,-0.755966991375363,064,"Y52","Q38","00","MG","NC"
"MK9 3EA",10,52.0445051866375,-0.757535358253838,064,"Y52","Q38","00","MG","ND"
"MK9 3EE",10,52.0448623452274,-0.758152459840808,064,"Y52","Q38","00","MG","ND"
"MK9 3EH",10,52.0447533297989,-0.757193103858166,064,"Y52","Q38","00","MG","ND"
"MK9 3EJ",10,52.0435512879967,-0.760871712162347,064,"Y52","Q38","00","MG","ND"
"MK9 3EL",10,52.0448623452274,-0.758152459840808,064,"Y52","Q38","00","MG","ND"
"MK9 3EP",10,52.0448469362254,-0.752436936036819,064,"Y52","Q38","00","MG","ND"
"MK9 3ER",10,52.0435512879967,-0.760871712162347,064,"Y52","Q38","00","MG","ND"
"MK9 3ES",10,52.0425950890499,-0.75801116029624,064,"Y52","Q38","00","MG","ND"
"MK9 3EY",10,52.0463316927063,-0.753401753380844,064,"Y52","Q38","00","MG","ND"
"MK9 3FS",10,52.0460208293547,-0.741074114444072,064,"Y52","Q38","00","MG","NM"
"MK9 3FT",10,52.0454363429174,-0.742752852128434,064,"Y52","Q38","00","MG","NM"
"MK9 3FX",10,52.0456473997715,-0.74230947655166,064,"Y52","Q38","00","MG","NM"
"MK9 3FY",10,52.0458632409492,-0.741472252295726,064,"Y52","Q38","00","MG","NM"
"MK9 3FZ",10,52.0461183419923,-0.741785889697619,064,"Y52","Q38","00","MG","NM"
"MK9 3GA",10,52.0411494683122,-0.7564911320309,064,"Y52","Q38","00","MG","ND"
"MK9 3GB",10,52.0409862206662,-0.757210093926318,064,"Y52","Q38","00","MG","ND"
"MK9 3HE",10,52.0303889836085,-0.69027546953929,064,"Y52","Q38","00","MG","NX"
"MK9 3HF",10,52.0303889836085,-0.69027546953929,064,"Y52","Q38","00","MG","NX"
"MK9 3HG",10,52.0303889836085,-0.69027546953929,064,"Y52","Q38","00","MG","NX"
"MK9 3HH",10,52.0303889836085,-0.69027546953929,064,"Y52","Q38","00","MG","NX"
"MK9 3HL",10,52.0437343136341,-0.75946686176017,064,"Y52","Q38","00","MG","ND"
"MK9 3HN",10,52.0303889836085,-0.69027546953929,064,"Y52","Q38","00","MG","NX"
"MK9 3HP",10,52.0396089368657,-0.763036465415167,064,"Y52","Q38","00","MG","ND"
"MK9 3HQ",10,52.0303889836085,-0.69027546953929,064,"Y52","Q38","00","MG","NX"
"MK9 3HR",10,52.0403842785711,-0.755550080246528,064,"Y52","Q38","00","MG","ND"
"MK9 3HS",10,52.0389729282696,-0.755574689286646,064,"Y52","Q38","00","MG","ND"
"MK9 3HW",10,52.0303889836085,-0.69027546953929,064,"Y52","Q38","00","MG","NX"
"MK9 3HX",10,52.041865175726,-0.757856423146841,064,"Y52","Q38","00","MG","ND"
"MK9 3JT",10,52.0426741294612,-0.750179079224178,064,"Y52","Q38","00","MG","ND"
"MK9 3JZ",10,52.0467326675267,-0.752209445300326,064,"Y52","Q38","00","MG","ND"
"MK9 3LF",10,52.0435563663799,-0.751131406148367,064,"Y52","Q38","00","MG","ND"
"MK9 3LJ",10,52.0449719744621,-0.757464088937188,064,"Y52","Q38","00","MG","ND"
"MK9 3LQ",10,52.039908990006,-0.77109085987632,064,"Y52","Q38","00","MG","ND"
"MK9 3LR",10,52.0465249671306,-0.752973496462732,064,"Y52","Q38","00","MG","ND"
"MK9 3LZ",10,52.0396219821982,-0.770296841473689,064,"Y52","Q38","00","MG","ND"
"MK9 3NB",10,52.0413534983477,-0.755377362576069,064,"Y52","Q38","00","MG","ND"
"MK9 3NE",10,52.0422531567274,-0.752027984300826,064,"Y52","Q38","00","MG","ND"
"MK9 3NJ",10,52.0431857989899,-0.751797877382221,064,"Y52","Q38","00","MG","ND"
"MK9 3NP",10,52.0476756871025,-0.752110270380113,064,"Y52","Q38","00","MG","ND"
"MK9 3NR",10,52.0473249429202,-0.752951231332429,064,"Y52","Q38","00","MG","ND"
"MK9 3NS",10,52.0477359451929,-0.752706472588433,064,"Y52","Q38","00","MG","ND"
"MK9 3NT",10,52.0429150269917,-0.752549044551474,064,"Y52","Q38","00","MG","ND"
"MK9 3NX",10,52.0469874317706,-0.752493994512329,064,"Y52","Q38","00","MG","ND"
"MK9 3NZ",10,52.0439719089519,-0.748772246972536,064,"Y52","Q38","00","MG","ND"
"MK9 3PA",10,52.0427578163208,-0.75383653391833,064,"Y52","Q38","00","MG","ND"
"MK9 3PD",10,52.042112083195,-0.759103512036944,064,"Y52","Q38","00","MG","ND"
"MK9 3PE",10,52.0362902807292,-0.759527109030647,064,"Y52","Q38","00","MG","ND"
"MK9 3PH",10,52.0303889836085,-0.69027546953929,064,"Y52","Q38","00","MG","NX"
"MK9 3PL",10,52.0401900865847,-0.770456213260457,064,"Y52","Q38","00","MG","ND"
"MK9 3PT",10,52.0435732874688,-0.750183163133897,064,"Y52","Q38","00","MG","ND"
"MK9 3PU",10,52.0438156865346,-0.749301531606122,064,"Y52","Q38","00","MG","ND"
"MK9 3PW",10,52.0438097704504,-0.750439028529614,064,"Y52","Q38","00","MG","ND"
"MK9 3PX",10,52.0443208978994,-0.749462406637114,064,"Y52","Q38","00","MG","ND"
"MK9 3PY",10,52.0433549355319,-0.749941375649693,064,"Y52","Q38","00","MG","ND"
"MK9 3QA",10,52.0443208978994,-0.749462406637114,064,"Y52","Q38","00","MG","ND"
"MK9 3WB",10,52.0303889836085,-0.69027546953929,064,"Y52","Q38","00","MG","NX"
"MK9 3WJ",10,52.0303889836085,-0.69027546953929,064,"Y52","Q38","00","MG","NX"
"MK9 3WZ",10,52.0303889836085,-0.69027546953929,064,"Y52","Q38","00","MG","NX"
"MK9 3XA",10,52.0414266203216,-0.748697509361723,064,"Y52","Q38","00","MG","ND"
"MK9 3XH",10,52.0303889836085,-0.69027546953929,064,"Y52","Q38","00","MG","NX"
"MK9 3XJ",10,52.0469996980872,-0.751954111129558,064,"Y52","Q38","00","MG","ND"
"MK9 3XL",10,52.0471216769526,-0.751586157099855,064,"Y52","Q38","00","MG","ND"
"MK9 3XS",10,52.0414266203216,-0.748697509361723,064,"Y52","Q38","00","MG","ND"
"MK9 3ZE",10,52.0303889836085,-0.69027546953929,064,"Y52","Q38","00","MG","NX"
"MK9 3ZG",10,52.0303889836085,-0.69027546953929,064,"Y52","Q38","00","MG","NX"
"MK9 3ZJ",10,52.0303889836085,-0.69027546953929,064,"Y52","Q38","00","MG","NX"
"MK9 4AB",10,52.0429912194558,-0.744483679040655,064,"Y52","Q38","00","MG","NM"
"MK9 4AD",10,52.0498939274255,-0.736677827616625,064,"Y52","Q38","00","MG","NM"
"MK9 4AE",10,52.0485744601799,-0.749533259847003,064,"Y52","Q38","00","MG","NM"
"MK9 4AF",10,52.0432462366414,-0.742260221671416,064,"Y52","Q38","00","MG","NM"
"MK9 4AG",10,52.0435964754652,-0.74222122900278,064,"Y52","Q38","00","MG","NM"
"MK9 4AH",10,52.0430680532694,-0.743256727075025,064,"Y52","Q38","00","MG","NM"
"MK9 4AJ",10,52.0438610989116,-0.745115460500818,064,"Y52","Q38","00","MG","NM"
"MK9 4AN",10,52.0508577604738,-0.739363176532357,064,"Y52","Q38","00","MG","NM"
"MK9 4AP",10,52.0449059897788,-0.741922003384273,064,"Y52","Q38","00","MG","NM"
"MK9 4AQ",10,52.04528653459,-0.740511478544005,064,"Y52","Q38","00","MG","NM"
"MK9 4AS",10,52.0436703690003,-0.741563003495148,064,"Y52","Q38","00","MG","NM"
"MK9 4AT",50,52.0436703690003,-0.741563003495148,064,"Y52","Q38","00","MG","NM"
"MK9 4AU",50,52.0436703690003,-0.741563003495148,064,"Y52","Q38","00","MG","NM"
"MK9 4AW",50,52.0478863775886,-0.740642550207273,064,"Y52","Q38","00","MG","NM"
"MK9 4ZD",10,52.0303889836085,-0.69027546953929,064,"Y52","Q38","00","MG","NX"
